date,volume,open,close,high,low,adjclose
2018-11-16,1524220,9.920000076293945,9.779999732971191,9.920000076293945,9.68340015411377,9.779999732971191
2018-11-15,1920400,9.579999923706055,9.649999618530273,9.720000267028809,9.550000190734863,9.649999618530273
2018-11-14,2821800,9.40999984741211,9.460000038146973,9.65999984741211,9.300000190734863,9.460000038146973
2018-11-13,2926500,9.390000343322754,9.3100004196167,9.489999771118164,9.170000076293945,9.3100004196167
2018-11-12,2914900,9.430000305175781,9.460000038146973,9.609999656677246,9.40999984741211,9.460000038146973
2018-11-09,5097500,9.699999809265137,9.579999923706055,9.720000267028809,9.4399995803833,9.579999923706055
2018-11-08,2876900,9.970000267028809,9.9399995803833,10.029999732971191,9.850000381469727,9.9399995803833
2018-11-07,2972000,9.949999809265137,9.979999542236328,10.09000015258789,9.899999618530273,9.979999542236328
2018-11-06,4221900,10.260000228881836,9.880000114440918,10.279999732971191,9.800000190734863,9.880000114440918
2018-11-05,5042100,10.239999771118164,10.430000305175781,10.470000267028809,10.079999923706055,10.430000305175781
2018-11-02,3122500,9.75,9.970000267028809,9.989999771118164,9.710000038146973,9.970000267028809
2018-11-01,4058800,9.579999923706055,9.859999656677246,9.859999656677246,9.569999694824219,9.859999656677246
2018-10-31,3671700,9.710000038146973,9.40999984741211,9.75,9.34000015258789,9.40999984741211
2018-10-30,1708800,9.600000381469727,9.829999923706055,9.850000381469727,9.600000381469727,9.829999923706055
2018-10-29,2421300,9.770000457763672,9.600000381469727,9.800000190734863,9.59000015258789,9.600000381469727
2018-10-26,4383800,9.9399995803833,9.729999542236328,10.010000228881836,9.670000076293945,9.729999542236328
2018-10-25,6691800,10.069999694824219,9.65999984741211,10.140000343322754,9.619999885559082,9.65999984741211
2018-10-24,2739000,9.930000305175781,9.800000190734863,10.020000457763672,9.779999732971191,9.800000190734863
2018-10-23,3104100,10.229999542236328,9.979999542236328,10.289999961853027,9.859999656677246,9.979999542236328
2018-10-22,1862900,9.770000457763672,9.760000228881836,9.90999984741211,9.630000114440918,9.760000228881836
2018-10-19,2526800,9.890000343322754,9.789999961853027,9.930000305175781,9.6899995803833,9.789999961853027
2018-10-18,3762700,9.819999694824219,9.8100004196167,10.020000457763672,9.739999771118164,9.8100004196167
2018-10-17,3581700,9.8100004196167,9.5600004196167,9.869999885559082,9.479999542236328,9.5600004196167
2018-10-16,3199800,9.949999809265137,9.829999923706055,10.039999961853027,9.720000267028809,9.829999923706055
2018-10-15,5498100,10.020000457763672,9.899999618530273,10.260000228881836,9.760000228881836,9.899999618530273
2018-10-12,4058200,9.75,9.699999809265137,9.75,9.369999885559082,9.699999809265137
2018-10-11,8948900,9.079999923706055,9.680000305175781,9.739999771118164,9.039999961853027,9.680000305175781
2018-10-10,2936200,8.569999694824219,8.819999694824219,8.859999656677246,8.479999542236328,8.819999694824219
2018-10-09,1709200,8.420000076293945,8.489999771118164,8.5600004196167,8.380000114440918,8.489999771118164
2018-10-08,2017300,8.210000038146973,8.449999809265137,8.479999542236328,8.1899995803833,8.449999809265137
2018-10-05,1617900,8.479999542236328,8.489999771118164,8.569999694824219,8.4399995803833,8.489999771118164
2018-10-04,3165700,8.520000457763672,8.420000076293945,8.609999656677246,8.399999618530273,8.420000076293945
2018-10-03,1987600,8.819999694824219,8.59000015258789,8.869999885559082,8.569999694824219,8.59000015258789
2018-10-02,3545400,8.630000114440918,8.850000381469727,8.869999885559082,8.630000114440918,8.850000381469727
2018-10-01,1907300,8.649999618530273,8.550000190734863,8.680000305175781,8.510000228881836,8.550000190734863
2018-09-28,2515100,8.640000343322754,8.579999923706055,8.770000457763672,8.5600004196167,8.579999923706055
2018-09-27,2965500,8.710000038146973,8.619999885559082,8.720000267028809,8.5600004196167,8.619999885559082
2018-09-26,3293300,8.770000457763672,8.739999771118164,8.949999809265137,8.720000267028809,8.739999771118164
2018-09-25,3011700,8.720000267028809,8.890000343322754,8.989999771118164,8.720000267028809,8.890000343322754
2018-09-24,2755800,8.890000343322754,8.859999656677246,8.989999771118164,8.84000015258789,8.859999656677246
2018-09-21,8791500,8.720000267028809,8.8100004196167,8.829999923706055,8.619999885559082,8.8100004196167
2018-09-20,3499200,8.65999984741211,8.739999771118164,8.819999694824219,8.649999618530273,8.739999771118164
2018-09-19,3572300,8.550000190734863,8.720000267028809,8.779999732971191,8.489999771118164,8.720000267028809
2018-09-18,3644600,8.270000457763672,8.460000038146973,8.5600004196167,8.229999542236328,8.460000038146973
2018-09-17,4053500,8.050000190734863,8.34000015258789,8.390000343322754,7.980000019073486,8.34000015258789
2018-09-14,2367800,7.989999771118164,8.039999961853027,8.119999885559082,7.909999847412109,8.039999961853027
2018-09-13,2664700,8.069999694824219,8.010000228881836,8.130000114440918,7.920000076293945,8.010000228881836
2018-09-12,3606800,7.710000038146973,8.010000228881836,8.079999923706055,7.679999828338623,8.010000228881836
2018-09-11,2540100,7.619999885559082,7.78000020980835,7.860000133514404,7.590000152587891,7.78000020980835
2018-09-10,2450900,7.849999904632568,7.800000190734863,7.880000114440918,7.789999961853027,7.800000190734863
2018-09-07,2512400,7.800000190734863,7.829999923706055,7.880000114440918,7.710000038146973,7.829999923706055
2018-09-06,2874900,7.670000076293945,7.760000228881836,7.809999942779541,7.650000095367432,7.760000228881836
2018-09-05,2475700,7.710000038146973,7.659999847412109,7.739999771118164,7.579999923706055,7.659999847412109
2018-09-04,2755300,7.75,7.769999980926514,7.840000152587891,7.690000057220459,7.769999980926514
2018-08-31,1959800,7.96999979019165,7.909999847412109,8.09000015258789,7.820000171661377,7.909999847412109
2018-08-30,2559300,7.849999904632568,7.849999904632568,7.900000095367432,7.78000020980835,7.849999904632568
2018-08-29,2135000,7.909999847412109,7.960000038146973,8.0600004196167,7.860000133514404,7.960000038146973
2018-08-28,2870700,8.130000114440918,7.860000133514404,8.170000076293945,7.730000019073486,7.860000133514404
2018-08-27,2142800,7.889999866485596,8.020000457763672,8.0600004196167,7.860000133514404,8.020000457763672
2018-08-24,3736100,7.739999771118164,7.820000171661377,7.929999828338623,7.659999847412109,7.820000171661377
2018-08-23,2956800,7.670000076293945,7.630000114440918,7.679999828338623,7.599999904632568,7.630000114440918
2018-08-22,2481600,7.599999904632568,7.710000038146973,7.710000038146973,7.559999942779541,7.710000038146973
2018-08-21,2967200,7.449999809265137,7.539999961853027,7.590000152587891,7.429999828338623,7.539999961853027
2018-08-20,3299900,7.420000076293945,7.349999904632568,7.5,7.21999979019165,7.349999904632568
2018-08-17,7502000,7.21999979019165,7.239999771118164,7.46999979019165,7.079999923706055,7.239999771118164
2018-08-16,4685800,7.519999980926514,7.159999847412109,7.599999904632568,7.110000133514404,7.159999847412109
2018-08-15,7934800,7.900000095367432,7.489999771118164,7.940000057220459,7.420000076293945,7.489999771118164
2018-08-14,2057600,8.289999961853027,8.1899995803833,8.390000343322754,8.180000305175781,8.1899995803833
2018-08-13,3443100,8.520000457763672,8.3100004196167,8.539999961853027,8.25,8.3100004196167
2018-08-10,1790800,8.479999542236328,8.550000190734863,8.630000114440918,8.470000267028809,8.550000190734863
2018-08-09,1685500,8.529999732971191,8.569999694824219,8.729999542236328,8.529999732971191,8.569999694824219
2018-08-08,1354100,8.569999694824219,8.529999732971191,8.600000381469727,8.390000343322754,8.529999732971191
2018-08-07,1254700,8.609999656677246,8.479999542236328,8.640000343322754,8.479999542236328,8.479999542236328
2018-08-06,1889100,8.59000015258789,8.479999542236328,8.630000114440918,8.479999542236328,8.479999542236328
2018-08-03,1692200,8.760000228881836,8.75,8.850000381469727,8.6899995803833,8.75
2018-08-02,1954100,8.760000228881836,8.779999732971191,8.850000381469727,8.680000305175781,8.779999732971191
2018-08-01,1718500,8.800000190734863,8.670000076293945,8.800000190734863,8.619999885559082,8.670000076293945
2018-07-31,2247400,8.739999771118164,8.890000343322754,8.949999809265137,8.710000038146973,8.890000343322754
2018-07-30,2518000,8.630000114440918,8.6899995803833,8.770000457763672,8.609999656677246,8.6899995803833
2018-07-27,1499100,8.420000076293945,8.5,8.5600004196167,8.399999618530273,8.5
2018-07-26,4353600,8.380000114440918,8.369999885559082,8.5600004196167,8.3100004196167,8.369999885559082
2018-07-25,3497800,8.300000190734863,8.319999694824219,8.350000381469727,8.229999542236328,8.319999694824219
2018-07-24,4209300,8.069999694824219,8.229999542236328,8.289999961853027,8.020000457763672,8.229999542236328
2018-07-23,3626000,7.980000019073486,7.96999979019165,8.0600004196167,7.929999828338623,7.96999979019165
2018-07-20,5464100,8.069999694824219,8.079999923706055,8.15999984741211,7.96999979019165,8.079999923706055
2018-07-19,4959900,8.0,8.109999656677246,8.25,7.980000019073486,8.109999656677246
2018-07-18,5309400,8.3100004196167,8.300000190734863,8.369999885559082,8.210000038146973,8.300000190734863
2018-07-17,4502600,8.470000267028809,8.470000267028809,8.569999694824219,8.380000114440918,8.470000267028809
2018-07-16,3229500,8.460000038146973,8.5600004196167,8.569999694824219,8.319999694824219,8.5600004196167
2018-07-13,1920000,8.5,8.5,8.600000381469727,8.460000038146973,8.5
2018-07-12,1480100,8.640000343322754,8.59000015258789,8.800000190734863,8.579999923706055,8.59000015258789
2018-07-11,2217900,8.670000076293945,8.619999885559082,8.779999732971191,8.609999656677246,8.619999885559082
2018-07-10,1730600,8.729999542236328,8.859999656677246,8.890000343322754,8.720000267028809,8.859999656677246
2018-07-09,1911100,8.930000305175781,8.729999542236328,8.9399995803833,8.720000267028809,8.729999542236328
2018-07-06,3827000,8.5600004196167,8.710000038146973,8.800000190734863,8.449999809265137,8.710000038146973
2018-07-05,3203400,8.720000267028809,8.510000228881836,8.729999542236328,8.470000267028809,8.510000228881836
2018-07-03,1836900,8.350000381469727,8.289999961853027,8.510000228881836,8.270000457763672,8.289999961853027
2018-07-02,1892700,8.149999618530273,8.220000267028809,8.270000457763672,8.140000343322754,8.220000267028809
2018-06-29,3445900,7.949999809265137,8.210000038146973,8.270000457763672,7.940000057220459,8.210000038146973
2018-06-28,3851200,7.920000076293945,7.860000133514404,7.940000057220459,7.809999942779541,7.860000133514404
2018-06-27,4647300,7.96999979019165,7.96999979019165,8.100000381469727,7.900000095367432,7.96999979019165
2018-06-26,2344600,8.119999885559082,8.180000305175781,8.220000267028809,8.020000457763672,8.180000305175781
2018-06-25,2235200,8.239999771118164,8.229999542236328,8.300000190734863,8.170000076293945,8.229999542236328
2018-06-22,2460300,8.279999732971191,8.260000228881836,8.369999885559082,8.229999542236328,8.260000228881836
2018-06-21,2193100,8.180000305175781,8.229999542236328,8.279999732971191,8.149999618530273,8.229999542236328
2018-06-20,4471000,8.119999885559082,8.220000267028809,8.260000228881836,8.109999656677246,8.220000267028809
2018-06-19,3893900,8.029999732971191,8.100000381469727,8.140000343322754,8.0,8.100000381469727
2018-06-18,5842700,8.119999885559082,8.119999885559082,8.300000190734863,8.109999656677246,8.119999885559082
2018-06-15,45859100,8.4399995803833,8.149999618530273,8.479999542236328,7.900000095367432,8.149999618530273
2018-06-14,9870700,8.6899995803833,8.680000305175781,8.829999923706055,8.65999984741211,8.680000305175781
2018-06-13,9584100,8.5600004196167,8.640000343322754,8.680000305175781,8.470000267028809,8.640000343322754
2018-06-12,6557700,8.5,8.579999923706055,8.630000114440918,8.489999771118164,8.579999923706055
2018-06-11,11983800,8.25,8.579999923706055,8.699999809265137,8.130000114440918,8.579999923706055
2018-06-08,3110600,8.569999694824219,8.649999618530273,8.680000305175781,8.5,8.649999618530273
2018-06-07,4275300,8.59000015258789,8.579999923706055,8.619999885559082,8.529999732971191,8.579999923706055
2018-06-06,3885900,8.710000038146973,8.640000343322754,8.829999923706055,8.609999656677246,8.640000343322754
2018-06-05,4325200,8.569999694824219,8.770000457763672,8.890000343322754,8.479999542236328,8.770000457763672
2018-06-04,3267600,8.699999809265137,8.680000305175781,8.729999542236328,8.630000114440918,8.680000305175781
2018-06-01,2856800,8.5600004196167,8.699999809265137,8.75,8.529999732971191,8.699999809265137
2018-05-31,2566000,8.579999923706055,8.619999885559082,8.699999809265137,8.510000228881836,8.619999885559082
2018-05-30,2708500,8.510000228881836,8.59000015258789,8.640000343322754,8.4399995803833,8.59000015258789
2018-05-29,2483900,8.369999885559082,8.460000038146973,8.569999694824219,8.369999885559082,8.460000038146973
2018-05-25,3139800,8.3100004196167,8.449999809265137,8.510000228881836,8.260000228881836,8.449999809265137
2018-05-24,4449200,8.239999771118164,8.510000228881836,8.539999961853027,8.199999809265137,8.510000228881836
2018-05-23,3794800,8.100000381469727,8.289999961853027,8.300000190734863,8.020000457763672,8.289999961853027
2018-05-22,3529800,8.270000457763672,8.229999542236328,8.289999961853027,8.149999618530273,8.229999542236328
2018-05-21,2442700,8.140000343322754,8.270000457763672,8.289999961853027,8.09000015258789,8.270000457763672
2018-05-18,2821300,8.210000038146973,8.229999542236328,8.289999961853027,8.109999656677246,8.229999542236328
2018-05-17,5212000,8.470000267028809,8.3100004196167,8.470000267028809,8.199999809265137,8.3100004196167
2018-05-16,3580100,8.630000114440918,8.520000457763672,8.640000343322754,8.449999809265137,8.520000457763672
2018-05-15,3553300,8.65999984741211,8.640000343322754,8.6899995803833,8.550000190734863,8.640000343322754
2018-05-14,1574700,9.029999732971191,8.960000038146973,9.069999694824219,8.899999618530273,8.960000038146973
2018-05-11,2394300,9.0600004196167,9.020000457763672,9.170000076293945,9.010000228881836,9.020000457763672
2018-05-10,2227800,8.960000038146973,8.970000267028809,9.039999961853027,8.890000343322754,8.970000267028809
2018-05-09,2748000,8.90999984741211,8.899999618530273,9.069999694824219,8.859999656677246,8.899999618530273
2018-05-08,3966600,8.75,8.8100004196167,8.859999656677246,8.640000343322754,8.8100004196167
2018-05-07,4174800,8.859999656677246,8.5600004196167,8.880000114440918,8.5,8.5600004196167
2018-05-04,4227900,8.819999694824219,8.899999618530273,8.930000305175781,8.739999771118164,8.899999618530273
2018-05-03,5828000,9.270000457763672,8.899999618530273,9.289999961853027,8.880000114440918,8.899999618530273
2018-05-02,5078400,9.140000343322754,9.15999984741211,9.380000114440918,9.100000381469727,9.15999984741211
2018-05-01,2432400,8.989999771118164,9.029999732971191,9.0600004196167,8.890000343322754,9.029999732971191
2018-04-30,2838000,8.979999542236328,8.979999542236328,9.09000015258789,8.9399995803833,8.979999542236328
2018-04-27,1516700,9.100000381469727,9.130000114440918,9.15999984741211,9.09000015258789,9.130000114440918
2018-04-26,1717100,9.15999984741211,9.079999923706055,9.180000305175781,9.020000457763672,9.079999923706055
2018-04-25,2135800,8.949999809265137,9.010000228881836,9.0600004196167,8.90999984741211,9.010000228881836
2018-04-24,2360500,9.109999656677246,9.119999885559082,9.180000305175781,9.039999961853027,9.119999885559082
2018-04-23,2091700,9.050000190734863,9.050000190734863,9.119999885559082,8.930000305175781,9.050000190734863
2018-04-20,2639800,9.180000305175781,9.15999984741211,9.220000267028809,9.050000190734863,9.15999984741211
2018-04-19,2981000,9.390000343322754,9.220000267028809,9.449999809265137,9.130000114440918,9.220000267028809
2018-04-18,4180200,9.210000038146973,9.15999984741211,9.4399995803833,9.119999885559082,9.15999984741211
2018-04-17,3631200,8.970000267028809,9.039999961853027,9.149999618530273,8.890000343322754,9.039999961853027
2018-04-16,2799900,9.300000190734863,9.170000076293945,9.369999885559082,9.050000190734863,9.170000076293945
2018-04-13,2447300,9.329999923706055,9.359999656677246,9.449999809265137,9.300000190734863,9.359999656677246
2018-04-12,2804600,9.359999656677246,9.1899995803833,9.399999618530273,9.180000305175781,9.1899995803833
2018-04-11,5242300,9.569999694824219,9.470000267028809,9.760000228881836,9.390000343322754,9.470000267028809
2018-04-10,2356300,9.3100004196167,9.220000267028809,9.34000015258789,9.220000267028809,9.220000267028809
2018-04-09,1707400,9.350000381469727,9.25,9.369999885559082,9.210000038146973,9.25
2018-04-06,1924800,9.34000015258789,9.289999961853027,9.399999618530273,9.25,9.289999961853027
2018-04-05,3083500,9.149999618530273,9.260000228881836,9.279999732971191,9.130000114440918,9.260000228881836
2018-04-04,2217500,9.489999771118164,9.329999923706055,9.520000457763672,9.300000190734863,9.329999923706055
2018-04-03,2204400,9.600000381469727,9.489999771118164,9.649999618530273,9.460000038146973,9.489999771118164
2018-04-02,2201000,9.649999618530273,9.75,9.859999656677246,9.5600004196167,9.75
2018-03-29,2204700,9.40999984741211,9.489999771118164,9.600000381469727,9.390000343322754,9.489999771118164
2018-03-28,2679700,9.569999694824219,9.420000076293945,9.609999656677246,9.380000114440918,9.420000076293945
2018-03-27,3695200,9.529999732971191,9.710000038146973,9.890000343322754,9.489999771118164,9.710000038146973
2018-03-26,3611900,9.600000381469727,9.850000381469727,9.899999618530273,9.5600004196167,9.850000381469727
2018-03-23,5378800,9.550000190734863,9.649999618530273,9.819999694824219,9.529999732971191,9.649999618530273
2018-03-22,1979000,9.100000381469727,9.109999656677246,9.260000228881836,9.09000015258789,9.109999656677246
2018-03-21,3861100,9.0,9.229999542236328,9.289999961853027,8.890000343322754,9.169999122619629
2018-03-20,2074600,8.970000267028809,8.930000305175781,9.029999732971191,8.880000114440918,8.871950149536133
2018-03-19,2493100,9.0,9.039999961853027,9.109999656677246,8.880000114440918,8.98123550415039
2018-03-16,6582400,9.270000457763672,8.970000267028809,9.270000457763672,8.970000267028809,8.911690711975098
2018-03-15,2987700,9.220000267028809,9.119999885559082,9.279999732971191,9.0600004196167,9.060714721679688
2018-03-14,2482100,9.380000114440918,9.329999923706055,9.4399995803833,9.279999732971191,9.269350051879883
2018-03-13,3540100,9.569999694824219,9.369999885559082,9.579999923706055,9.319999694824219,9.309089660644531
2018-03-12,3544100,9.600000381469727,9.630000114440918,9.649999618530273,9.5,9.567399978637695
2018-03-09,1423300,9.699999809265137,9.6899995803833,9.859999656677246,9.670000076293945,9.627009391784668
2018-03-08,1987800,9.649999618530273,9.729999542236328,9.789999961853027,9.569999694824219,9.666749000549316
2018-03-07,2318400,9.770000457763672,9.600000381469727,9.8100004196167,9.520000457763672,9.53759479522705
2018-03-06,2788700,9.720000267028809,9.760000228881836,9.9399995803833,9.710000038146973,9.696555137634277
2018-03-05,2076900,9.319999694824219,9.420000076293945,9.460000038146973,9.319999694824219,9.3587646484375
2018-03-02,2857400,9.420000076293945,9.359999656677246,9.460000038146973,9.239999771118164,9.299154281616211
2018-03-01,3583300,9.15999984741211,9.380000114440918,9.449999809265137,9.020000457763672,9.319025039672852
2018-02-28,3261100,9.260000228881836,9.34000015258789,9.510000228881836,9.25,9.279285430908203
2018-02-27,4442600,9.649999618530273,9.359999656677246,9.670000076293945,9.15999984741211,9.299154281616211
2018-02-26,2423600,9.8100004196167,9.819999694824219,9.899999618530273,9.720000267028809,9.75616455078125
2018-02-23,1705500,9.819999694824219,9.880000114440918,9.9399995803833,9.760000228881836,9.815774917602539
2018-02-22,2025100,9.880000114440918,9.949999809265137,10.050000190734863,9.850000381469727,9.885319709777832
2018-02-21,2978700,9.970000267028809,9.90999984741211,10.229999542236328,9.890000343322754,9.845579147338867
2018-02-20,3750600,9.949999809265137,9.899999618530273,10.130000114440918,9.890000343322754,9.835644721984863
2018-02-16,3144200,10.550000190734863,10.449999809265137,10.770000457763672,10.319999694824219,10.38206958770752
2018-02-15,3255900,10.479999542236328,10.739999771118164,10.829999923706055,10.479999542236328,10.670184135437012
2018-02-14,6172200,10.239999771118164,10.720000267028809,10.779999732971191,10.210000038146973,10.650314331054688
2018-02-13,1568400,10.260000228881836,10.199999809265137,10.279999732971191,10.109999656677246,10.133694648742676
2018-02-12,4229600,9.739999771118164,10.220000267028809,10.3100004196167,9.739999771118164,10.153564453125
2018-02-09,4762100,9.890000343322754,9.65999984741211,9.949999809265137,9.4399995803833,9.597204208374023
2018-02-08,3933000,10.199999809265137,9.960000038146973,10.239999771118164,9.9399995803833,9.895255088806152
2018-02-07,2745600,10.359999656677246,10.25,10.550000190734863,10.229999542236328,10.183369636535645
2018-02-06,3426000,10.520000457763672,10.350000381469727,10.609999656677246,10.34000015258789,10.282719612121582
2018-02-05,4719900,10.760000228881836,10.489999771118164,10.8100004196167,10.329999923706055,10.421809196472168
2018-02-02,3785400,10.899999618530273,10.670000076293945,10.90999984741211,10.640000343322754,10.600639343261719
2018-02-01,2906100,10.989999771118164,11.239999771118164,11.34000015258789,10.949999809265137,11.1669340133667
2018-01-31,2933400,11.119999885559082,11.279999732971191,11.369999885559082,10.979999542236328,11.206673622131348
2018-01-30,3402300,11.100000381469727,11.119999885559082,11.1899995803833,10.970000267028809,11.047714233398438
2018-01-29,2937000,11.600000381469727,11.239999771118164,11.640000343322754,11.220000267028809,11.1669340133667
2018-01-26,2299900,11.609999656677246,11.699999809265137,11.75,11.479999542236328,11.623943328857422
2018-01-25,5260900,11.699999809265137,11.729999542236328,12.0,11.569999694824219,11.653748512268066
2018-01-24,4437600,11.399999618530273,11.680000305175781,11.789999961853027,11.34000015258789,11.604073524475098
2018-01-23,3307800,10.890000343322754,11.289999961853027,11.359999656677246,10.800000190734863,11.216609001159668
2018-01-22,1535300,10.9399995803833,11.0,11.020000457763672,10.869999885559082,10.928494453430176
2018-01-19,1637400,10.920000076293945,10.90999984741211,10.979999542236328,10.859999656677246,10.839078903198242
2018-01-18,3373900,11.0,10.850000381469727,11.109999656677246,10.760000228881836,10.77946949005127
2018-01-17,4022100,11.029999732971191,11.039999961853027,11.25,10.989999771118164,10.968234062194824
2018-01-16,3032200,11.15999984741211,11.119999885559082,11.199999809265137,10.890000343322754,11.047714233398438
2018-01-12,3906300,10.84000015258789,11.069999694824219,11.100000381469727,10.739999771118164,10.998038291931152
2018-01-11,2601300,10.760000228881836,10.630000114440918,10.800000190734863,10.619999885559082,10.56089973449707
2018-01-10,3309100,10.710000038146973,10.670000076293945,10.829999923706055,10.619999885559082,10.600639343261719
2018-01-09,2420400,10.470000267028809,10.430000305175781,10.59000015258789,10.359999656677246,10.362199783325195
2018-01-08,1490300,10.680000305175781,10.5600004196167,10.699999809265137,10.479999542236328,10.491354942321777
2018-01-05,2144900,10.510000228881836,10.670000076293945,10.789999961853027,10.479999542236328,10.600639343261719
2018-01-04,3077300,10.539999961853027,10.609999656677246,10.619999885559082,10.40999984741211,10.54102897644043
2018-01-03,3575800,10.729999542236328,10.600000381469727,10.75,10.380000114440918,10.531094551086426
2018-01-02,3405900,10.4399995803833,10.520000457763672,10.529999732971191,10.34000015258789,10.451614379882812
2017-12-29,2519500,10.380000114440918,10.1899995803833,10.40999984741211,10.170000076293945,10.123759269714355
2017-12-28,2515900,10.34000015258789,10.229999542236328,10.390000343322754,10.149999618530273,10.163498878479004
2017-12-27,3494300,10.15999984741211,10.130000114440918,10.210000038146973,9.989999771118164,10.064149856567383
2017-12-26,2211600,9.859999656677246,10.029999732971191,10.09000015258789,9.829999923706055,9.964798927307129
2017-12-22,1853900,9.670000076293945,9.8100004196167,9.859999656677246,9.670000076293945,9.746230125427246
2017-12-21,1834100,9.489999771118164,9.630000114440918,9.670000076293945,9.399999618530273,9.567399978637695
2017-12-20,3274200,9.4399995803833,9.619999885559082,9.640000343322754,9.380000114440918,9.557464599609375
2017-12-19,2592000,9.220000267028809,9.25,9.3100004196167,9.15999984741211,9.18986988067627
2017-12-18,2684200,9.430000305175781,9.40999984741211,9.489999771118164,9.300000190734863,9.348830223083496
2017-12-15,5415400,9.229999542236328,9.260000228881836,9.289999961853027,9.130000114440918,9.19980525970459
2017-12-14,4916500,8.960000038146973,9.15999984741211,9.229999542236328,8.859999656677246,9.100455284118652
2017-12-13,3977900,8.960000038146973,9.430000305175781,9.510000228881836,8.960000038146973,9.36870002746582
2017-12-12,2917000,9.170000076293945,8.979999542236328,9.170000076293945,8.9399995803833,8.921625137329102
2017-12-11,2514100,9.279999732971191,9.09000015258789,9.390000343322754,9.029999732971191,9.03091049194336
2017-12-08,2813700,9.199999809265137,9.15999984741211,9.229999542236328,9.140000343322754,9.100455284118652
2017-12-07,3081800,9.100000381469727,9.229999542236328,9.329999923706055,9.079999923706055,9.169999122619629
2017-12-06,7155900,9.350000381469727,9.140000343322754,9.4399995803833,9.119999885559082,9.080585479736328
2017-12-05,3992600,9.600000381469727,9.75,9.800000190734863,9.579999923706055,9.686619758605957
2017-12-04,3100700,9.930000305175781,9.899999618530273,10.0,9.850000381469727,9.835644721984863
2017-12-01,2510600,10.270000457763672,10.350000381469727,10.59000015258789,10.1899995803833,10.282719612121582
2017-11-30,3235500,10.420000076293945,10.449999809265137,10.630000114440918,10.380000114440918,10.38206958770752
2017-11-29,2155700,10.3100004196167,10.40999984741211,10.479999542236328,10.270000457763672,10.342329025268555
2017-11-28,1957300,10.520000457763672,10.479999542236328,10.579999923706055,10.369999885559082,10.411873817443848
2017-11-27,2190300,10.270000457763672,10.520000457763672,10.520000457763672,10.180000305175781,10.451614379882812
2017-11-24,1236100,10.180000305175781,10.170000076293945,10.300000190734863,10.149999618530273,10.103889465332031
2017-11-22,3748300,10.180000305175781,10.180000305175781,10.260000228881836,10.100000381469727,10.113824844360352
2017-11-21,2748200,9.65999984741211,9.829999923706055,9.869999885559082,9.630000114440918,9.76609992980957
2017-11-20,2918400,9.670000076293945,9.819999694824219,9.90999984741211,9.529999732971191,9.75616455078125
2017-11-17,2474500,9.880000114440918,9.989999771118164,10.0600004196167,9.829999923706055,9.92505931854248
2017-11-16,1179400,9.779999732971191,9.850000381469727,9.859999656677246,9.729999542236328,9.785969734191895
2017-11-15,2433800,9.920000076293945,9.739999771118164,9.930000305175781,9.619999885559082,9.676684379577637
2017-11-14,2077000,9.670000076293945,9.6899995803833,9.739999771118164,9.550000190734863,9.627009391784668
2017-11-13,3206200,9.979999542236328,9.729999542236328,9.989999771118164,9.699999809265137,9.666749000549316
2017-11-10,1315600,9.789999961853027,9.670000076293945,9.819999694824219,9.619999885559082,9.607139587402344
2017-11-09,2065900,9.899999618530273,9.770000457763672,9.9399995803833,9.720000267028809,9.706490516662598
2017-11-08,2262300,9.859999656677246,9.779999732971191,9.920000076293945,9.680000305175781,9.716423988342285
2017-11-07,3309800,9.6899995803833,9.670000076293945,9.8100004196167,9.579999923706055,9.607139587402344
2017-11-06,3144400,9.369999885559082,9.470000267028809,9.59000015258789,9.34000015258789,9.408440589904785
2017-11-03,2916800,9.329999923706055,9.239999771118164,9.369999885559082,9.079999923706055,9.17993450164795
2017-11-02,2340100,9.390000343322754,9.390000343322754,9.470000267028809,9.270000457763672,9.328960418701172
2017-11-01,2510200,9.510000228881836,9.390000343322754,9.609999656677246,9.319999694824219,9.328960418701172
2017-10-31,2017000,9.399999618530273,9.300000190734863,9.40999984741211,9.239999771118164,9.239544868469238
2017-10-30,1926500,9.359999656677246,9.539999961853027,9.59000015258789,9.3100004196167,9.477984428405762
2017-10-27,2928100,9.279999732971191,9.4399995803833,9.479999542236328,9.220000267028809,9.378634452819824
2017-10-26,3968200,9.630000114440918,9.420000076293945,9.630000114440918,9.329999923706055,9.3587646484375
2017-10-25,3217000,9.350000381469727,9.5600004196167,9.609999656677246,9.329999923706055,9.497855186462402
2017-10-24,2637700,9.489999771118164,9.40999984741211,9.5,9.359999656677246,9.348830223083496
2017-10-23,2832600,9.479999542236328,9.6899995803833,9.699999809265137,9.479999542236328,9.627009391784668
2017-10-20,1961600,9.4399995803833,9.5,9.510000228881836,9.359999656677246,9.438244819641113
2017-10-19,3015600,9.520000457763672,9.470000267028809,9.640000343322754,9.399999618530273,9.408440589904785
2017-10-18,3180600,9.25,9.279999732971191,9.329999923706055,9.170000076293945,9.219675064086914
2017-10-17,2750200,9.359999656677246,9.359999656677246,9.420000076293945,9.220000267028809,9.299154281616211
2017-10-16,2982700,9.869999885559082,9.550000190734863,9.869999885559082,9.510000228881836,9.487919807434082
2017-10-13,1464000,9.510000228881836,9.449999809265137,9.569999694824219,9.359999656677246,9.388569831848145
2017-10-12,2084100,9.460000038146973,9.4399995803833,9.489999771118164,9.350000381469727,9.378634452819824
2017-10-11,3022000,9.479999542236328,9.489999771118164,9.520000457763672,9.239999771118164,9.428309440612793
2017-10-10,1692200,9.720000267028809,9.430000305175781,9.720000267028809,9.399999618530273,9.36870002746582
2017-10-09,1514700,9.600000381469727,9.65999984741211,9.699999809265137,9.579999923706055,9.597204208374023
2017-10-06,2195400,9.390000343322754,9.5600004196167,9.630000114440918,9.289999961853027,9.497855186462402
2017-10-05,1978800,9.5600004196167,9.510000228881836,9.59000015258789,9.4399995803833,9.448180198669434
2017-10-04,1817200,9.510000228881836,9.539999961853027,9.600000381469727,9.470000267028809,9.477984428405762
2017-10-03,1979100,9.350000381469727,9.470000267028809,9.5,9.319999694824219,9.408440589904785
2017-10-02,1828400,9.279999732971191,9.300000190734863,9.380000114440918,9.260000228881836,9.239544868469238
2017-09-29,2238900,9.4399995803833,9.289999961853027,9.489999771118164,9.270000457763672,9.229609489440918
2017-09-28,2769700,9.279999732971191,9.369999885559082,9.380000114440918,9.270000457763672,9.309089660644531
2017-09-27,1787500,9.210000038146973,9.3100004196167,9.380000114440918,9.180000305175781,9.249480247497559
2017-09-26,2237700,9.430000305175781,9.359999656677246,9.529999732971191,9.319999694824219,9.299154281616211
2017-09-25,2295300,9.40999984741211,9.640000343322754,9.680000305175781,9.369999885559082,9.577335357666016
2017-09-22,2344200,9.239999771118164,9.470000267028809,9.479999542236328,9.220000267028809,9.408440589904785
2017-09-21,2837200,9.15999984741211,9.1899995803833,9.34000015258789,9.100000381469727,9.13025951385498
2017-09-20,4229400,9.550000190734863,9.319999694824219,9.720000267028809,9.210000038146973,9.259414672851562
2017-09-19,2245800,9.4399995803833,9.5,9.529999732971191,9.350000381469727,9.438244819641113
2017-09-18,3580000,9.640000343322754,9.5,9.65999984741211,9.40999984741211,9.438244819641113
2017-09-15,3158200,9.90999984741211,9.9399995803833,10.029999732971191,9.859999656677246,9.875384330749512
2017-09-14,4228200,9.539999961853027,9.770000457763672,9.789999961853027,9.539999961853027,9.706490516662598
2017-09-13,3979200,9.649999618530273,9.479999542236328,9.65999984741211,9.430000305175781,9.418374061584473
2017-09-12,4218200,9.699999809265137,9.779999732971191,9.8100004196167,9.619999885559082,9.716423988342285
2017-09-11,6560300,10.210000038146973,9.789999961853027,10.239999771118164,9.739999771118164,9.726359367370605
2017-09-08,3750400,10.84000015258789,10.609999656677246,10.859999656677246,10.529999732971191,10.54102897644043
2017-09-07,5328800,10.470000267028809,10.779999732971191,10.819999694824219,10.470000267028809,10.70992374420166
2017-09-06,3193200,10.210000038146973,10.279999732971191,10.40999984741211,10.0600004196167,10.213173866271973
2017-09-05,3661800,10.279999732971191,10.399999618530273,10.420000076293945,10.229999542236328,10.332393646240234
2017-09-01,2327900,10.1899995803833,10.140000343322754,10.229999542236328,10.029999732971191,10.074085235595703
2017-08-31,4058200,10.069999694824219,10.140000343322754,10.180000305175781,10.0,10.074085235595703
2017-08-30,3199300,9.920000076293945,9.920000076293945,10.0600004196167,9.890000343322754,9.855514526367188
2017-08-29,8207800,9.899999618530273,9.850000381469727,10.069999694824219,9.75,9.785969734191895
2017-08-28,4591200,9.140000343322754,9.479999542236328,9.529999732971191,9.140000343322754,9.418374061584473
2017-08-25,2924500,8.960000038146973,8.9399995803833,9.0600004196167,8.890000343322754,8.881884574890137
2017-08-24,3148200,9.09000015258789,9.0600004196167,9.149999618530273,9.010000228881836,9.001105308532715
2017-08-23,4393800,9.15999984741211,9.130000114440918,9.25,9.010000228881836,9.070650100708008
2017-08-22,7634400,9.470000267028809,9.15999984741211,9.529999732971191,9.0,9.100455284118652
2017-08-21,3081000,9.880000114440918,9.8100004196167,9.9399995803833,9.729999542236328,9.746230125427246
2017-08-18,4091200,10.100000381469727,9.819999694824219,10.180000305175781,9.789999961853027,9.75616455078125
2017-08-17,2113900,9.84000015258789,9.829999923706055,9.949999809265137,9.760000228881836,9.76609992980957
2017-08-16,2739500,9.609999656677246,9.84000015258789,9.9399995803833,9.609999656677246,9.776034355163574
2017-08-15,2951900,9.670000076293945,9.670000076293945,9.779999732971191,9.619999885559082,9.607139587402344
2017-08-14,4997000,9.770000457763672,9.770000457763672,9.970000267028809,9.699999809265137,9.706490516662598
2017-08-11,5721300,9.800000190734863,9.710000038146973,9.880000114440918,9.569999694824219,9.646880149841309
2017-08-10,8507300,9.59000015258789,9.579999923706055,9.84000015258789,9.510000228881836,9.517724990844727
2017-08-09,3487400,9.399999618530273,9.229999542236328,9.449999809265137,9.210000038146973,9.169999122619629
2017-08-08,3294000,9.260000228881836,9.1899995803833,9.390000343322754,9.140000343322754,9.13025951385498
2017-08-07,2316500,9.140000343322754,9.100000381469727,9.239999771118164,9.079999923706055,9.04084587097168
2017-08-04,4364400,9.15999984741211,9.140000343322754,9.180000305175781,8.930000305175781,9.080585479736328
2017-08-03,3969100,9.579999923706055,9.34000015258789,9.600000381469727,9.300000190734863,9.279285430908203
2017-08-02,3903200,9.649999618530273,9.579999923706055,9.729999542236328,9.529999732971191,9.517724990844727
2017-08-01,3328100,9.949999809265137,9.949999809265137,10.119999885559082,9.930000305175781,9.885319709777832
2017-07-31,1846200,10.069999694824219,10.020000457763672,10.15999984741211,10.0,9.954865455627441
2017-07-28,3221700,9.930000305175781,10.130000114440918,10.180000305175781,9.899999618530273,10.064149856567383
2017-07-27,3730900,9.899999618530273,9.739999771118164,9.90999984741211,9.739999771118164,9.676684379577637
2017-07-26,3538000,9.619999885559082,9.859999656677246,10.020000457763672,9.529999732971191,9.795904159545898
2017-07-25,3662700,9.479999542236328,9.579999923706055,9.619999885559082,9.399999618530273,9.517724990844727
2017-07-24,2247500,9.680000305175781,9.449999809265137,9.729999542236328,9.420000076293945,9.388569831848145
2017-07-21,2650200,9.550000190734863,9.680000305175781,9.760000228881836,9.550000190734863,9.617074966430664
2017-07-20,3291200,9.550000190734863,9.550000190734863,9.609999656677246,9.4399995803833,9.487919807434082
2017-07-19,2579500,9.710000038146973,9.65999984741211,9.789999961853027,9.630000114440918,9.597204208374023
2017-07-18,2548300,9.829999923706055,9.800000190734863,9.899999618530273,9.75,9.736294746398926
2017-07-17,2715500,9.8100004196167,9.739999771118164,9.880000114440918,9.6899995803833,9.676684379577637
2017-07-14,3721900,10.039999961853027,9.8100004196167,10.130000114440918,9.789999961853027,9.746230125427246
2017-07-13,2241900,10.010000228881836,9.800000190734863,10.069999694824219,9.770000457763672,9.736294746398926
2017-07-12,2420200,10.050000190734863,10.020000457763672,10.130000114440918,9.979999542236328,9.954865455627441
2017-07-11,2166900,9.699999809265137,9.880000114440918,9.930000305175781,9.680000305175781,9.815774917602539
2017-07-10,2861600,9.520000457763672,9.8100004196167,9.890000343322754,9.4399995803833,9.746230125427246
2017-07-07,3103900,9.569999694824219,9.510000228881836,9.59000015258789,9.40999984741211,9.448180198669434
2017-07-06,2758800,9.930000305175781,9.760000228881836,9.979999542236328,9.75,9.696555137634277
2017-07-05,3140000,9.520000457763672,9.84000015258789,9.859999656677246,9.470000267028809,9.776034355163574
2017-07-03,1881600,9.479999542236328,9.470000267028809,9.520000457763672,9.350000381469727,9.408440589904785
2017-06-30,3308100,9.6899995803833,9.720000267028809,9.829999923706055,9.640000343322754,9.656814575195312
2017-06-29,3841700,9.75,9.760000228881836,9.90999984741211,9.729999542236328,9.696555137634277
2017-06-28,3503700,10.319999694824219,10.109999656677246,10.350000381469727,9.989999771118164,10.044279098510742
2017-06-27,3196200,10.609999656677246,10.420000076293945,10.710000038146973,10.390000343322754,10.352264404296875
2017-06-26,2038400,10.34000015258789,10.5,10.59000015258789,10.289999961853027,10.431744575500488
2017-06-23,2489500,10.609999656677246,10.59000015258789,10.680000305175781,10.520000457763672,10.521159172058105
2017-06-22,3908800,10.390000343322754,10.479999542236328,10.680000305175781,10.359999656677246,10.411873817443848
2017-06-21,2348200,9.960000038146973,10.15999984741211,10.1899995803833,9.9399995803833,10.093954086303711
2017-06-20,2445400,10.039999961853027,9.960000038146973,10.0600004196167,9.850000381469727,9.895255088806152
2017-06-19,6635900,10.25,10.09000015258789,10.279999732971191,9.979999542236328,10.024409294128418
2017-06-16,4940100,10.65999984741211,10.300000190734863,10.670000076293945,10.279999732971191,10.233044624328613
2017-06-15,4416300,10.880000114440918,10.630000114440918,10.90999984741211,10.550000190734863,10.56089973449707
2017-06-14,4282900,11.729999542236328,11.0600004196167,11.779999732971191,11.010000228881836,10.988104820251465
2017-06-13,4382800,11.319999694824219,11.399999618530273,11.489999771118164,11.239999771118164,11.32589340209961
2017-06-12,5106800,11.850000381469727,11.489999771118164,11.920000076293945,11.489999771118164,11.415308952331543
2017-06-09,3740500,11.869999885559082,11.949999809265137,12.119999885559082,11.850000381469727,11.872318267822266
2017-06-08,4260100,12.109999656677246,12.15999984741211,12.199999809265137,11.779999732971191,12.080953598022461
2017-06-07,4588900,12.170000076293945,12.140000343322754,12.270000457763672,11.920000076293945,12.061083793640137
2017-06-06,6125600,11.770000457763672,12.390000343322754,12.399999618530273,11.770000457763672,12.30945873260498
2017-06-05,3332900,11.260000228881836,11.520000457763672,11.539999961853027,11.260000228881836,11.445114135742188
2017-06-02,4655400,11.229999542236328,11.15999984741211,11.380000114440918,11.100000381469727,11.087453842163086
2017-06-01,5477800,11.029999732971191,11.3100004196167,11.359999656677246,11.0,11.236479759216309
2017-05-31,2484900,11.34000015258789,11.390000343322754,11.5,11.180000305175781,11.315958976745605
2017-05-30,2165600,11.279999732971191,11.329999923706055,11.460000038146973,11.25,11.256348609924316
2017-05-26,2773900,11.460000038146973,11.640000343322754,11.710000038146973,11.460000038146973,11.56433391571045
2017-05-25,4014700,11.609999656677246,11.380000114440918,11.65999984741211,11.239999771118164,11.306023597717285
2017-05-24,4916500,11.8100004196167,11.850000381469727,11.979999542236328,11.489999771118164,11.772969245910645
2017-05-23,5579400,12.069999694824219,11.84000015258789,12.289999961853027,11.8100004196167,11.763033866882324
2017-05-22,2542800,11.710000038146973,11.8100004196167,11.890000343322754,11.710000038146973,11.73322868347168
2017-05-19,4910400,11.569999694824219,11.59000015258789,11.789999961853027,11.529999732971191,11.51465892791748
2017-05-18,4842600,11.720000267028809,11.300000190734863,11.720000267028809,11.270000457763672,11.226544380187988
2017-05-17,4762100,11.680000305175781,11.6899995803833,11.890000343322754,11.569999694824219,11.614007949829102
2017-05-16,3165000,11.229999542236328,11.229999542236328,11.3100004196167,11.180000305175781,11.156998634338379
2017-05-15,3891900,11.460000038146973,11.239999771118164,11.470000267028809,11.029999732971191,11.1669340133667
2017-05-12,4384000,11.359999656677246,11.3100004196167,11.489999771118164,11.270000457763672,11.236479759216309
2017-05-11,3185000,11.050000190734863,11.260000228881836,11.3100004196167,11.050000190734863,11.186803817749023
2017-05-10,4759300,10.859999656677246,10.930000305175781,11.039999961853027,10.850000381469727,10.858949661254883
2017-05-09,5727000,10.260000228881836,10.600000381469727,10.630000114440918,10.260000228881836,10.531094551086426
2017-05-08,3905600,10.800000190734863,10.859999656677246,10.979999542236328,10.779999732971191,10.789403915405273
2017-05-05,4963000,10.859999656677246,11.1899995803833,11.279999732971191,10.829999923706055,11.117258071899414
2017-05-04,4334600,11.109999656677246,10.84000015258789,11.119999885559082,10.800000190734863,10.76953411102295
2017-05-03,5735800,11.380000114440918,11.319999694824219,11.760000228881836,11.319999694824219,11.246413230895996
2017-05-02,4261500,11.119999885559082,11.369999885559082,11.430000305175781,11.119999885559082,11.296089172363281
2017-05-01,3498000,11.380000114440918,11.050000190734863,11.539999961853027,10.9399995803833,10.978169441223145
2017-04-28,5378100,11.260000228881836,11.430000305175781,11.479999542236328,11.199999809265137,11.35569953918457
2017-04-27,3825500,11.430000305175781,11.229999542236328,11.460000038146973,11.100000381469727,11.156998634338379
2017-04-26,5711800,11.430000305175781,11.430000305175781,11.5,11.0600004196167,11.35569953918457
2017-04-25,6058100,11.720000267028809,11.579999923706055,11.720000267028809,11.4399995803833,11.50472354888916
2017-04-24,4793300,11.930000305175781,11.720000267028809,12.09000015258789,11.699999809265137,11.643814086914062
2017-04-21,4818400,12.489999771118164,12.430000305175781,12.579999923706055,12.329999923706055,12.349198341369629
2017-04-20,3444100,12.4399995803833,12.510000228881836,12.5600004196167,12.380000114440918,12.428678512573242
2017-04-19,4481100,12.869999885559082,12.649999618530273,12.960000038146973,12.470000267028809,12.567768096923828
2017-04-18,6198000,13.279999732971191,13.0600004196167,13.3100004196167,12.84000015258789,12.975103378295898
2017-04-17,2567300,12.970000267028809,12.930000305175781,13.0600004196167,12.829999923706055,12.845948219299316
2017-04-13,5288000,13.170000076293945,12.989999771118164,13.210000038146973,12.9399995803833,12.905557632446289
2017-04-12,4433700,12.760000228881836,12.84000015258789,12.84000015258789,12.539999961853027,12.7565336227417
2017-04-11,4796400,12.34000015258789,12.510000228881836,12.680000305175781,12.319999694824219,12.428678512573242
2017-04-10,3961900,12.010000228881836,12.140000343322754,12.15999984741211,11.930000305175781,12.061083793640137
2017-04-07,4295300,12.329999923706055,11.9399995803833,12.359999656677246,11.819999694824219,11.862382888793945
2017-04-06,2188400,11.9399995803833,11.850000381469727,11.970000267028809,11.720000267028809,11.772969245910645
2017-04-05,4412400,11.619999885559082,11.850000381469727,11.989999771118164,11.59000015258789,11.772969245910645
2017-04-04,2691000,11.640000343322754,11.649999618530273,11.649999618530273,11.470000267028809,11.574268341064453
2017-04-03,5214300,10.829999923706055,11.380000114440918,11.460000038146973,10.8100004196167,11.306023597717285
2017-03-31,2660300,10.670000076293945,10.770000457763672,10.920000076293945,10.579999923706055,10.699989318847656
2017-03-30,3085600,10.800000190734863,10.619999885559082,10.920000076293945,10.600000381469727,10.55096435546875
2017-03-29,2020100,11.010000228881836,11.119999885559082,11.180000305175781,10.9399995803833,11.047714233398438
2017-03-28,2863300,11.430000305175781,11.050000190734863,11.449999809265137,10.880000114440918,10.978169441223145
2017-03-27,2833600,11.5,11.390000343322754,11.569999694824219,11.329999923706055,11.315958976745605
2017-03-24,2312500,11.039999961853027,11.100000381469727,11.239999771118164,11.010000228881836,11.027844429016113
2017-03-23,2904300,11.09000015258789,11.039999961853027,11.130000114440918,10.770000457763672,10.968234062194824
2017-03-22,4154800,11.199999809265137,11.069999694824219,11.289999961853027,11.029999732971191,10.998038291931152
2017-03-21,3799000,11.100000381469727,11.300000190734863,11.40999984741211,11.09000015258789,11.128037452697754
2017-03-20,2812400,10.890000343322754,11.09000015258789,11.130000114440918,10.84000015258789,10.921232223510742
2017-03-17,5142800,10.930000305175781,10.8100004196167,11.0,10.670000076293945,10.645493507385254
2017-03-16,4199500,10.930000305175781,10.84000015258789,11.010000228881836,10.800000190734863,10.675037384033203
2017-03-15,5166100,9.989999771118164,10.789999961853027,10.880000114440918,9.970000267028809,10.625797271728516
2017-03-14,3801600,9.960000038146973,9.84000015258789,10.210000038146973,9.760000228881836,9.690255165100098
2017-03-13,3374100,9.979999542236328,10.039999961853027,10.199999809265137,9.880000114440918,9.887210845947266
2017-03-10,4355600,9.779999732971191,10.010000228881836,10.119999885559082,9.6899995803833,9.857666969299316
2017-03-09,3938500,9.8100004196167,9.739999771118164,9.920000076293945,9.670000076293945,9.591776847839355
2017-03-08,3249700,9.90999984741211,10.039999961853027,10.199999809265137,9.890000343322754,9.887210845947266
2017-03-07,2974700,10.069999694824219,10.140000343322754,10.34000015258789,9.979999542236328,9.985689163208008
2017-03-06,3312500,10.430000305175781,10.220000267028809,10.449999809265137,10.079999923706055,10.064472198486328
2017-03-03,5122100,10.380000114440918,10.600000381469727,10.75,10.289999961853027,10.438689231872559
2017-03-02,3666800,10.729999542236328,10.569999694824219,10.899999618530273,10.510000228881836,10.40914535522461
2017-03-01,3878900,10.84000015258789,11.079999923706055,11.180000305175781,10.760000228881836,10.911384582519531
2017-02-28,5251200,11.15999984741211,11.020000457763672,11.289999961853027,10.90999984741211,10.85229778289795
2017-02-27,5036700,11.5,10.989999771118164,11.989999771118164,10.90999984741211,10.82275390625
2017-02-24,3769900,11.930000305175781,11.59000015258789,11.949999809265137,11.5,11.413622856140137
2017-02-23,4795000,12.119999885559082,11.829999923706055,12.199999809265137,11.829999923706055,11.649971008300781
2017-02-22,5595800,11.970000267028809,11.8100004196167,12.119999885559082,11.5600004196167,11.63027572631836
2017-02-21,4614700,12.630000114440918,12.539999961853027,12.649999618530273,12.40999984741211,12.349165916442871
2017-02-17,3691800,13.25,12.899999618530273,13.289999961853027,12.890000343322754,12.703686714172363
2017-02-16,2993700,13.239999771118164,13.289999961853027,13.350000381469727,13.15999984741211,13.087752342224121
2017-02-15,2900600,13.119999885559082,13.220000267028809,13.270000457763672,13.029999732971191,13.018817901611328
2017-02-14,3634900,13.40999984741211,13.170000076293945,13.420000076293945,12.979999542236328,12.969578742980957
2017-02-13,2573900,13.260000228881836,13.180000305175781,13.279999732971191,13.069999694824219,12.979426383972168
2017-02-10,3210600,13.010000228881836,13.390000343322754,13.399999618530273,12.979999542236328,13.186230659484863
2017-02-09,4526300,13.520000457763672,13.140000343322754,13.680000305175781,13.100000381469727,12.940035820007324
2017-02-08,4756700,13.380000114440918,13.520000457763672,13.649999618530273,13.289999961853027,13.314252853393555
2017-02-07,3437400,13.220000267028809,13.140000343322754,13.3100004196167,13.0,12.940035820007324
2017-02-06,3479900,13.300000190734863,13.34000015258789,13.34000015258789,13.0,13.136991500854492
2017-02-03,4351900,13.239999771118164,13.029999732971191,13.270000457763672,12.869999885559082,12.831708908081055
2017-02-02,6036400,13.460000038146973,13.0,13.460000038146973,12.869999885559082,12.802165031433105
2017-02-01,3576900,12.550000190734863,12.539999961853027,12.710000038146973,12.350000381469727,12.349165916442871
2017-01-31,5507400,12.579999923706055,12.710000038146973,12.75,12.510000228881836,12.516578674316406
2017-01-30,3858700,12.1899995803833,12.0,12.359999656677246,11.90999984741211,11.817383766174316
2017-01-27,2997000,11.729999542236328,12.0,12.020000457763672,11.699999809265137,11.817383766174316
2017-01-26,3012800,11.899999618530273,11.739999771118164,12.029999732971191,11.739999771118164,11.56134033203125
2017-01-25,3926100,12.149999618530273,12.15999984741211,12.239999771118164,11.949999809265137,11.97494888305664
2017-01-24,4555700,12.479999542236328,12.460000038146973,12.779999732971191,12.300000190734863,12.270383834838867
2017-01-23,4171800,12.399999618530273,12.479999542236328,12.529999732971191,12.279999732971191,12.290079116821289
2017-01-20,3045900,12.029999732971191,12.0600004196167,12.300000190734863,11.890000343322754,11.876471519470215
2017-01-19,2807600,12.010000228881836,12.09000015258789,12.220000267028809,11.920000076293945,11.906014442443848
2017-01-18,3614300,12.369999885559082,12.140000343322754,12.510000228881836,11.960000038146973,11.955253601074219
2017-01-17,5437200,12.619999885559082,12.40999984741211,12.720000267028809,12.390000343322754,12.221144676208496
2017-01-13,4986100,11.770000457763672,12.029999732971191,12.069999694824219,11.720000267028809,11.84692668914795
2017-01-12,6599000,12.029999732971191,11.890000343322754,12.220000267028809,11.720000267028809,11.709057807922363
2017-01-11,3753900,11.390000343322754,11.460000038146973,11.65999984741211,11.199999809265137,11.285600662231445
2017-01-10,4305600,11.510000228881836,11.5,11.739999771118164,11.369999885559082,11.324992179870605
2017-01-09,4783000,11.460000038146973,11.329999923706055,11.600000381469727,11.25,11.157580375671387
2017-01-06,4706900,11.75,11.390000343322754,11.800000190734863,11.15999984741211,11.216666221618652
2017-01-05,5576200,11.539999961853027,11.989999771118164,12.149999618530273,11.510000228881836,11.807536125183105
2017-01-04,4673900,11.34000015258789,11.25,11.390000343322754,11.069999694824219,11.078797340393066
2017-01-03,3746000,10.789999961853027,11.09000015258789,11.109999656677246,10.680000305175781,10.921232223510742
2016-12-30,3762400,11.119999885559082,10.510000228881836,11.289999961853027,10.5,10.350058555603027
2016-12-29,5468900,10.550000190734863,11.029999732971191,11.050000190734863,10.5,10.86214542388916
2016-12-28,2641600,10.109999656677246,10.279999732971191,10.350000381469727,10.0600004196167,10.123558044433594
2016-12-27,1992400,10.050000190734863,10.100000381469727,10.1899995803833,9.880000114440918,9.946297645568848
2016-12-23,2245200,9.770000457763672,9.880000114440918,9.9399995803833,9.729999542236328,9.729646682739258
2016-12-22,2399400,9.680000305175781,9.710000038146973,10.0,9.550000190734863,9.562232971191406
2016-12-21,1894100,9.989999771118164,9.829999923706055,10.050000190734863,9.819999694824219,9.680407524108887
2016-12-20,4759300,9.380000114440918,9.819999694824219,9.869999885559082,9.319999694824219,9.67055892944336
2016-12-19,4766900,9.5600004196167,9.5600004196167,9.859999656677246,9.5,9.41451644897461
2016-12-16,6415000,9.6899995803833,9.510000228881836,9.819999694824219,9.420000076293945,9.365277290344238
2016-12-15,7198800,9.649999618530273,9.539999961853027,9.720000267028809,9.279999732971191,9.394820213317871
2016-12-14,6987500,10.789999961853027,10.079999923706055,10.869999885559082,10.0600004196167,9.92660140991211
2016-12-13,3201300,10.649999618530273,10.8100004196167,10.890000343322754,10.489999771118164,10.645493507385254
2016-12-12,5293900,10.640000343322754,10.59000015258789,10.75,10.369999885559082,10.428841590881348
2016-12-09,3786900,11.0,10.670000076293945,11.020000457763672,10.579999923706055,10.507623672485352
2016-12-08,2609300,11.100000381469727,11.079999923706055,11.149999618530273,10.970000267028809,10.911384582519531
2016-12-07,3864200,11.039999961853027,11.149999618530273,11.390000343322754,11.010000228881836,10.980319023132324
2016-12-06,3208100,10.890000343322754,10.829999923706055,11.079999923706055,10.710000038146973,10.665188789367676
2016-12-05,7399900,11.149999618530273,11.0,11.25,10.8100004196167,10.832601547241211
2016-12-02,4360900,11.15999984741211,11.449999809265137,11.609999656677246,11.149999618530273,11.275753021240234
2016-12-01,3564700,10.649999618530273,10.890000343322754,11.199999809265137,10.550000190734863,10.724276542663574
2016-11-30,3637600,11.079999923706055,10.9399995803833,11.140000343322754,10.850000381469727,10.773514747619629
2016-11-29,3006900,10.949999809265137,11.100000381469727,11.300000190734863,10.880000114440918,10.93108081817627
2016-11-28,4915000,11.239999771118164,11.279999732971191,11.5,11.119999885559082,11.108341217041016
2016-11-25,2186000,10.979999542236328,10.880000114440918,11.0600004196167,10.800000190734863,10.714427947998047
2016-11-23,5254500,10.739999771118164,10.59000015258789,10.789999961853027,10.449999809265137,10.428841590881348
2016-11-22,3531300,11.460000038146973,11.220000267028809,11.539999961853027,10.90999984741211,11.049254417419434
2016-11-21,3246800,11.6899995803833,11.420000076293945,11.720000267028809,11.369999885559082,11.246210098266602
2016-11-18,3839000,11.510000228881836,11.430000305175781,11.569999694824219,11.199999809265137,11.256057739257812
2016-11-17,5111600,11.869999885559082,11.460000038146973,12.09000015258789,11.25,11.285600662231445
2016-11-16,6578200,11.720000267028809,11.779999732971191,11.829999923706055,11.40999984741211,11.600730895996094
2016-11-15,5019500,11.470000267028809,11.949999809265137,12.029999732971191,11.430000305175781,11.768144607543945
2016-11-14,4952400,11.4399995803833,11.720000267028809,12.069999694824219,10.960000038146973,11.541645050048828
2016-11-11,10332700,12.210000038146973,11.210000038146973,12.3100004196167,11.170000076293945,11.039406776428223
2016-11-10,6195100,13.4399995803833,12.460000038146973,13.460000038146973,12.390000343322754,12.270383834838867
2016-11-09,7134500,14.350000381469727,13.510000228881836,14.369999885559082,13.149999618530273,13.304405212402344
2016-11-08,4147300,13.319999694824219,13.140000343322754,13.649999618530273,12.890000343322754,12.940035820007324
2016-11-07,3001300,13.579999923706055,13.399999618530273,13.59000015258789,13.25,13.196078300476074
2016-11-04,3500900,14.430000305175781,14.180000305175781,14.5,13.960000038146973,13.964208602905273
2016-11-03,3679600,14.430000305175781,14.579999923706055,14.75,14.34000015258789,14.358120918273926
2016-11-02,4994500,14.5,14.100000381469727,14.770000457763672,13.859999656677246,13.885425567626953
2016-11-01,5316600,13.970000267028809,14.270000457763672,14.489999771118164,13.90999984741211,14.052839279174805
2016-10-31,2935500,13.369999885559082,13.739999771118164,13.739999771118164,13.270000457763672,13.530904769897461
2016-10-28,4619900,13.149999618530273,13.520000457763672,13.8100004196167,13.149999618530273,13.314252853393555
2016-10-27,2920400,13.600000381469727,13.359999656677246,13.6899995803833,13.149999618530273,13.156686782836914
2016-10-26,2401400,13.760000228881836,13.510000228881836,13.84000015258789,13.279999732971191,13.304405212402344
2016-10-25,3449500,13.550000190734863,13.829999923706055,14.069999694824219,13.5,13.619535446166992
2016-10-24,3098500,13.949999809265137,13.510000228881836,13.989999771118164,13.40999984741211,13.304405212402344
2016-10-21,2155500,13.979999542236328,13.880000114440918,14.140000343322754,13.850000381469727,13.668774604797363
2016-10-20,4092500,14.079999923706055,14.039999961853027,14.220000267028809,13.8100004196167,13.826338768005371
2016-10-19,4102700,14.300000190734863,14.3100004196167,14.460000038146973,14.029999732971191,14.092229843139648
2016-10-18,4962500,13.59000015258789,14.130000114440918,14.15999984741211,13.539999961853027,13.914969444274902
2016-10-17,3818200,13.3100004196167,13.359999656677246,13.4399995803833,13.140000343322754,13.156686782836914
2016-10-14,4300300,13.40999984741211,13.380000114440918,13.529999732971191,13.260000228881836,13.176383018493652
2016-10-13,5507400,13.25,13.640000343322754,14.0600004196167,13.149999618530273,13.432426452636719
2016-10-12,4550400,12.949999809265137,13.289999961853027,13.529999732971191,12.920000076293945,13.087752342224121
2016-10-11,3911700,13.15999984741211,12.960000038146973,13.319999694824219,12.960000038146973,12.762774467468262
2016-10-10,2960200,13.479999542236328,13.430000305175781,13.59000015258789,13.260000228881836,13.225622177124023
2016-10-07,5413600,13.829999923706055,13.430000305175781,14.029999732971191,13.149999618530273,13.225622177124023
2016-10-06,4205900,13.59000015258789,13.59000015258789,13.920000076293945,13.4399995803833,13.383187294006348
2016-10-05,4009100,14.229999542236328,14.130000114440918,14.289999961853027,13.720000267028809,13.914969444274902
2016-10-04,5219400,15.010000228881836,14.199999809265137,15.039999961853027,14.130000114440918,13.983903884887695
2016-10-03,2197200,15.859999656677246,15.710000038146973,15.920000076293945,15.539999961853027,15.470924377441406
2016-09-30,2721400,16.309999465942383,15.920000076293945,16.3700008392334,15.8100004196167,15.677728652954102
2016-09-29,3536700,16.149999618530273,16.139999389648438,16.280000686645508,15.829999923706055,15.894380569458008
2016-09-28,3955000,16.030000686645508,16.209999084472656,16.290000915527344,15.5600004196167,15.9633150100708
2016-09-27,3541600,16.139999389648438,16.170000076293945,16.3700008392334,15.979999542236328,15.923924446105957
2016-09-26,2213700,16.239999771118164,15.9399995803833,16.420000076293945,15.90999984741211,15.697423934936523
2016-09-23,2816700,16.59000015258789,16.200000762939453,16.760000228881836,16.030000686645508,15.953469276428223
2016-09-22,5220700,17.010000228881836,16.559999465942383,17.229999542236328,16.34000015258789,16.3079891204834
2016-09-21,6530800,15.739999771118164,16.68000030517578,16.719999313354492,15.710000038146973,16.426164627075195
2016-09-20,2604300,15.25,15.109999656677246,15.3100004196167,15.0,14.88005542755127
2016-09-19,2244200,15.600000381469727,15.289999961853027,15.619999885559082,15.229999542236328,15.057316780090332
2016-09-16,4199500,15.369999885559082,15.25,15.479999542236328,15.020000457763672,15.017925262451172
2016-09-15,2905700,15.569999694824219,15.529999732971191,15.829999923706055,15.289999961853027,15.29366397857666
2016-09-14,3497300,15.630000114440918,15.720000267028809,16.049999237060547,15.609999656677246,15.480772972106934
2016-09-13,4404300,15.970000267028809,15.609999656677246,16.040000915527344,15.300000190734863,15.372446060180664
2016-09-12,4540500,15.90999984741211,16.459999084472656,16.700000762939453,15.859999656677246,16.209510803222656
2016-09-09,4282800,16.850000381469727,16.15999984741211,16.90999984741211,16.1200008392334,15.914076805114746
2016-09-08,3820900,17.649999618530273,17.170000076293945,17.81999969482422,17.049999237060547,16.908706665039062
2016-09-07,4456100,17.729999542236328,17.59000015258789,17.860000610351562,17.059999465942383,17.322315216064453
2016-09-06,5260600,16.93000030517578,17.760000228881836,17.760000228881836,16.899999618530273,17.489727020263672
2016-09-02,3606800,17.030000686645508,17.040000915527344,17.18000030517578,16.610000610351562,16.78068733215332
2016-09-01,4749200,16.040000915527344,16.6200008392334,16.68000030517578,15.949999809265137,16.367076873779297
2016-08-31,4672800,16.459999084472656,16.09000015258789,16.6299991607666,16.06999969482422,15.845142364501953
2016-08-30,3563500,17.219999313354492,16.639999389648438,17.40999984741211,16.5,16.38677215576172
2016-08-29,2638300,17.399999618530273,17.520000457763672,17.700000762939453,17.309999465942383,17.253379821777344
2016-08-26,4425500,18.309999465942383,17.729999542236328,18.6200008392334,17.530000686645508,17.46018409729004
2016-08-25,3483100,17.690000534057617,17.799999237060547,18.139999389648438,17.360000610351562,17.529117584228516
2016-08-24,4767800,18.299999237060547,17.579999923706055,18.3799991607666,17.549999237060547,17.31246566772461
2016-08-23,2979100,18.6200008392334,18.200000762939453,18.68000030517578,18.15999984741211,17.923032760620117
2016-08-22,3427400,18.530000686645508,18.540000915527344,18.649999618530273,18.350000381469727,18.257858276367188
2016-08-19,2448900,19.239999771118164,19.170000076293945,19.469999313354492,19.079999923706055,18.878271102905273
2016-08-18,2264400,19.81999969482422,19.780000686645508,19.93000030517578,19.489999771118164,19.478988647460938
2016-08-17,4862800,19.770000457763672,19.559999465942383,19.799999237060547,19.030000686645508,19.2623348236084
2016-08-16,4039800,19.93000030517578,20.15999984741211,20.389999389648438,19.8799991607666,19.85320281982422
2016-08-15,3883900,21.1200008392334,20.760000228881836,21.579999923706055,20.700000762939453,20.444074630737305
2016-08-12,2364300,22.25,21.90999984741211,22.360000610351562,21.799999237060547,21.576574325561523
2016-08-11,2065400,21.84000015258789,22.030000686645508,22.530000686645508,21.81999969482422,21.694747924804688
2016-08-10,2472500,22.200000762939453,22.190000534057617,22.360000610351562,22.010000228881836,21.852313995361328
2016-08-09,2119500,21.6200008392334,21.670000076293945,21.75,21.43000030517578,21.340225219726562
2016-08-08,2393100,21.459999084472656,21.479999542236328,21.81999969482422,21.399999618530273,21.15311622619629
2016-08-05,3431800,21.90999984741211,21.670000076293945,21.959999084472656,21.3700008392334,21.340225219726562
2016-08-04,2763100,22.520000457763672,22.649999618530273,22.90999984741211,22.290000915527344,22.305313110351562
2016-08-03,2376400,22.1200008392334,21.799999237060547,22.1200008392334,21.579999923706055,21.468246459960938
2016-08-02,3237300,22.510000228881836,22.25,22.719999313354492,22.209999084472656,21.911399841308594
2016-08-01,1995700,21.93000030517578,22.360000610351562,22.420000076293945,21.75,22.019725799560547
2016-07-29,2699000,21.790000915527344,21.90999984741211,22.100000381469727,21.6299991607666,21.576574325561523
2016-07-28,3136200,21.729999542236328,21.579999923706055,21.829999923706055,21.15999984741211,21.25159454345703
2016-07-27,2973700,21.010000228881836,21.690000534057617,21.93000030517578,20.639999389648438,21.359922409057617
2016-07-26,2387700,20.579999923706055,20.889999389648438,21.1200008392334,20.469999313354492,20.572093963623047
2016-07-25,3382200,20.739999771118164,20.219999313354492,20.75,19.920000076293945,19.912290573120117
2016-07-22,3078500,21.079999923706055,21.049999237060547,21.309999465942383,20.920000076293945,20.729660034179688
2016-07-21,4896400,20.3700008392334,21.139999389648438,21.18000030517578,20.360000610351562,20.81829071044922
2016-07-20,4120100,20.739999771118164,19.920000076293945,20.799999237060547,19.850000381469727,19.616857528686523
2016-07-19,4005500,21.1200008392334,21.110000610351562,21.34000015258789,20.93000030517578,20.788747787475586
2016-07-18,3729200,20.81999969482422,20.780000686645508,21.010000228881836,20.459999084472656,20.463769912719727
2016-07-15,2487800,20.75,21.0,21.25,20.75,20.680421829223633
2016-07-14,3963700,20.709999084472656,21.079999923706055,21.170000076293945,20.3700008392334,20.75920295715332
2016-07-13,3681300,20.989999771118164,21.260000228881836,21.420000076293945,20.65999984741211,20.936464309692383
2016-07-12,4309500,20.8700008392334,20.3799991607666,21.18000030517578,20.34000015258789,20.069854736328125
2016-07-11,5083300,20.889999389648438,21.280000686645508,21.350000381469727,20.829999923706055,20.956161499023438
2016-07-08,4020700,20.1299991607666,20.84000015258789,20.940000534057617,19.940000534057617,20.522855758666992
2016-07-07,5825100,20.18000030517578,20.0,20.34000015258789,19.780000686645508,19.69563865661621
2016-07-06,6870400,20.15999984741211,20.350000381469727,20.549999237060547,19.989999771118164,20.040313720703125
2016-07-05,4449900,19.43000030517578,19.219999313354492,19.489999771118164,18.90999984741211,18.927509307861328
2016-07-01,4669500,18.969999313354492,19.040000915527344,19.079999923706055,18.709999084472656,18.7502498626709
2016-06-30,4243300,18.1200008392334,18.059999465942383,18.489999771118164,17.899999618530273,17.7851619720459
2016-06-29,4706800,17.790000915527344,17.899999618530273,18.209999084472656,17.690000534057617,17.627595901489258
2016-06-28,4600100,17.40999984741211,17.190000534057617,17.579999923706055,17.1299991607666,16.928403854370117
2016-06-27,7156400,17.399999618530273,17.450000762939453,17.530000686645508,16.920000076293945,17.184446334838867
2016-06-24,5020300,17.299999237060547,16.770000457763672,17.59000015258789,16.68000030517578,16.514795303344727
2016-06-23,3085300,15.859999656677246,15.779999732971191,16.110000610351562,15.569999694824219,15.5398588180542
2016-06-22,3975300,15.6899995803833,15.859999656677246,15.899999618530273,15.470000267028809,15.61864185333252
2016-06-21,3121700,15.579999923706055,15.779999732971191,16.06999969482422,15.479999542236328,15.5398588180542
2016-06-20,3605200,15.34000015258789,15.850000381469727,15.989999771118164,15.289999961853027,15.608794212341309
2016-06-17,15329700,16.299999237060547,16.030000686645508,16.31999969482422,15.630000114440918,15.786055564880371
2016-06-16,6165800,17.260000228881836,15.819999694824219,17.31999969482422,15.819999694824219,15.57925033569336
2016-06-15,4155600,16.1299991607666,16.770000457763672,17.049999237060547,15.880000114440918,16.514795303344727
2016-06-14,3682500,16.270000457763672,16.079999923706055,16.40999984741211,15.869999885559082,15.835293769836426
2016-06-13,4430200,16.979999542236328,16.219999313354492,17.030000686645508,15.9399995803833,15.973163604736328
2016-06-10,3666500,16.979999542236328,16.65999984741211,17.389999389648438,16.489999771118164,16.40646743774414
2016-06-09,2938000,16.56999969482422,16.950000762939453,16.989999771118164,16.43000030517578,16.69205665588379
2016-06-08,3791000,16.700000762939453,16.6200008392334,17.030000686645508,16.469999313354492,16.367076873779297
2016-06-07,2660900,15.970000267028809,15.8100004196167,16.149999618530273,15.65999984741211,15.569403648376465
2016-06-06,2956200,15.829999923706055,15.90999984741211,15.989999771118164,15.479999542236328,15.66788101196289
2016-06-03,5698900,14.960000038146973,15.890000343322754,15.960000038146973,14.960000038146973,15.648185729980469
2016-06-02,3735500,13.850000381469727,13.930000305175781,14.1899995803833,13.779999732971191,13.718013763427734
2016-06-01,3843300,13.760000228881836,13.729999542236328,14.0600004196167,13.430000305175781,13.521056175231934
2016-05-31,5546100,13.279999732971191,13.430000305175781,13.670000076293945,13.170000076293945,13.225622177124023
2016-05-27,3134300,13.710000038146973,13.380000114440918,13.859999656677246,13.329999923706055,13.176383018493652
2016-05-26,2870700,14.029999732971191,13.800000190734863,14.079999923706055,13.619999885559082,13.589991569519043
2016-05-25,5244900,13.449999809265137,13.8100004196167,13.949999809265137,13.180000305175781,13.59984016418457
2016-05-24,4715600,14.079999923706055,13.529999732971191,14.449999809265137,13.5,13.324100494384766
2016-05-23,3126800,14.0600004196167,14.380000114440918,14.739999771118164,14.0,14.161164283752441
2016-05-20,3601200,14.350000381469727,14.460000038146973,14.460000038146973,14.0,14.239947319030762
2016-05-19,5041000,13.420000076293945,14.289999961853027,14.510000228881836,13.40999984741211,14.072534561157227
2016-05-18,5257900,14.640000343322754,13.899999618530273,14.949999809265137,13.859999656677246,13.688469886779785
2016-05-17,5306500,15.050000190734863,14.989999771118164,15.34000015258789,14.770000457763672,14.761881828308105
2016-05-16,3793600,15.350000381469727,15.130000114440918,15.539999961853027,14.9399995803833,14.899751663208008
2016-05-13,4600300,15.470000267028809,15.149999618530273,15.670000076293945,15.069999694824219,14.91944694519043
2016-05-12,3746300,15.479999542236328,15.010000228881836,15.550000190734863,15.0,14.781578063964844
2016-05-11,5205200,14.899999618530273,15.270000457763672,15.3100004196167,14.729999542236328,15.03762149810791
2016-05-10,3184800,13.989999771118164,14.510000228881836,14.720000267028809,13.869999885559082,14.289186477661133
2016-05-09,5255700,14.8100004196167,14.109999656677246,15.069999694824219,14.050000190734863,13.895273208618164
2016-05-06,5945300,15.930000305175781,16.3700008392334,16.479999542236328,15.899999618530273,16.120882034301758
2016-05-05,4281900,14.989999771118164,15.6899995803833,15.880000114440918,14.949999809265137,15.451228141784668
2016-05-04,3934600,15.180000305175781,14.890000343322754,15.579999923706055,14.850000381469727,14.66340446472168
2016-05-03,3256800,15.920000076293945,15.470000267028809,16.040000915527344,15.350000381469727,15.234577178955078
2016-05-02,3519200,16.510000228881836,16.030000686645508,16.6299991607666,15.869999885559082,15.786055564880371
2016-04-29,7068200,15.819999694824219,16.450000762939453,16.450000762939453,15.65999984741211,16.199665069580078
2016-04-28,5417600,15.180000305175781,15.489999771118164,15.600000381469727,15.09000015258789,15.2542724609375
2016-04-27,3785900,14.460000038146973,14.529999732971191,14.770000457763672,14.239999771118164,14.308881759643555
2016-04-26,4730100,14.550000190734863,14.420000076293945,14.630000114440918,14.1899995803833,14.200555801391602
2016-04-25,2675200,14.75,14.600000381469727,14.880000114440918,14.529999732971191,14.377817153930664
2016-04-22,3519600,15.039999961853027,14.710000038146973,15.369999885559082,14.630000114440918,14.486143112182617
2016-04-21,4562400,15.289999961853027,15.109999656677246,15.369999885559082,14.729999542236328,14.88005542755127
2016-04-20,4513000,15.260000228881836,14.970000267028809,15.770000457763672,14.800000190734863,14.742186546325684
2016-04-19,5694500,15.430000305175781,15.289999961853027,15.5,14.899999618530273,15.057316780090332
2016-04-18,2377000,14.970000267028809,14.859999656677246,15.109999656677246,14.649999618530273,14.633859634399414
2016-04-15,3687700,14.649999618530273,14.960000038146973,15.25,14.529999732971191,14.732338905334473
2016-04-14,3986700,15.109999656677246,14.609999656677246,15.329999923706055,14.420000076293945,14.387663841247559
2016-04-13,4168700,15.25,15.229999542236328,15.760000228881836,15.170000076293945,14.998229026794434
2016-04-12,3704800,15.699999809265137,15.789999961853027,15.960000038146973,15.350000381469727,15.549707412719727
2016-04-11,5722500,15.369999885559082,15.569999694824219,15.59000015258789,15.140000343322754,15.333054542541504
2016-04-08,4543200,14.0600004196167,14.5600004196167,14.680000305175781,14.039999961853027,14.338425636291504
2016-04-07,5592600,14.100000381469727,14.210000038146973,14.5600004196167,14.100000381469727,13.993751525878906
2016-04-06,4436500,13.829999923706055,13.890000343322754,13.970000267028809,13.619999885559082,13.678622245788574
2016-04-05,5048400,13.550000190734863,13.75,13.859999656677246,13.270000457763672,13.540752410888672
2016-04-04,2588400,13.59000015258789,13.260000228881836,13.600000381469727,13.210000038146973,13.058209419250488
2016-04-01,3731500,13.359999656677246,13.739999771118164,13.760000228881836,13.239999771118164,13.530904769897461
2016-03-31,3303100,13.9399995803833,13.6899995803833,13.979999542236328,13.619999885559082,13.481664657592773
2016-03-30,4723400,13.75,13.75,14.0,13.460000038146973,13.540752410888672
2016-03-29,6216700,13.140000343322754,13.949999809265137,13.949999809265137,12.970000267028809,13.737709045410156
2016-03-28,2616700,13.079999923706055,13.050000190734863,13.170000076293945,12.829999923706055,12.851405143737793
2016-03-24,4064200,12.699999809265137,13.050000190734863,13.15999984741211,12.699999809265137,12.851405143737793
2016-03-23,5759600,13.119999885559082,12.850000381469727,13.460000038146973,12.760000228881836,12.654448509216309
2016-03-22,5121200,14.0600004196167,13.609999656677246,14.069999694824219,13.430000305175781,13.40288257598877
2016-03-21,4794400,13.460000038146973,13.4399995803833,13.680000305175781,13.260000228881836,13.235469818115234
2016-03-18,13315400,13.390000343322754,13.579999923706055,13.850000381469727,13.25,13.373339653015137
2016-03-17,6467400,14.0,13.260000228881836,14.09000015258789,13.15999984741211,13.058209419250488
2016-03-16,6547200,12.899999618530273,13.899999618530273,13.970000267028809,12.760000228881836,13.688469886779785
2016-03-15,5895100,12.65999984741211,13.079999923706055,13.119999885559082,12.390000343322754,12.880948066711426
2016-03-14,7137800,13.649999618530273,12.65999984741211,13.720000267028809,12.550000190734863,12.467340469360352
2016-03-11,7640400,13.779999732971191,13.470000267028809,13.859999656677246,13.369999885559082,13.265013694763184
2016-03-10,7137000,13.369999885559082,13.649999618530273,13.880000114440918,13.25,13.44227409362793
2016-03-09,7557800,12.90999984741211,13.149999618530273,13.430000305175781,12.520000457763672,12.949882507324219
2016-03-08,7746300,13.460000038146973,12.90999984741211,13.609999656677246,12.600000381469727,12.71353530883789
2016-03-07,8140200,13.350000381469727,13.399999618530273,13.770000457763672,13.0,13.196078300476074
2016-03-04,11853000,13.699999809265137,12.920000076293945,14.3100004196167,12.819999694824219,12.723382949829102
2016-03-03,7230900,12.65999984741211,13.279999732971191,13.579999923706055,12.65999984741211,13.07790470123291
2016-03-02,5284500,12.420000076293945,12.760000228881836,12.890000343322754,12.220000267028809,12.565817832946777
2016-03-01,7424100,13.079999923706055,12.1899995803833,13.119999885559082,12.130000114440918,12.004491806030273
2016-02-29,6151100,12.350000381469727,13.020000457763672,13.029999732971191,12.350000381469727,12.821861267089844
2016-02-26,6178800,12.039999961853027,12.149999618530273,12.5,11.770000457763672,11.965100288391113
2016-02-25,5509200,12.109999656677246,12.630000114440918,12.869999885559082,12.100000381469727,12.437796592712402
2016-02-24,7843400,12.199999809265137,12.050000190734863,12.739999771118164,11.850000381469727,11.866622924804688
2016-02-23,5300400,11.609999656677246,11.989999771118164,12.09000015258789,11.600000381469727,11.807536125183105
2016-02-22,5142400,10.850000381469727,11.34000015258789,11.609999656677246,10.680000305175781,11.167427062988281
2016-02-19,6892500,10.859999656677246,10.880000114440918,11.289999961853027,10.670000076293945,10.714427947998047
2016-02-18,8711500,10.329999923706055,11.260000228881836,11.279999732971191,9.859999656677246,11.088645935058594
2016-02-17,4167700,10.75,10.699999809265137,10.779999732971191,10.380000114440918,10.537166595458984
2016-02-16,5211200,11.0600004196167,10.489999771118164,11.319999694824219,10.4399995803833,10.330362319946289
2016-02-12,6046800,11.119999885559082,11.699999809265137,11.75,11.0600004196167,11.52194881439209
2016-02-11,8478100,11.460000038146973,11.40999984741211,11.699999809265137,10.789999961853027,11.236361503601074
2016-02-10,6366600,10.40999984741211,10.770000457763672,10.800000190734863,9.9399995803833,10.606101989746094
2016-02-09,5893700,10.899999618530273,10.40999984741211,11.229999542236328,10.380000114440918,10.251580238342285
2016-02-08,7526800,10.859999656677246,10.899999618530273,11.329999923706055,10.329999923706055,10.734123229980469
2016-02-05,8009300,9.510000228881836,10.729999542236328,10.739999771118164,9.329999923706055,10.566710472106934
2016-02-04,7873100,9.9399995803833,9.65999984741211,10.279999732971191,9.529999732971191,9.512993812561035
2016-02-03,7143900,8.739999771118164,9.470000267028809,9.489999771118164,8.729999542236328,9.325885772705078
2016-02-02,2902400,8.649999618530273,8.640000343322754,8.789999961853027,8.369999885559082,8.508517265319824
2016-02-01,3617600,8.529999732971191,8.670000076293945,8.84000015258789,8.5,8.53805923461914
2016-01-29,2869900,8.220000267028809,8.479999542236328,8.529999732971191,8.180000305175781,8.350951194763184
2016-01-28,4938400,8.460000038146973,8.239999771118164,8.470000267028809,7.96999979019165,8.114603042602539
2016-01-27,4584800,8.720000267028809,8.850000381469727,8.850000381469727,8.600000381469727,8.715320587158203
2016-01-26,5812900,8.829999923706055,8.760000228881836,9.0,8.630000114440918,8.626689910888672
2016-01-25,4300500,8.069999694824219,8.229999542236328,8.34000015258789,8.0600004196167,8.104755401611328
2016-01-22,2933800,7.960000038146973,7.849999904632568,8.09000015258789,7.739999771118164,7.730538368225098
2016-01-21,4755100,8.010000228881836,8.050000190734863,8.069999694824219,7.690000057220459,7.927495002746582
2016-01-20,6112600,7.630000114440918,7.929999828338623,8.050000190734863,7.619999885559082,7.80932092666626
2016-01-19,5190700,7.610000133514404,7.440000057220459,7.650000095367432,7.090000152587891,7.326777935028076
2016-01-15,6085700,8.140000343322754,7.329999923706055,8.140000343322754,7.260000228881836,7.218451976776123
2016-01-14,4585600,7.880000114440918,7.420000076293945,7.909999847412109,7.25,7.307082176208496
2016-01-13,2944900,7.769999980926514,7.860000133514404,7.960000038146973,7.710000038146973,7.740386486053467
2016-01-12,4186500,8.029999732971191,7.829999923706055,8.050000190734863,7.619999885559082,7.710842609405518
2016-01-11,4286300,8.1899995803833,7.909999847412109,8.380000114440918,7.789999961853027,7.78962516784668
2016-01-08,2825400,7.679999828338623,7.900000095367432,7.940000057220459,7.670000076293945,7.779777526855469
2016-01-07,3467900,7.829999923706055,7.880000114440918,8.029999732971191,7.590000152587891,7.760082244873047
2016-01-06,2438100,7.53000020980835,7.71999979019165,7.739999771118164,7.460000038146973,7.6025166511535645
2016-01-05,1626600,7.489999771118164,7.360000133514404,7.489999771118164,7.269999980926514,7.247995376586914
2016-01-04,2395500,7.239999771118164,7.460000038146973,7.570000171661377,7.190000057220459,7.346473693847656
2015-12-31,1834800,7.03000020980835,7.099999904632568,7.110000133514404,6.949999809265137,6.991951942443848
2015-12-30,1475700,6.949999809265137,7.03000020980835,7.079999923706055,6.940000057220459,6.923017501831055
2015-12-29,1217500,7.21999979019165,7.210000038146973,7.289999961853027,7.099999904632568,7.100277900695801
2015-12-28,1200000,7.230000019073486,7.079999923706055,7.260000228881836,7.019999980926514,6.972256183624268
2015-12-24,912400,7.269999980926514,7.46999979019165,7.539999961853027,7.269999980926514,7.356321334838867
2015-12-23,1947500,7.119999885559082,7.340000152587891,7.360000133514404,7.110000133514404,7.228300094604492
2015-12-22,1757400,6.989999771118164,6.980000019073486,7.099999904632568,6.889999866485596,6.873778343200684
2015-12-21,2553000,7.139999866485596,7.099999904632568,7.21999979019165,7.039999961853027,6.991951942443848
2015-12-18,4703100,6.739999771118164,6.800000190734863,6.920000076293945,6.630000114440918,6.6965179443359375
2015-12-17,3440800,6.820000171661377,6.449999809265137,6.820000171661377,6.380000114440918,6.351843357086182
2015-12-16,4110600,6.96999979019165,7.099999904632568,7.199999809265137,6.880000114440918,6.991951942443848
2015-12-15,3528700,6.840000152587891,6.829999923706055,7.059999942779541,6.78000020980835,6.72606086730957
2015-12-14,6116100,6.960000038146973,6.489999771118164,7.03000020980835,6.340000152587891,6.391234874725342
2015-12-11,4735700,6.989999771118164,7.239999771118164,7.510000228881836,6.940000057220459,7.129821300506592
2015-12-10,5220800,6.960000038146973,7.210000038146973,7.329999923706055,6.960000038146973,7.100277900695801
2015-12-09,2995300,6.619999885559082,6.610000133514404,6.739999771118164,6.510000228881836,6.509408950805664
2015-12-08,2772800,6.510000228881836,6.409999847412109,6.559999942779541,6.289999961853027,6.31245231628418
2015-12-07,2754700,6.659999847412109,6.510000228881836,6.769999980926514,6.449999809265137,6.410930633544922
2015-12-04,5225100,6.260000228881836,6.840000152587891,6.840000152587891,6.25,6.7359089851379395
2015-12-03,2602400,6.46999979019165,6.460000038146973,6.579999923706055,6.320000171661377,6.361691474914551
2015-12-02,2859700,6.409999847412109,6.360000133514404,6.46999979019165,6.199999809265137,6.263213157653809
2015-12-01,3376700,6.400000095367432,6.590000152587891,6.619999885559082,6.329999923706055,6.489713191986084
2015-11-30,2938200,6.289999961853027,6.400000095367432,6.46999979019165,6.25,6.302604675292969
2015-11-27,2417200,6.309999942779541,6.269999980926514,6.380000114440918,6.239999771118164,6.1745829582214355
2015-11-25,2674600,6.579999923706055,6.579999923706055,6.679999828338623,6.480000019073486,6.479865074157715
2015-11-24,3390100,6.769999980926514,6.809999942779541,6.949999809265137,6.730000019073486,6.70636510848999
2015-11-23,2417500,6.579999923706055,6.539999961853027,6.650000095367432,6.519999980926514,6.440474033355713
2015-11-20,2649100,7.070000171661377,6.659999847412109,7.079999923706055,6.590000152587891,6.558647632598877
2015-11-19,3564000,6.960000038146973,6.980000019073486,7.070000171661377,6.75,6.873778343200684
2015-11-18,3433400,6.46999979019165,6.659999847412109,6.71999979019165,6.309999942779541,6.558647632598877
2015-11-17,3674900,6.670000076293945,6.480000019073486,6.690000057220459,6.440000057220459,6.381387233734131
2015-11-16,3395200,6.829999923706055,6.820000171661377,6.949999809265137,6.730000019073486,6.716213226318359
2015-11-13,3330600,6.619999885559082,6.889999866485596,6.949999809265137,6.610000133514404,6.785147666931152
2015-11-12,3824700,6.710000038146973,6.789999961853027,7.059999942779541,6.679999828338623,6.686669826507568
2015-11-11,2986500,6.75,7.039999961853027,7.110000133514404,6.710000038146973,6.932864665985107
2015-11-10,3215600,6.960000038146973,6.940000057220459,7.090000152587891,6.860000133514404,6.834387302398682
2015-11-09,4383000,6.920000076293945,7.110000133514404,7.119999885559082,6.800000190734863,7.001800060272217
2015-11-06,4422300,7.190000057220459,7.059999942779541,7.230000019073486,6.760000228881836,6.9525604248046875
2015-11-05,5133700,7.760000228881836,7.570000171661377,7.789999961853027,7.510000228881836,7.454800128936768
2015-11-04,8483400,8.5,7.840000152587891,8.529999732971191,7.829999923706055,7.720690727233887
2015-11-03,4163200,8.380000114440918,8.449999809265137,8.539999961853027,8.239999771118164,8.32140827178955
2015-11-02,3194900,8.40999984741211,8.550000190734863,8.680000305175781,8.229999542236328,8.419886589050293
2015-10-30,3643500,8.300000190734863,8.4399995803833,8.760000228881836,8.289999961853027,8.311559677124023
2015-10-29,6496700,8.630000114440918,8.279999732971191,8.729999542236328,8.270000457763672,8.1539945602417
2015-10-28,6489400,9.010000228881836,8.739999771118164,9.270000457763672,8.460000038146973,8.606993675231934
2015-10-27,2578200,8.699999809265137,8.859999656677246,8.9399995803833,8.630000114440918,8.725167274475098
2015-10-26,2520400,9.140000343322754,8.789999961853027,9.140000343322754,8.760000228881836,8.656232833862305
2015-10-23,6701500,9.050000190734863,9.039999961853027,9.100000381469727,8.75,8.90242862701416
2015-10-22,3018500,8.720000267028809,8.869999885559082,8.989999771118164,8.699999809265137,8.735015869140625
2015-10-21,2870000,9.0,8.569999694824219,9.010000228881836,8.5,8.439581871032715
2015-10-20,5549100,8.90999984741211,9.079999923706055,9.15999984741211,8.890000343322754,8.94182014465332
2015-10-19,3678500,9.270000457763672,8.779999732971191,9.270000457763672,8.710000038146973,8.646385192871094
2015-10-16,3484800,9.729999542236328,9.34000015258789,9.739999771118164,9.3100004196167,9.197863578796387
2015-10-15,7913700,9.670000076293945,9.720000267028809,9.8100004196167,9.5600004196167,9.572081565856934
2015-10-14,10360700,9.5,9.930000305175781,9.949999809265137,9.359999656677246,9.778885841369629
2015-10-13,2483600,9.319999694824219,9.220000267028809,9.619999885559082,9.199999809265137,9.079689979553223
2015-10-12,5649900,9.8100004196167,9.479999542236328,9.880000114440918,9.34000015258789,9.335732460021973
2015-10-09,4501900,9.5,9.550000190734863,9.579999923706055,9.399999618530273,9.404667854309082
2015-10-08,8937200,9.0,9.0600004196167,9.380000114440918,8.899999618530273,8.922124862670898
2015-10-07,4885800,9.180000305175781,8.75,9.239999771118164,8.710000038146973,8.616842269897461
2015-10-06,4866300,8.949999809265137,9.050000190734863,9.140000343322754,8.75,8.912277221679688
2015-10-05,7955100,8.479999542236328,8.529999732971191,8.59000015258789,8.380000114440918,8.400190353393555
2015-10-02,7135700,8.270000457763672,8.399999618530273,8.449999809265137,8.210000038146973,8.272168159484863
2015-10-01,3924600,8.270000457763672,7.96999979019165,8.350000381469727,7.940000057220459,7.848711967468262
2015-09-30,3940100,7.570000171661377,8.1899995803833,8.220000267028809,7.570000171661377,8.065363883972168
2015-09-29,2800600,7.550000190734863,7.699999809265137,7.920000076293945,7.539999961853027,7.582820892333984
2015-09-28,4096300,7.760000228881836,7.380000114440918,7.769999980926514,7.320000171661377,7.267691135406494
2015-09-25,3932200,8.199999809265137,8.0600004196167,8.229999542236328,7.820000171661377,7.937343120574951
2015-09-24,3681900,8.079999923706055,8.380000114440918,8.449999809265137,8.0600004196167,8.252473831176758
2015-09-23,2386800,8.180000305175781,7.849999904632568,8.239999771118164,7.820000171661377,7.730538368225098
2015-09-22,2809000,8.09000015258789,8.15999984741211,8.329999923706055,7.989999771118164,8.035820960998535
2015-09-21,3400200,8.239999771118164,8.369999885559082,8.5600004196167,8.170000076293945,8.24262523651123
2015-09-18,6114400,8.449999809265137,8.5,8.600000381469727,8.289999961853027,8.370647430419922
2015-09-17,6813300,7.989999771118164,8.25,8.3100004196167,7.849999904632568,8.124451637268066
2015-09-16,5822000,7.739999771118164,7.949999809265137,8.010000228881836,7.739999771118164,7.82901668548584
2015-09-15,3431800,7.329999923706055,7.539999961853027,7.730000019073486,7.320000171661377,7.425256252288818
2015-09-14,2862100,7.369999885559082,7.340000152587891,7.559999942779541,7.179999828338623,7.228300094604492
2015-09-11,4712000,7.340000152587891,7.380000114440918,7.409999847412109,6.829999923706055,7.267691135406494
2015-09-10,3356200,7.610000133514404,7.619999885559082,7.809999942779541,7.550000190734863,7.5040388107299805
2015-09-09,2921700,7.659999847412109,7.510000228881836,7.800000190734863,7.429999828338623,7.395712852478027
2015-09-08,3576400,7.599999904632568,7.800000190734863,7.949999809265137,7.5,7.681299686431885
2015-09-04,2203100,7.510000228881836,7.599999904632568,7.71999979019165,7.340000152587891,7.4843430519104
2015-09-03,3379700,7.449999809265137,7.670000076293945,8.020000457763672,7.429999828338623,7.553277492523193
2015-09-02,2708700,7.599999904632568,7.610000133514404,7.730000019073486,7.380000114440918,7.4941911697387695
2015-09-01,4170800,8.25,7.610000133514404,8.369999885559082,7.579999923706055,7.4941911697387695
2015-08-31,4495500,7.840000152587891,8.119999885559082,8.15999984741211,7.590000152587891,7.996429443359375
2015-08-28,5496500,7.739999771118164,8.119999885559082,8.199999809265137,7.670000076293945,7.996429443359375
2015-08-27,7191400,7.170000076293945,7.610000133514404,7.630000114440918,7.119999885559082,7.4941911697387695
2015-08-26,5561700,7.570000171661377,7.179999828338623,7.599999904632568,7.119999885559082,7.07073450088501
2015-08-25,5939600,8.449999809265137,7.699999809265137,8.460000038146973,7.639999866485596,7.582820892333984
2015-08-24,12711000,8.0,8.300000190734863,8.3100004196167,7.940000057220459,8.173690795898438
2015-08-21,7799400,8.819999694824219,8.130000114440918,8.880000114440918,8.0,8.006278038024902
2015-08-20,8409000,7.900000095367432,8.289999961853027,8.569999694824219,7.849999904632568,8.163843154907227
2015-08-19,6173200,6.860000133514404,7.46999979019165,7.570000171661377,6.860000133514404,7.356321334838867
2015-08-18,2814100,6.619999885559082,6.75,6.840000152587891,6.559999942779541,6.647278308868408
2015-08-17,3716300,6.599999904632568,6.730000019073486,6.800000190734863,6.519999980926514,6.627582550048828
2015-08-14,2005800,6.489999771118164,6.25,6.559999942779541,6.230000019073486,6.154887676239014
2015-08-13,3762600,6.579999923706055,6.300000190734863,6.699999809265137,6.260000228881836,6.204126834869385
2015-08-12,5458000,6.489999771118164,6.949999809265137,6.989999771118164,6.489999771118164,6.844234943389893
2015-08-11,3417700,6.289999961853027,6.380000114440918,6.400000095367432,6.070000171661377,6.282908916473389
2015-08-10,3495200,5.78000020980835,6.289999961853027,6.300000190734863,5.710000038146973,6.194278717041016
2015-08-07,2963300,5.889999866485596,5.730000019073486,6.059999942779541,5.679999828338623,5.642800331115723
2015-08-06,2941700,5.739999771118164,5.829999923706055,5.989999771118164,5.679999828338623,5.741278648376465
2015-08-05,2248500,5.880000114440918,5.679999828338623,5.960000038146973,5.639999866485596,5.593561172485352
2015-08-04,2949100,5.920000076293945,5.78000020980835,6.0,5.670000076293945,5.692039966583252
2015-08-03,3128000,6.0,5.909999847412109,6.019999980926514,5.849999904632568,5.820061206817627
2015-07-31,3015600,6.260000228881836,6.119999885559082,6.329999923706055,6.03000020980835,6.026865482330322
2015-07-30,4411100,6.170000076293945,6.070000171661377,6.300000190734863,6.039999961853027,5.977626800537109
2015-07-29,4064200,6.199999809265137,6.46999979019165,6.550000190734863,6.099999904632568,6.371539115905762
2015-07-28,3311600,6.389999866485596,6.320000171661377,6.5,6.260000228881836,6.223822593688965
2015-07-27,5307900,6.650000095367432,6.360000133514404,6.840000152587891,6.289999961853027,6.263213157653809
2015-07-24,7682100,6.199999809265137,6.78000020980835,6.800000190734863,6.119999885559082,6.676822185516357
2015-07-23,3974800,6.880000114440918,6.550000190734863,6.960000038146973,6.46999979019165,6.450322151184082
2015-07-22,3482600,6.670000076293945,6.75,6.869999885559082,6.599999904632568,6.647278308868408
2015-07-21,3150400,6.869999885559082,6.829999923706055,7.010000228881836,6.730000019073486,6.72606086730957
2015-07-20,5814700,6.960000038146973,6.739999771118164,7.079999923706055,6.699999809265137,6.637430191040039
2015-07-17,3993900,7.880000114440918,7.489999771118164,7.920000076293945,7.460000038146973,7.376017093658447
2015-07-16,1342300,7.989999771118164,7.96999979019165,8.100000381469727,7.940000057220459,7.848711967468262
2015-07-15,2017300,8.260000228881836,8.109999656677246,8.369999885559082,8.079999923706055,7.986581802368164
2015-07-14,1883700,8.279999732971191,8.270000457763672,8.390000343322754,8.239999771118164,8.144147872924805
2015-07-13,2145300,8.010000228881836,8.109999656677246,8.149999618530273,7.869999885559082,7.986581802368164
2015-07-10,1751400,8.199999809265137,8.100000381469727,8.260000228881836,8.039999961853027,7.976734638214111
2015-07-09,1384500,8.25,8.1899995803833,8.329999923706055,8.09000015258789,8.065363883972168
2015-07-08,2704000,8.460000038146973,8.069999694824219,8.5600004196167,8.029999732971191,7.947190284729004
2015-07-07,3402300,8.609999656677246,8.40999984741211,8.670000076293945,8.350000381469727,8.28201675415039
2015-07-06,2442600,8.65999984741211,8.850000381469727,8.970000267028809,8.630000114440918,8.715320587158203
2015-07-02,3097500,8.430000305175781,8.8100004196167,8.829999923706055,8.40999984741211,8.675929069519043
2015-07-01,2524400,8.829999923706055,8.449999809265137,8.829999923706055,8.369999885559082,8.32140827178955
2015-06-30,2885500,8.979999542236328,8.949999809265137,9.210000038146973,8.890000343322754,8.813797950744629
2015-06-29,1516800,9.15999984741211,9.130000114440918,9.279999732971191,9.09000015258789,8.991059303283691
2015-06-26,1754200,8.979999542236328,9.109999656677246,9.180000305175781,8.970000267028809,8.971363067626953
2015-06-25,1545900,9.039999961853027,9.020000457763672,9.130000114440918,8.960000038146973,8.882733345031738
2015-06-24,1907100,8.949999809265137,8.960000038146973,9.039999961853027,8.859999656677246,8.823646545410156
2015-06-23,2652000,8.920000076293945,8.9399995803833,9.109999656677246,8.880000114440918,8.803950309753418
2015-06-22,2865700,9.170000076293945,8.979999542236328,9.210000038146973,8.970000267028809,8.843341827392578
2015-06-19,8862700,9.6899995803833,9.270000457763672,9.75,9.239999771118164,9.128929138183594
2015-06-18,3961100,9.399999618530273,9.600000381469727,9.789999961853027,9.399999618530273,9.45390796661377
2015-06-17,3075800,8.880000114440918,9.1899995803833,9.220000267028809,8.770000457763672,9.050146102905273
2015-06-16,2282900,8.930000305175781,8.90999984741211,9.050000190734863,8.829999923706055,8.774407386779785
2015-06-15,3650500,8.899999618530273,9.020000457763672,9.100000381469727,8.760000228881836,8.882733345031738
2015-06-12,2487400,9.1899995803833,9.0600004196167,9.270000457763672,9.0600004196167,8.922124862670898
2015-06-11,2308600,9.4399995803833,9.0,9.449999809265137,8.979999542236328,8.863037109375
2015-06-10,3063500,9.65999984741211,9.449999809265137,9.670000076293945,9.359999656677246,9.30618953704834
2015-06-09,4979100,9.579999923706055,9.300000190734863,9.65999984741211,9.239999771118164,9.158473014831543
2015-06-08,2744600,8.699999809265137,8.720000267028809,8.720000267028809,8.430000305175781,8.587298393249512
2015-06-05,2144000,8.649999618530273,8.720000267028809,8.869999885559082,8.619999885559082,8.587298393249512
2015-06-04,5443800,8.880000114440918,8.850000381469727,8.979999542236328,8.710000038146973,8.715320587158203
2015-06-03,2663400,9.380000114440918,9.210000038146973,9.380000114440918,9.119999885559082,9.069842338562012
2015-06-02,1979200,9.369999885559082,9.399999618530273,9.510000228881836,9.300000190734863,9.256950378417969
2015-06-01,2210800,9.65999984741211,9.369999885559082,9.720000267028809,9.279999732971191,9.227407455444336
2015-05-29,1863500,9.640000343322754,9.579999923706055,9.729999542236328,9.529999732971191,9.434211730957031
2015-05-28,3252600,9.34000015258789,9.600000381469727,9.640000343322754,9.329999923706055,9.45390796661377
2015-05-27,3143700,9.380000114440918,9.420000076293945,9.520000457763672,9.319999694824219,9.276646614074707
2015-05-26,2997800,9.720000267028809,9.600000381469727,9.720000267028809,9.520000457763672,9.45390796661377
2015-05-22,2506400,10.260000228881836,9.960000038146973,10.279999732971191,9.880000114440918,9.808428764343262
2015-05-21,1871200,10.319999694824219,10.239999771118164,10.430000305175781,10.220000267028809,10.084166526794434
2015-05-20,2286500,10.460000038146973,10.350000381469727,10.529999732971191,10.319999694824219,10.192493438720703
2015-05-19,3469700,10.579999923706055,10.420000076293945,10.680000305175781,10.399999618530273,10.261427879333496
2015-05-18,2198000,11.029999732971191,10.920000076293945,11.09000015258789,10.829999923706055,10.753819465637207
2015-05-15,3877700,10.9399995803833,10.979999542236328,11.270000457763672,10.899999618530273,10.812906265258789
2015-05-14,2707600,11.319999694824219,11.380000114440918,11.739999771118164,11.270000457763672,11.206818580627441
2015-05-13,4036400,11.329999923706055,11.199999809265137,11.399999618530273,11.15999984741211,11.029558181762695
2015-05-12,2648500,11.109999656677246,11.119999885559082,11.239999771118164,10.979999542236328,10.950776100158691
2015-05-11,3032900,11.40999984741211,11.140000343322754,11.579999923706055,10.960000038146973,10.97047233581543
2015-05-08,3191800,11.100000381469727,11.260000228881836,11.449999809265137,10.979999542236328,11.088645935058594
2015-05-07,4489200,10.779999732971191,11.239999771118164,11.25,10.760000228881836,11.068949699401855
2015-05-06,2773900,11.640000343322754,11.15999984741211,11.6899995803833,11.100000381469727,10.990166664123535
2015-05-05,2287900,11.729999542236328,11.489999771118164,11.800000190734863,11.369999885559082,11.315144538879395
2015-05-04,2490000,11.579999923706055,11.470000267028809,11.729999542236328,11.420000076293945,11.295449256896973
2015-05-01,2066200,11.079999923706055,11.430000305175781,11.489999771118164,11.069999694824219,11.256057739257812
2015-04-30,3263600,11.170000076293945,11.329999923706055,11.399999618530273,10.989999771118164,11.157580375671387
2015-04-29,3288200,11.420000076293945,11.619999885559082,11.800000190734863,11.289999961853027,11.44316577911377
2015-04-28,4443500,11.199999809265137,11.430000305175781,11.489999771118164,11.149999618530273,11.256057739257812
2015-04-27,4398000,10.979999542236328,10.930000305175781,11.270000457763672,10.859999656677246,10.763667106628418
2015-04-24,4087900,10.880000114440918,10.649999618530273,10.970000267028809,10.609999656677246,10.487927436828613
2015-04-23,2920300,11.029999732971191,11.119999885559082,11.260000228881836,10.899999618530273,10.950776100158691
2015-04-22,2998400,11.390000343322754,11.079999923706055,11.510000228881836,11.069999694824219,10.911384582519531
2015-04-21,2972700,11.34000015258789,11.539999961853027,11.640000343322754,11.3100004196167,11.364383697509766
2015-04-20,9859800,11.3100004196167,11.539999961853027,11.579999923706055,11.270000457763672,11.364383697509766
2015-04-17,3539700,11.220000267028809,11.40999984741211,11.520000457763672,11.1899995803833,11.236361503601074
2015-04-16,4879500,11.510000228881836,11.279999732971191,11.510000228881836,11.039999961853027,11.108341217041016
2015-04-15,5253300,10.819999694824219,11.420000076293945,11.460000038146973,10.8100004196167,11.246210098266602
2015-04-14,3808000,10.449999809265137,10.880000114440918,10.930000305175781,10.430000305175781,10.714427947998047
2015-04-13,2517900,10.34000015258789,10.319999694824219,10.479999542236328,10.210000038146973,10.162949562072754
2015-04-10,3106400,9.819999694824219,10.239999771118164,10.239999771118164,9.770000457763672,10.084166526794434
2015-04-09,1980300,9.59000015258789,9.520000457763672,9.710000038146973,9.5,9.37512493133545
2015-04-08,3417600,10.010000228881836,9.75,10.149999618530273,9.6899995803833,9.601624488830566
2015-04-07,4179400,10.079999923706055,9.920000076293945,10.260000228881836,9.880000114440918,9.769037246704102
2015-04-06,3876000,9.770000457763672,10.0600004196167,10.149999618530273,9.739999771118164,9.906907081604004
2015-04-02,4319900,9.819999694824219,9.420000076293945,9.859999656677246,9.40999984741211,9.276646614074707
2015-04-01,3841300,9.4399995803833,9.65999984741211,9.770000457763672,9.40999984741211,9.512993812561035
2015-03-31,2704600,9.609999656677246,9.34000015258789,9.789999961853027,9.279999732971191,9.197863578796387
2015-03-30,2710100,9.600000381469727,9.479999542236328,9.680000305175781,9.460000038146973,9.335732460021973
2015-03-27,2468000,9.859999656677246,9.859999656677246,10.0600004196167,9.680000305175781,9.70995044708252
2015-03-26,4039600,10.430000305175781,10.100000381469727,10.510000228881836,9.880000114440918,9.946297645568848
2015-03-25,2428600,10.109999656677246,9.9399995803833,10.210000038146973,9.920000076293945,9.788732528686523
2015-03-24,2786800,10.039999961853027,9.960000038146973,10.149999618530273,9.850000381469727,9.808428764343262
2015-03-23,3350900,9.859999656677246,9.989999771118164,10.079999923706055,9.850000381469727,9.837972640991211
2015-03-20,6866100,9.529999732971191,9.84000015258789,9.989999771118164,9.510000228881836,9.690255165100098
2015-03-19,2808000,9.479999542236328,9.399999618530273,9.520000457763672,9.140000343322754,9.256950378417969
2015-03-18,4311000,8.880000114440918,9.569999694824219,9.65999984741211,8.859999656677246,9.424363136291504
2015-03-17,2635400,8.699999809265137,8.859999656677246,9.039999961853027,8.609999656677246,8.725167274475098
2015-03-16,3019900,8.670000076293945,8.800000190734863,8.890000343322754,8.550000190734863,8.666081428527832
2015-03-13,3043300,8.869999885559082,8.640000343322754,8.930000305175781,8.4399995803833,8.508517265319824
2015-03-12,2278500,9.239999771118164,9.050000190734863,9.279999732971191,8.930000305175781,8.912277221679688
2015-03-11,2732100,9.0,9.329999923706055,9.359999656677246,8.850000381469727,9.188015937805176
2015-03-10,3402500,8.979999542236328,8.970000267028809,9.359999656677246,8.890000343322754,8.833494186401367
2015-03-09,3318400,9.59000015258789,9.130000114440918,9.630000114440918,9.100000381469727,8.991059303283691
2015-03-06,4192100,9.989999771118164,9.5600004196167,10.020000457763672,9.529999732971191,9.41451644897461
2015-03-05,1560300,10.479999542236328,10.289999961853027,10.640000343322754,10.270000457763672,10.133406639099121
2015-03-04,2128500,10.710000038146973,10.489999771118164,10.739999771118164,10.40999984741211,10.330362319946289
2015-03-03,2461700,11.010000228881836,10.600000381469727,11.09000015258789,10.5600004196167,10.438689231872559
2015-03-02,2519200,11.289999961853027,10.899999618530273,11.369999885559082,10.819999694824219,10.734123229980469
2015-02-27,2140500,11.319999694824219,11.270000457763672,11.470000267028809,11.229999542236328,11.098493576049805
2015-02-26,3021700,11.359999656677246,11.15999984741211,11.369999885559082,11.140000343322754,10.990166664123535
2015-02-25,2548500,11.369999885559082,11.1899995803833,11.40999984741211,11.100000381469727,11.019710540771484
2015-02-24,2864200,11.15999984741211,11.109999656677246,11.420000076293945,11.069999694824219,10.940927505493164
2015-02-23,3211500,11.289999961853027,11.350000381469727,11.630000114440918,11.100000381469727,11.177275657653809
2015-02-20,3269000,11.710000038146973,11.470000267028809,11.890000343322754,11.460000038146973,11.295449256896973
2015-02-19,3688600,12.020000457763672,11.569999694824219,12.039999961853027,11.520000457763672,11.393926620483398
2015-02-18,3399900,11.739999771118164,12.010000228881836,12.109999656677246,11.630000114440918,11.827231407165527
2015-02-17,2687200,11.930000305175781,11.819999694824219,12.0,11.760000228881836,11.640122413635254
2015-02-13,3509400,12.220000267028809,12.329999923706055,12.4399995803833,12.15999984741211,12.142361640930176
2015-02-12,4729200,12.050000190734863,11.970000267028809,12.140000343322754,11.800000190734863,11.787840843200684
2015-02-11,2714300,12.109999656677246,11.869999885559082,12.180000305175781,11.84000015258789,11.689361572265625
2015-02-10,2636600,12.100000381469727,12.220000267028809,12.329999923706055,11.9399995803833,12.034036636352539
2015-02-09,3395600,12.239999771118164,12.430000305175781,12.489999771118164,12.220000267028809,12.240840911865234
2015-02-06,4059600,12.119999885559082,12.260000228881836,12.529999732971191,12.069999694824219,12.073427200317383
2015-02-05,2056700,12.65999984741211,12.989999771118164,13.0,12.630000114440918,12.792317390441895
2015-02-04,5070100,12.630000114440918,12.760000228881836,12.880000114440918,12.430000305175781,12.565817832946777
2015-02-03,5496300,12.90999984741211,12.789999961853027,13.119999885559082,12.59000015258789,12.59536075592041
2015-02-02,5484600,12.029999732971191,12.770000457763672,12.880000114440918,11.949999809265137,12.575665473937988
2015-01-30,5673800,11.680000305175781,12.380000114440918,12.380000114440918,11.579999923706055,12.191600799560547
2015-01-29,3267200,11.25,11.4399995803833,11.5,11.119999885559082,11.265905380249023
2015-01-28,4245600,11.329999923706055,11.399999618530273,11.699999809265137,11.220000267028809,11.226513862609863
2015-01-27,4434800,10.949999809265137,11.640000343322754,11.699999809265137,10.9399995803833,11.462862014770508
2015-01-26,4402300,10.670000076293945,10.920000076293945,10.930000305175781,10.550000190734863,10.753819465637207
2015-01-23,4131700,11.1899995803833,10.920000076293945,11.1899995803833,10.779999732971191,10.753819465637207
2015-01-22,5303400,11.600000381469727,11.359999656677246,11.729999542236328,11.220000267028809,11.187122344970703
2015-01-21,7122300,11.6899995803833,11.420000076293945,11.880000114440918,11.1899995803833,11.246210098266602
2015-01-20,5281100,11.619999885559082,11.5600004196167,11.710000038146973,11.350000381469727,11.384079933166504
2015-01-16,5323200,11.020000457763672,10.989999771118164,11.449999809265137,10.880000114440918,10.82275390625
2015-01-15,7328400,11.029999732971191,11.029999732971191,11.319999694824219,10.930000305175781,10.86214542388916
2015-01-14,4856300,10.710000038146973,10.420000076293945,10.770000457763672,10.140000343322754,10.261427879333496
2015-01-13,6024900,11.079999923706055,10.460000038146973,11.109999656677246,10.3100004196167,10.300819396972656
2015-01-12,5486500,10.239999771118164,10.770000457763672,10.9399995803833,10.1899995803833,10.606101989746094
2015-01-09,3976900,9.739999771118164,10.140000343322754,10.149999618530273,9.739999771118164,9.985689163208008
2015-01-08,3551100,9.680000305175781,9.569999694824219,10.020000457763672,9.5,9.424363136291504
2015-01-07,3908000,9.5,9.5600004196167,9.859999656677246,9.350000381469727,9.41451644897461
2015-01-06,6675800,9.329999923706055,9.739999771118164,9.800000190734863,9.25,9.591776847839355
2015-01-05,3890600,8.930000305175781,9.170000076293945,9.170000076293945,8.699999809265137,9.030450820922852
2015-01-02,2678100,8.529999732971191,8.779999732971191,8.800000190734863,8.40999984741211,8.646385192871094
2014-12-31,2494700,8.59000015258789,8.699999809265137,8.800000190734863,8.430000305175781,8.567602157592773
2014-12-30,3717000,8.640000343322754,8.75,8.960000038146973,8.640000343322754,8.616842269897461
2014-12-29,2446800,8.720000267028809,8.399999618530273,8.729999542236328,8.319999694824219,8.272168159484863
2014-12-26,3057800,8.579999923706055,8.739999771118164,8.850000381469727,8.489999771118164,8.606993675231934
2014-12-24,2015600,8.039999961853027,8.390000343322754,8.5,7.980000019073486,8.262321472167969
2014-12-23,4084700,8.010000228881836,8.149999618530273,8.630000114440918,8.010000228881836,8.025973320007324
2014-12-22,5227400,8.720000267028809,8.029999732971191,8.720000267028809,7.949999809265137,7.907799243927002
2014-12-19,16479500,8.649999618530273,8.729999542236328,8.800000190734863,8.5,8.597146034240723
2014-12-18,4657500,8.510000228881836,8.680000305175781,8.739999771118164,8.350000381469727,8.547907829284668
2014-12-17,5657400,7.71999979019165,8.15999984741211,8.199999809265137,7.71999979019165,8.035820960998535
2014-12-16,4727700,7.730000019073486,7.519999980926514,7.880000114440918,7.449999809265137,7.405560493469238
2014-12-15,5242600,8.119999885559082,7.480000019073486,8.289999961853027,7.480000019073486,7.366169452667236
2014-12-12,4171500,8.210000038146973,8.210000038146973,8.40999984741211,8.039999961853027,8.085060119628906
2014-12-11,4260800,8.359999656677246,8.270000457763672,8.600000381469727,8.130000114440918,8.144147872924805
2014-12-10,4982000,8.949999809265137,8.460000038146973,9.119999885559082,8.4399995803833,8.331255912780762
2014-12-09,4848100,8.84000015258789,9.079999923706055,9.270000457763672,8.800000190734863,8.94182014465332
2014-12-08,4427700,8.539999961853027,8.65999984741211,8.789999961853027,8.199999809265137,8.528212547302246
2014-12-05,2874200,8.649999618530273,8.520000457763672,8.720000267028809,8.449999809265137,8.39034366607666
2014-12-04,2858000,9.0,8.8100004196167,9.140000343322754,8.770000457763672,8.675929069519043
2014-12-03,3507800,8.979999542236328,9.100000381469727,9.260000228881836,8.979999542236328,8.961516380310059
2014-12-02,3457100,9.010000228881836,8.850000381469727,9.260000228881836,8.760000228881836,8.715320587158203
2014-12-01,3981600,8.760000228881836,9.34000015258789,9.4399995803833,8.729999542236328,9.197863578796387
2014-11-28,2898900,9.229999542236328,8.5600004196167,9.239999771118164,8.5600004196167,8.429734230041504
2014-11-26,2559400,9.869999885559082,9.739999771118164,9.960000038146973,9.619999885559082,9.591776847839355
2014-11-25,2640000,9.529999732971191,9.970000267028809,9.989999771118164,9.529999732971191,9.818277359008789
2014-11-24,2507500,9.720000267028809,9.5600004196167,9.770000457763672,9.4399995803833,9.41451644897461
2014-11-21,4683600,9.930000305175781,9.890000343322754,10.210000038146973,9.65999984741211,9.739494323730469
2014-11-20,3851500,9.510000228881836,9.569999694824219,9.859999656677246,9.3100004196167,9.424363136291504
2014-11-19,7361800,10.079999923706055,9.34000015258789,10.149999618530273,9.3100004196167,9.197863578796387
2014-11-18,6060200,9.789999961853027,10.270000457763672,10.319999694824219,9.699999809265137,10.1137113571167
2014-11-17,3941000,9.180000305175781,9.65999984741211,9.720000267028809,9.0600004196167,9.512993812561035
2014-11-14,6551200,8.550000190734863,9.5600004196167,9.630000114440918,8.399999618530273,9.41451644897461
2014-11-13,2947500,8.90999984741211,8.720000267028809,9.069999694824219,8.649999618530273,8.587298393249512
2014-11-12,3345000,9.239999771118164,9.0,9.380000114440918,8.8100004196167,8.863037109375
2014-11-11,2107100,8.930000305175781,9.180000305175781,9.380000114440918,8.880000114440918,9.040298461914062
2014-11-10,4742000,9.5,8.850000381469727,9.569999694824219,8.800000190734863,8.715320587158203
2014-11-07,4612000,9.210000038146973,9.819999694824219,9.859999656677246,9.079999923706055,9.67055892944336
2014-11-06,4418800,8.899999618530273,9.029999732971191,9.270000457763672,8.899999618530273,8.89258098602295
2014-11-05,3979900,8.75,8.8100004196167,9.359999656677246,8.720000267028809,8.675929069519043
2014-11-04,5147500,9.779999732971191,9.069999694824219,9.789999961853027,9.020000457763672,8.93197250366211
2014-11-03,8846900,9.0600004196167,10.119999885559082,10.279999732971191,9.0,9.96599292755127
2014-10-31,7829000,8.149999618530273,8.270000457763672,8.600000381469727,8.069999694824219,8.144147872924805
2014-10-30,6024200,9.029999732971191,8.470000267028809,9.079999923706055,8.470000267028809,8.341103553771973
2014-10-29,3645900,9.470000267028809,9.210000038146973,9.600000381469727,9.199999809265137,9.069842338562012
2014-10-28,3236300,9.529999732971191,9.529999732971191,9.640000343322754,9.4399995803833,9.38497257232666
2014-10-27,1683000,9.420000076293945,9.34000015258789,9.520000457763672,9.3100004196167,9.197863578796387
2014-10-24,2520300,9.600000381469727,9.539999961853027,9.6899995803833,9.479999542236328,9.394820213317871
2014-10-23,3031600,9.579999923706055,9.65999984741211,9.779999732971191,9.479999542236328,9.512993812561035
2014-10-22,3202100,9.949999809265137,9.59000015258789,10.010000228881836,9.59000015258789,9.444059371948242
2014-10-21,2277200,10.09000015258789,10.119999885559082,10.239999771118164,10.050000190734863,9.96599292755127
2014-10-20,3663200,10.119999885559082,10.0,10.149999618530273,9.720000267028809,9.847819328308105
2014-10-17,3059600,10.539999961853027,10.020000457763672,10.59000015258789,9.989999771118164,9.867515563964844
2014-10-16,2875800,10.1899995803833,10.449999809265137,10.699999809265137,10.079999923706055,10.290971755981445
2014-10-15,5521700,10.859999656677246,10.1899995803833,10.949999809265137,10.09000015258789,10.034927368164062
2014-10-14,2390600,11.020000457763672,10.890000343322754,11.15999984741211,10.739999771118164,10.724276542663574
2014-10-13,2329100,10.949999809265137,11.050000190734863,11.40999984741211,10.90999984741211,10.881841659545898
2014-10-10,2682500,11.149999618530273,10.789999961853027,11.399999618530273,10.75,10.625797271728516
2014-10-09,4853300,11.779999732971191,11.1899995803833,11.829999923706055,10.930000305175781,11.019710540771484
2014-10-08,4176600,11.220000267028809,11.680000305175781,11.829999923706055,10.569999694824219,11.502253532409668
2014-10-07,2406200,11.699999809265137,11.140000343322754,11.789999961853027,11.130000114440918,10.97047233581543
2014-10-06,1912500,11.449999809265137,11.65999984741211,11.729999542236328,11.380000114440918,11.48255729675293
2014-10-03,3784800,11.350000381469727,11.1899995803833,11.529999732971191,11.149999618530273,11.019710540771484
2014-10-02,1905600,12.0,11.989999771118164,12.069999694824219,11.6899995803833,11.807536125183105
2014-10-01,1935700,11.979999542236328,12.0,12.220000267028809,11.970000267028809,11.817383766174316
2014-09-30,3001900,12.09000015258789,12.0,12.260000228881836,11.949999809265137,11.817383766174316
2014-09-29,1385500,12.420000076293945,12.170000076293945,12.510000228881836,12.15999984741211,11.984796524047852
2014-09-26,1418100,12.489999771118164,12.470000267028809,12.619999885559082,12.420000076293945,12.280231475830078
2014-09-25,2532400,12.40999984741211,12.609999656677246,12.609999656677246,12.359999656677246,12.41810131072998
2014-09-24,1634700,13.100000381469727,12.869999885559082,13.199999809265137,12.850000381469727,12.67414379119873
2014-09-23,1665800,13.010000228881836,13.149999618530273,13.180000305175781,12.800000190734863,12.949882507324219
2014-09-22,1821800,13.050000190734863,12.829999923706055,13.109999656677246,12.779999732971191,12.63475227355957
2014-09-19,2260500,13.180000305175781,13.100000381469727,13.229999542236328,12.979999542236328,12.900644302368164
2014-09-18,1946800,13.170000076293945,13.25,13.369999885559082,13.119999885559082,13.048360824584961
2014-09-17,2831100,13.649999618530273,13.300000190734863,13.649999618530273,13.25,13.097600936889648
2014-09-16,1979600,13.680000305175781,13.65999984741211,13.890000343322754,13.59000015258789,13.45212173461914
2014-09-15,3073300,14.029999732971191,13.670000076293945,14.039999961853027,13.479999542236328,13.461970329284668
2014-09-12,4069000,13.100000381469727,13.449999809265137,13.569999694824219,13.029999732971191,13.245317459106445
2014-09-11,4303300,13.079999923706055,13.09000015258789,13.199999809265137,12.869999885559082,12.890795707702637
2014-09-10,12372300,13.630000114440918,13.069999694824219,13.720000267028809,12.75,12.871100425720215
2014-09-09,2868100,15.3100004196167,15.489999771118164,15.579999923706055,15.279999732971191,15.2542724609375
2014-09-08,2420600,15.739999771118164,15.380000114440918,15.739999771118164,15.350000381469727,15.145946502685547
2014-09-05,2414400,15.6899995803833,15.739999771118164,15.880000114440918,15.550000190734863,15.500468254089355
2014-09-04,3417600,16.479999542236328,15.899999618530273,16.56999969482422,15.84000015258789,15.65803337097168
2014-09-03,1593600,16.6200008392334,16.459999084472656,16.670000076293945,16.450000762939453,16.209510803222656
2014-09-02,2230800,16.799999237060547,16.530000686645508,16.8799991607666,16.520000457763672,16.2784481048584
2014-08-29,1486500,17.020000457763672,17.18000030517578,17.209999084472656,16.93000030517578,16.918556213378906
2014-08-28,952900,17.1299991607666,16.989999771118164,17.15999984741211,16.920000076293945,16.731447219848633
2014-08-27,689800,17.049999237060547,16.969999313354492,17.18000030517578,16.920000076293945,16.711750030517578
2014-08-26,1364100,16.920000076293945,16.979999542236328,17.06999969482422,16.84000015258789,16.72159767150879
2014-08-25,1382000,16.729999542236328,16.709999084472656,16.799999237060547,16.600000381469727,16.455705642700195
2014-08-22,1669600,16.940000534057617,16.889999389648438,17.079999923706055,16.790000915527344,16.632966995239258
2014-08-21,2416500,16.969999313354492,17.030000686645508,17.170000076293945,16.860000610351562,16.770837783813477
2014-08-20,1523400,17.170000076293945,17.270000457763672,17.420000076293945,17.079999923706055,17.007186889648438
2014-08-19,1495600,17.280000686645508,17.219999313354492,17.389999389648438,17.139999389648438,16.95794677734375
2014-08-18,1672700,17.209999084472656,17.420000076293945,17.43000030517578,17.149999618530273,17.1549015045166
2014-08-15,1895800,17.200000762939453,17.3700008392334,17.40999984741211,17.149999618530273,17.105663299560547
2014-08-14,1726400,17.600000381469727,17.579999923706055,17.799999237060547,17.450000762939453,17.31246566772461
2014-08-13,1964400,17.6299991607666,17.65999984741211,17.790000915527344,17.420000076293945,17.39124870300293
2014-08-12,2409700,17.719999313354492,17.790000915527344,17.969999313354492,17.56999969482422,17.519271850585938
2014-08-11,2124200,17.639999389648438,18.030000686645508,18.190000534057617,17.6299991607666,17.755619049072266
2014-08-08,2301300,17.440000534057617,17.799999237060547,17.920000076293945,17.440000534057617,17.529117584228516
2014-08-07,1674600,17.40999984741211,17.59000015258789,17.65999984741211,17.25,17.322315216064453
2014-08-06,1936600,17.530000686645508,17.760000228881836,17.899999618530273,17.469999313354492,17.489727020263672
2014-08-05,1742300,17.100000381469727,17.329999923706055,17.420000076293945,16.850000381469727,17.066272735595703
2014-08-04,1409900,17.1200008392334,17.229999542236328,17.31999969482422,16.899999618530273,16.96779441833496
2014-08-01,2231800,17.31999969482422,17.09000015258789,17.510000228881836,16.8700008392334,16.829925537109375
2014-07-31,2768400,17.40999984741211,17.190000534057617,17.459999084472656,16.729999542236328,16.928403854370117
2014-07-30,1601000,17.90999984741211,17.780000686645508,17.93000030517578,17.440000534057617,17.509424209594727
2014-07-29,1034000,18.239999771118164,18.049999237060547,18.329999923706055,17.920000076293945,17.775314331054688
2014-07-28,1068500,18.06999969482422,18.209999084472656,18.229999542236328,17.989999771118164,17.932878494262695
2014-07-25,1732200,17.559999465942383,18.049999237060547,18.100000381469727,17.530000686645508,17.775314331054688
2014-07-24,2812300,17.75,17.489999771118164,17.75,17.299999237060547,17.223834991455078
2014-07-23,1285200,18.15999984741211,17.93000030517578,18.34000015258789,17.920000076293945,17.657140731811523
2014-07-22,1435600,18.31999969482422,18.040000915527344,18.3799991607666,18.030000686645508,17.765466690063477
2014-07-21,2394300,18.149999618530273,18.3799991607666,18.440000534057617,18.0,18.09733772277832
2014-07-18,2830400,17.799999237060547,18.110000610351562,18.139999389648438,17.559999465942383,17.831491470336914
2014-07-17,2035500,17.920000076293945,18.15999984741211,18.270000457763672,17.549999237060547,17.880722045898438
2014-07-16,1868100,17.56999969482422,17.84000015258789,17.969999313354492,17.56999969482422,17.565643310546875
2014-07-15,2461300,18.040000915527344,17.3700008392334,18.139999389648438,17.309999465942383,17.10287094116211
2014-07-14,2076200,17.799999237060547,17.969999313354492,18.260000228881836,17.799999237060547,17.69364356994629
2014-07-11,2097500,17.989999771118164,18.530000686645508,18.59000015258789,17.739999771118164,18.245033264160156
2014-07-10,2956900,18.5,17.809999465942383,18.690000534057617,17.780000686645508,17.536102294921875
2014-07-09,2983900,17.860000610351562,18.200000762939453,18.260000228881836,17.84000015258789,17.920106887817383
2014-07-08,2756300,17.18000030517578,17.600000381469727,17.700000762939453,17.030000686645508,17.329334259033203
2014-07-07,1598300,17.170000076293945,16.889999389648438,17.260000228881836,16.850000381469727,16.630252838134766
2014-07-03,1307900,16.959999084472656,17.149999618530273,17.25,16.719999313354492,16.886255264282227
2014-07-02,1069500,17.100000381469727,17.360000610351562,17.450000762939453,17.079999923706055,17.09302520751953
2014-07-01,1421700,17.200000762939453,17.100000381469727,17.440000534057617,17.049999237060547,16.837024688720703
2014-06-30,2124200,16.6200008392334,17.209999084472656,17.260000228881836,16.510000228881836,16.945331573486328
2014-06-27,1479400,16.899999618530273,16.760000228881836,17.0,16.540000915527344,16.502254486083984
2014-06-26,1329000,16.809999465942383,16.8700008392334,16.940000534057617,16.540000915527344,16.610563278198242
2014-06-25,1504700,16.719999313354492,16.799999237060547,16.93000030517578,16.56999969482422,16.541635513305664
2014-06-24,3359400,17.34000015258789,16.68000030517578,17.450000762939453,16.65999984741211,16.423484802246094
2014-06-23,2040800,16.979999542236328,17.110000610351562,17.18000030517578,16.829999923706055,16.84687042236328
2014-06-20,2640900,17.239999771118164,16.860000610351562,17.329999923706055,16.68000030517578,16.60071563720703
2014-06-19,4624700,16.639999389648438,17.139999389648438,17.229999542236328,16.639999389648438,16.87640953063965
2014-06-18,2363600,16.1200008392334,16.350000381469727,16.360000610351562,15.970000267028809,16.09855842590332
2014-06-17,2181600,15.770000457763672,16.09000015258789,16.139999389648438,15.640000343322754,15.842556953430176
2014-06-16,1838400,16.059999465942383,15.930000305175781,16.15999984741211,15.710000038146973,15.685016632080078
2014-06-13,1456900,15.979999542236328,15.989999771118164,16.049999237060547,15.75,15.744093894958496
2014-06-12,1979000,15.960000038146973,16.100000381469727,16.329999923706055,15.829999923706055,15.852402687072754
2014-06-11,1593000,15.9399995803833,15.899999618530273,16.049999237060547,15.699999809265137,15.655478477478027
2014-06-10,1404000,15.930000305175781,15.930000305175781,16.059999465942383,15.800000190734863,15.685016632080078
2014-06-09,895000,15.880000114440918,15.800000190734863,15.979999542236328,15.800000190734863,15.557015419006348
2014-06-06,921300,15.880000114440918,15.84000015258789,15.920000076293945,15.630000114440918,15.59640121459961
2014-06-05,1591200,15.65999984741211,15.890000343322754,15.970000267028809,15.579999923706055,15.645631790161133
2014-06-04,2178600,15.729999542236328,15.420000076293945,15.789999961853027,15.350000381469727,15.182859420776367
2014-06-03,1380300,15.869999885559082,15.760000228881836,15.880000114440918,15.5,15.517631530761719
2014-06-02,1501800,15.609999656677246,15.75,15.930000305175781,15.479999542236328,15.507784843444824
2014-05-30,1973500,15.770000457763672,15.789999961853027,15.819999694824219,15.510000228881836,15.54716968536377
2014-05-29,1995300,15.34000015258789,15.600000381469727,15.880000114440918,15.319999694824219,15.360092163085938
2014-05-28,2665000,15.5,15.460000038146973,15.710000038146973,15.329999923706055,15.222244262695312
2014-05-27,3505600,16.420000076293945,15.789999961853027,16.420000076293945,15.579999923706055,15.54716968536377
2014-05-23,1707500,16.93000030517578,16.8700008392334,17.059999465942383,16.790000915527344,16.610563278198242
2014-05-22,1760500,17.040000915527344,17.020000457763672,17.190000534057617,16.850000381469727,16.758255004882812
2014-05-21,1397200,17.030000686645508,16.950000762939453,17.030000686645508,16.729999542236328,16.689332962036133
2014-05-20,1752300,16.739999771118164,16.8700008392334,17.06999969482422,16.709999084472656,16.610563278198242
2014-05-19,1973400,17.719999313354492,17.030000686645508,17.719999313354492,16.889999389648438,16.76810073852539
2014-05-16,1421700,16.90999984741211,16.889999389648438,17.1299991607666,16.860000610351562,16.630252838134766
2014-05-15,2249600,16.90999984741211,16.989999771118164,17.06999969482422,16.75,16.728715896606445
2014-05-14,1599300,17.389999389648438,17.049999237060547,17.440000534057617,17.010000228881836,16.787792205810547
2014-05-13,2070100,16.989999771118164,17.049999237060547,17.31999969482422,16.920000076293945,16.787792205810547
2014-05-12,2032100,17.3799991607666,17.3799991607666,17.639999389648438,17.350000381469727,17.112716674804688
2014-05-09,2209500,17.65999984741211,17.299999237060547,17.690000534057617,17.190000534057617,17.033946990966797
2014-05-08,1218400,17.8700008392334,17.770000457763672,18.06999969482422,17.739999771118164,17.496719360351562
2014-05-07,1813500,18.110000610351562,18.0,18.200000762939453,17.75,17.723180770874023
2014-05-06,997600,18.299999237060547,18.219999313354492,18.399999618530273,18.1200008392334,17.93979835510254
2014-05-05,1306500,18.510000228881836,18.360000610351562,18.670000076293945,18.170000076293945,18.077646255493164
2014-05-02,3466000,17.979999542236328,18.389999389648438,18.40999984741211,17.90999984741211,18.1071834564209
2014-05-01,1601500,17.940000534057617,17.969999313354492,18.049999237060547,17.760000228881836,17.69364356994629
2014-04-30,1962700,17.950000762939453,18.100000381469727,18.18000030517578,17.760000228881836,17.821645736694336
2014-04-29,1674900,17.979999542236328,18.18000030517578,18.329999923706055,17.90999984741211,17.900413513183594
2014-04-28,1626600,18.25,18.350000381469727,18.440000534057617,18.149999618530273,18.067800521850586
2014-04-25,2494600,18.040000915527344,18.389999389648438,18.399999618530273,17.920000076293945,18.1071834564209
2014-04-24,2612400,17.75,17.8799991607666,18.190000534057617,17.729999542236328,17.605026245117188
2014-04-23,2778900,17.31999969482422,18.170000076293945,18.389999389648438,17.25,17.890567779541016
2014-04-22,1866300,17.329999923706055,17.549999237060547,17.610000610351562,17.219999313354492,17.280101776123047
2014-04-21,1912100,17.110000610351562,17.329999923706055,17.549999237060547,17.0,17.063488006591797
2014-04-17,1341500,17.510000228881836,17.459999084472656,17.6200008392334,17.25,17.191486358642578
2014-04-16,2076300,17.350000381469727,17.440000534057617,17.510000228881836,17.18000030517578,17.17179298400879
2014-04-15,3386300,17.3799991607666,17.729999542236328,17.860000610351562,17.209999084472656,17.457334518432617
2014-04-14,2217500,18.100000381469727,18.15999984741211,18.399999618530273,17.969999313354492,17.880722045898438
2014-04-11,1818800,18.079999923706055,17.969999313354492,18.3700008392334,17.809999465942383,17.69364356994629
2014-04-10,2263600,18.469999313354492,18.110000610351562,18.68000030517578,17.989999771118164,17.831491470336914
2014-04-09,2861600,18.1200008392334,18.440000534057617,18.790000915527344,17.969999313354492,18.156415939331055
2014-04-08,4101800,17.850000381469727,18.56999969482422,18.600000381469727,17.780000686645508,18.28441619873047
2014-04-07,2218200,17.170000076293945,17.450000762939453,17.75,17.15999984741211,17.181642532348633
2014-04-04,1984400,17.700000762939453,17.280000686645508,17.739999771118164,17.200000762939453,17.014257431030273
2014-04-03,2331700,17.170000076293945,17.260000228881836,17.280000686645508,16.969999313354492,16.994564056396484
2014-04-02,3381400,17.579999923706055,17.450000762939453,17.75,17.309999465942383,17.181642532348633
2014-04-01,2488100,16.959999084472656,17.280000686645508,17.309999465942383,16.950000762939453,17.014257431030273
2014-03-31,3356200,17.329999923706055,17.079999923706055,17.389999389648438,16.889999389648438,16.817331314086914
2014-03-28,3385500,17.1200008392334,17.549999237060547,17.75,17.049999237060547,17.280101776123047
2014-03-27,3572700,16.690000534057617,17.020000457763672,17.020000457763672,16.579999923706055,16.758255004882812
2014-03-26,3519300,17.600000381469727,16.780000686645508,17.639999389648438,16.739999771118164,16.52194595336914
2014-03-25,2878000,17.43000030517578,17.540000915527344,17.790000915527344,17.43000030517578,17.27025604248047
2014-03-24,3824300,17.729999542236328,17.059999465942383,17.81999969482422,17.010000228881836,16.797639846801758
2014-03-21,7772900,18.34000015258789,17.989999771118164,18.530000686645508,17.889999389648438,17.713335037231445
2014-03-20,6776900,17.829999923706055,18.139999389648438,18.389999389648438,17.75,17.86103057861328
2014-03-19,4541300,18.68000030517578,17.90999984741211,18.770000457763672,17.850000381469727,17.634567260742188
2014-03-18,3620500,18.729999542236328,19.0,19.290000915527344,18.700000762939453,18.70780372619629
2014-03-17,3391700,19.270000457763672,19.049999237060547,19.469999313354492,19.0,18.757034301757812
2014-03-14,4374200,19.1299991607666,19.360000610351562,19.530000686645508,19.079999923706055,19.06226921081543
2014-03-13,3794000,18.770000457763672,18.950000762939453,19.139999389648438,18.649999618530273,18.658573150634766
2014-03-12,4431600,18.899999618530273,18.75,19.020000457763672,18.489999771118164,18.46164894104004
2014-03-11,4675500,18.770000457763672,18.489999771118164,18.969999313354492,18.469999313354492,18.205646514892578
2014-03-10,1895500,18.559999465942383,18.559999465942383,18.760000228881836,18.31999969482422,18.27457046508789
2014-03-07,2770200,18.280000686645508,18.6200008392334,18.719999313354492,18.18000030517578,18.333648681640625
2014-03-06,2521000,18.170000076293945,18.59000015258789,18.610000610351562,18.170000076293945,18.304109573364258
2014-03-05,3141500,17.510000228881836,18.059999465942383,18.079999923706055,17.270000457763672,17.782258987426758
2014-03-04,3751400,17.6299991607666,17.520000457763672,17.809999465942383,17.389999389648438,17.250564575195312
2014-03-03,3882600,18.540000915527344,17.959999084472656,18.56999969482422,17.889999389648438,17.68379783630371
2014-02-28,3455800,17.780000686645508,17.579999923706055,17.829999923706055,17.40999984741211,17.309640884399414
2014-02-27,3002600,17.239999771118164,17.59000015258789,17.850000381469727,17.219999313354492,17.319488525390625
2014-02-26,5836800,17.760000228881836,17.209999084472656,17.799999237060547,16.670000076293945,16.945331573486328
2014-02-25,2348500,18.09000015258789,17.969999313354492,18.420000076293945,17.940000534057617,17.69364356994629
2014-02-24,3934800,18.149999618530273,18.15999984741211,18.479999542236328,18.09000015258789,17.880722045898438
2014-02-21,4241900,17.84000015258789,17.969999313354492,18.100000381469727,17.6200008392334,17.69364356994629
2014-02-20,3976100,17.0,17.90999984741211,17.979999542236328,16.979999542236328,17.634567260742188
2014-02-19,3261700,17.540000915527344,17.09000015258789,17.860000610351562,16.989999771118164,16.827178955078125
2014-02-18,3185400,17.5,17.59000015258789,17.809999465942383,17.25,17.319488525390625
2014-02-14,4398000,17.399999618530273,17.469999313354492,17.790000915527344,17.170000076293945,17.201332092285156
2014-02-13,2953900,16.610000610351562,17.100000381469727,17.1299991607666,16.489999771118164,16.837024688720703
2014-02-12,5859000,17.149999618530273,16.40999984741211,17.18000030517578,16.329999923706055,16.157634735107422
2014-02-11,4417300,15.890000343322754,16.600000381469727,16.739999771118164,15.84000015258789,16.34471321105957
2014-02-10,3086400,15.739999771118164,15.789999961853027,16.040000915527344,15.600000381469727,15.54716968536377
2014-02-07,3951900,14.720000267028809,15.319999694824219,15.369999885559082,14.699999809265137,15.084397315979004
2014-02-06,2297400,14.65999984741211,14.850000381469727,14.890000343322754,14.529999732971191,14.621625900268555
2014-02-05,2667100,14.640000343322754,14.479999542236328,14.800000190734863,14.479999542236328,14.257315635681152
2014-02-04,3062800,14.369999885559082,14.640000343322754,14.680000305175781,14.229999542236328,14.41485595703125
2014-02-03,2975700,14.670000076293945,14.850000381469727,15.069999694824219,14.640000343322754,14.621625900268555
2014-01-31,3683800,14.239999771118164,14.640000343322754,14.680000305175781,14.239999771118164,14.41485595703125
2014-01-30,3464200,14.350000381469727,14.369999885559082,14.510000228881836,14.130000114440918,14.149006843566895
2014-01-29,4478000,14.300000190734863,14.710000038146973,14.729999542236328,14.039999961853027,14.483778953552246
2014-01-28,2513900,13.789999961853027,14.170000076293945,14.260000228881836,13.619999885559082,13.952082633972168
2014-01-27,3882000,14.180000305175781,13.729999542236328,14.270000457763672,13.670000076293945,13.51884937286377
2014-01-24,4502600,14.319999694824219,14.100000381469727,14.420000076293945,13.539999961853027,13.883159637451172
2014-01-23,4351100,13.380000114440918,13.90999984741211,14.029999732971191,13.380000114440918,13.69608211517334
2014-01-22,1916800,13.460000038146973,13.100000381469727,13.5600004196167,13.050000190734863,12.898538589477539
2014-01-21,3321700,13.5,13.550000190734863,13.600000381469727,13.119999885559082,13.341618537902832
2014-01-17,4004300,13.130000114440918,13.520000457763672,13.65999984741211,13.130000114440918,13.312080383300781
2014-01-16,1846500,12.680000305175781,12.789999961853027,12.890000343322754,12.640000343322754,12.593305587768555
2014-01-15,2409800,12.229999542236328,12.670000076293945,12.789999961853027,12.149999618530273,12.475151062011719
2014-01-14,3717300,12.510000228881836,12.350000381469727,12.930000305175781,12.25,12.160073280334473
2014-01-13,4147300,12.119999885559082,12.600000381469727,12.619999885559082,11.9399995803833,12.406229019165039
2014-01-10,2893400,11.550000190734863,11.84000015258789,11.90999984741211,11.470000267028809,11.657916069030762
2014-01-09,2247000,11.569999694824219,11.390000343322754,11.680000305175781,11.359999656677246,11.214836120605469
2014-01-08,2202100,11.729999542236328,11.710000038146973,11.789999961853027,11.5600004196167,11.529914855957031
2014-01-07,2795800,11.960000038146973,11.890000343322754,11.960000038146973,11.710000038146973,11.707146644592285
2014-01-06,2955900,12.239999771118164,12.050000190734863,12.449999809265137,12.020000457763672,11.864686012268066
2014-01-03,3173200,12.369999885559082,12.149999618530273,12.40999984741211,12.079999923706055,11.963147163391113
2014-01-02,3304100,12.140000343322754,12.1899995803833,12.399999618530273,11.979999542236328,12.002532958984375
2013-12-31,2168900,11.539999961853027,11.720000267028809,11.90999984741211,11.470000267028809,11.539761543273926
2013-12-30,3433800,11.680000305175781,11.539999961853027,11.920000076293945,11.529999732971191,11.362528800964355
2013-12-27,2560300,11.729999542236328,11.739999771118164,11.819999694824219,11.5,11.559453964233398
2013-12-26,1744000,11.630000114440918,11.460000038146973,11.8100004196167,11.390000343322754,11.283759117126465
2013-12-24,1808900,11.15999984741211,11.510000228881836,11.569999694824219,11.15999984741211,11.332990646362305
2013-12-23,2391300,11.359999656677246,11.210000038146973,11.420000076293945,11.140000343322754,11.037605285644531
2013-12-20,5146200,11.380000114440918,11.239999771118164,11.5,11.220000267028809,11.067143440246582
2013-12-19,4084700,11.390000343322754,11.350000381469727,11.420000076293945,11.140000343322754,11.175451278686523
2013-12-18,4484100,11.829999923706055,11.65999984741211,12.1899995803833,11.65999984741211,11.480683326721191
2013-12-17,1841500,11.960000038146973,11.869999885559082,12.0600004196167,11.789999961853027,11.687454223632812
2013-12-16,2761600,11.819999694824219,12.079999923706055,12.210000038146973,11.800000190734863,11.894224166870117
2013-12-13,3013000,11.720000267028809,11.800000190734863,12.050000190734863,11.710000038146973,11.6185302734375
2013-12-12,2989200,11.920000076293945,11.800000190734863,11.989999771118164,11.699999809265137,11.6185302734375
2013-12-11,4444700,12.859999656677246,12.25,12.890000343322754,12.239999771118164,12.06161117553711
2013-12-10,5354700,12.649999618530273,13.220000267028809,13.390000343322754,12.619999885559082,13.016693115234375
2013-12-09,3299200,12.210000038146973,12.140000343322754,12.270000457763672,12.0,11.953302383422852
2013-12-06,2457100,12.359999656677246,12.020000457763672,12.510000228881836,12.010000228881836,11.835147857666016
2013-12-05,4033300,12.279999732971191,12.010000228881836,12.369999885559082,12.0,11.825301170349121
2013-12-04,3912000,12.390000343322754,12.729999542236328,12.90999984741211,12.3100004196167,12.534228324890137
2013-12-03,3177900,12.529999732971191,12.369999885559082,12.65999984741211,12.319999694824219,12.179764747619629
2013-12-02,4384700,13.369999885559082,12.680000305175781,13.449999809265137,12.569999694824219,12.484997749328613
2013-11-29,1378400,13.300000190734863,13.59000015258789,13.720000267028809,13.239999771118164,13.381003379821777
2013-11-27,1705000,13.229999542236328,13.140000343322754,13.25,13.029999732971191,12.9379243850708
2013-11-26,2258500,13.199999809265137,13.119999885559082,13.279999732971191,13.069999694824219,12.918231010437012
2013-11-25,3794000,13.329999923706055,13.359999656677246,13.529999732971191,12.970000267028809,13.154540061950684
2013-11-22,2878100,13.949999809265137,13.680000305175781,14.100000381469727,13.569999694824219,13.469619750976562
2013-11-21,2817600,13.829999923706055,13.899999618530273,14.020000457763672,13.710000038146973,13.686236381530762
2013-11-20,2892200,14.520000457763672,14.100000381469727,14.770000457763672,14.029999732971191,13.883159637451172
2013-11-19,2069700,14.640000343322754,14.710000038146973,14.930000305175781,14.5600004196167,14.483778953552246
2013-11-18,2081100,15.4399995803833,14.989999771118164,15.489999771118164,14.890000343322754,14.759472846984863
2013-11-15,1981400,15.949999809265137,15.510000228881836,16.049999237060547,15.5,15.271475791931152
2013-11-14,3009600,15.399999618530273,16.010000228881836,16.1299991607666,15.399999618530273,15.763786315917969
2013-11-13,1436100,15.100000381469727,15.220000267028809,15.3100004196167,15.039999961853027,14.985936164855957
2013-11-12,2156100,15.15999984741211,15.020000457763672,15.359999656677246,14.930000305175781,14.78901195526123
2013-11-11,2363800,15.109999656677246,15.359999656677246,15.430000305175781,14.869999885559082,15.12378215789795
2013-11-08,3113200,15.0,15.4399995803833,15.470000267028809,14.8100004196167,15.20255184173584
2013-11-07,3578800,15.460000038146973,15.170000076293945,15.869999885559082,15.140000343322754,14.936705589294434
2013-11-06,3503000,15.5,15.550000190734863,15.829999923706055,15.3100004196167,15.310860633850098
2013-11-05,4136700,14.779999732971191,14.630000114440918,14.850000381469727,14.329999923706055,14.405009269714355
2013-11-04,3313800,14.6899995803833,15.09000015258789,15.130000114440918,14.670000076293945,14.857934951782227
2013-11-01,3646200,14.930000305175781,14.739999771118164,15.270000457763672,14.680000305175781,14.513317108154297
2013-10-31,4288500,15.539999961853027,15.100000381469727,15.739999771118164,15.050000190734863,14.867781639099121
2013-10-30,2883500,16.299999237060547,16.190000534057617,16.420000076293945,15.520000457763672,15.941019058227539
2013-10-29,4153200,16.31999969482422,16.049999237060547,16.469999313354492,15.979999542236328,15.803170204162598
2013-10-28,3101700,16.1200008392334,16.360000610351562,16.43000030517578,15.949999809265137,16.1084041595459
2013-10-25,2458100,15.859999656677246,16.040000915527344,16.1299991607666,15.569999694824219,15.793326377868652
2013-10-24,3804400,16.059999465942383,16.0,16.229999542236328,15.770000457763672,15.75394058227539
2013-10-23,3367000,16.18000030517578,15.760000228881836,16.309999465942383,15.5,15.517631530761719
2013-10-22,4489600,15.289999961853027,16.260000228881836,16.489999771118164,15.210000038146973,16.00994300842285
2013-10-21,1969600,14.65999984741211,14.90999984741211,15.039999961853027,14.640000343322754,14.680703163146973
2013-10-18,2786800,14.75,14.800000190734863,14.869999885559082,14.510000228881836,14.572395324707031
2013-10-17,5840000,14.180000305175781,14.890000343322754,15.149999618530273,14.130000114440918,14.661011695861816
2013-10-16,3049000,13.869999885559082,13.579999923706055,13.899999618530273,13.520000457763672,13.371156692504883
2013-10-15,3938000,13.25,13.6899995803833,13.6899995803833,13.199999809265137,13.479464530944824
2013-10-14,2396100,13.369999885559082,13.329999923706055,13.420000076293945,13.1899995803833,13.125001907348633
2013-10-11,3896000,12.989999771118164,13.039999961853027,13.229999542236328,12.800000190734863,12.839460372924805
2013-10-10,3267200,12.9399995803833,13.15999984741211,13.529999732971191,12.869999885559082,12.95761489868164
2013-10-09,3457600,12.65999984741211,13.010000228881836,13.180000305175781,12.449999809265137,12.80992317199707
2013-10-08,2737300,13.0,12.680000305175781,13.109999656677246,12.539999961853027,12.484997749328613
2013-10-07,2289700,13.0,13.020000457763672,13.130000114440918,12.930000305175781,12.819768905639648
2013-10-04,1939300,12.680000305175781,12.770000457763672,12.800000190734863,12.579999923706055,12.573613166809082
2013-10-03,3186200,12.789999961853027,12.710000038146973,12.979999542236328,12.529999732971191,12.514535903930664
2013-10-02,3555300,12.9399995803833,12.8100004196167,13.149999618530273,12.729999542236328,12.612998008728027
2013-10-01,2692300,12.960000038146973,12.880000114440918,13.020000457763672,12.75,12.681921005249023
2013-09-30,2685500,13.180000305175781,13.279999732971191,13.34000015258789,13.079999923706055,13.075770378112793
2013-09-27,2995400,13.390000343322754,13.239999771118164,13.640000343322754,13.050000190734863,13.036385536193848
2013-09-26,2728700,13.489999771118164,13.100000381469727,13.710000038146973,12.960000038146973,12.898538589477539
2013-09-25,3938900,12.970000267028809,13.270000457763672,13.550000190734863,12.920000076293945,13.065924644470215
2013-09-24,4051100,12.739999771118164,12.609999656677246,12.850000381469727,12.390000343322754,12.416074752807617
2013-09-23,4448000,13.0,12.84000015258789,13.520000457763672,12.8100004196167,12.642537117004395
2013-09-20,7711800,13.470000267028809,12.989999771118164,13.600000381469727,12.899999618530273,12.790229797363281
2013-09-19,5662000,14.5,13.8100004196167,14.5,13.680000305175781,13.597620964050293
2013-09-18,10268800,12.829999923706055,14.300000190734863,14.40999984741211,12.550000190734863,14.080083847045898
2013-09-17,3896400,12.920000076293945,13.130000114440918,13.130000114440918,12.729999542236328,12.92807674407959
2013-09-16,6039300,12.84000015258789,12.920000076293945,13.300000190734863,12.760000228881836,12.721306800842285
2013-09-13,4894700,12.619999885559082,12.579999923706055,12.979999542236328,12.5,12.38653564453125
2013-09-12,4187600,13.0,12.800000190734863,13.229999542236328,12.800000190734863,12.60315227508545
2013-09-11,3468200,13.5,13.5,13.640000343322754,13.3100004196167,13.292387008666992
2013-09-10,4015200,13.649999618530273,13.489999771118164,13.899999618530273,13.489999771118164,13.282541275024414
2013-09-09,3372600,14.020000457763672,13.880000114440918,14.279999732971191,13.800000190734863,13.666543960571289
2013-09-06,3692100,13.930000305175781,14.020000457763672,14.34000015258789,13.739999771118164,13.804389953613281
2013-09-05,3392200,13.729999542236328,13.479999542236328,13.859999656677246,13.479999542236328,13.272693634033203
2013-09-04,3840200,13.4399995803833,13.630000114440918,13.640000343322754,13.130000114440918,13.420388221740723
2013-09-03,3118800,13.6899995803833,13.609999656677246,13.770000457763672,13.399999618530273,13.400694847106934
2013-08-30,4052600,13.260000228881836,13.369999885559082,13.829999923706055,13.170000076293945,13.164386749267578
2013-08-29,6229100,13.199999809265137,13.34000015258789,13.520000457763672,12.6899995803833,13.134847640991211
2013-08-28,5929500,14.130000114440918,13.300000190734863,14.319999694824219,13.220000267028809,13.095463752746582
2013-08-27,4394600,14.869999885559082,14.020000457763672,14.949999809265137,14.010000228881836,13.804389953613281
2013-08-26,2240400,14.479999542236328,14.470000267028809,14.630000114440918,14.180000305175781,14.247469902038574
2013-08-23,3283400,13.859999656677246,14.3100004196167,14.399999618530273,13.8100004196167,14.089929580688477
2013-08-22,2635700,13.880000114440918,13.899999618530273,14.119999885559082,13.720000267028809,13.686236381530762
2013-08-21,4171200,14.569999694824219,13.760000228881836,14.729999542236328,13.739999771118164,13.548389434814453
2013-08-20,4656800,13.859999656677246,14.890000343322754,14.899999618530273,13.710000038146973,14.661011695861816
2013-08-19,5185700,13.9399995803833,13.920000076293945,14.34000015258789,13.850000381469727,13.705927848815918
2013-08-16,6457600,14.869999885559082,14.75,15.119999885559082,14.300000190734863,14.523163795471191
2013-08-15,6649400,13.600000381469727,15.079999923706055,15.100000381469727,13.449999809265137,14.848089218139648
2013-08-14,3809100,13.0,13.84000015258789,13.84000015258789,12.970000267028809,13.627159118652344
2013-08-13,3093800,13.34000015258789,12.869999885559082,13.359999656677246,12.829999923706055,12.672075271606445
2013-08-12,4143000,13.319999694824219,13.479999542236328,13.59000015258789,13.300000190734863,13.272693634033203
2013-08-09,3716500,12.609999656677246,13.15999984741211,13.380000114440918,12.460000038146973,12.95761489868164
2013-08-08,5768500,11.75,12.600000381469727,12.6899995803833,11.75,12.406229019165039
2013-08-07,7841200,11.800000190734863,11.760000228881836,11.960000038146973,11.619999885559082,11.579146385192871
2013-08-06,3784600,12.449999809265137,12.050000190734863,12.479999542236328,12.010000228881836,11.864686012268066
2013-08-05,2419600,12.8100004196167,12.640000343322754,12.989999771118164,12.600000381469727,12.445613861083984
2013-08-02,2954200,12.819999694824219,12.550000190734863,12.979999542236328,12.520000457763672,12.3569974899292
2013-08-01,3152500,13.270000457763672,12.710000038146973,13.390000343322754,12.699999809265137,12.514535903930664
2013-07-31,3106100,13.140000343322754,13.170000076293945,13.430000305175781,12.859999656677246,12.967462539672852
2013-07-30,2371600,13.289999961853027,13.229999542236328,13.329999923706055,13.09000015258789,13.026537895202637
2013-07-29,2098300,13.779999732971191,13.470000267028809,13.789999961853027,13.460000038146973,13.262848854064941
2013-07-26,2236200,13.670000076293945,13.739999771118164,13.829999923706055,13.300000190734863,13.52869701385498
2013-07-25,3972100,13.670000076293945,13.8100004196167,14.170000076293945,13.619999885559082,13.597620964050293
2013-07-24,4784700,14.550000190734863,13.739999771118164,14.59000015258789,13.470000267028809,13.52869701385498
2013-07-23,2678000,14.050000190734863,14.420000076293945,14.489999771118164,13.899999618530273,14.198238372802734
2013-07-22,3730500,13.770000457763672,14.029999732971191,14.199999809265137,13.710000038146973,13.81423568725586
2013-07-19,3005500,12.899999618530273,13.399999618530273,13.4399995803833,12.859999656677246,13.193924903869629
2013-07-18,1797200,12.850000381469727,12.710000038146973,12.930000305175781,12.680000305175781,12.514535903930664
2013-07-17,3513400,12.930000305175781,12.680000305175781,13.199999809265137,12.680000305175781,12.484997749328613
2013-07-16,5609800,12.489999771118164,12.949999809265137,12.989999771118164,12.420000076293945,12.750844955444336
2013-07-15,5864600,12.569999694824219,12.4399995803833,12.729999542236328,12.329999923706055,12.248688697814941
2013-07-12,3795700,13.010000228881836,12.75,13.069999694824219,12.619999885559082,12.55392074584961
2013-07-11,3974500,13.319999694824219,13.3100004196167,13.34000015258789,13.0,13.10530948638916
2013-07-10,2967500,12.819999694824219,12.729999542236328,12.970000267028809,12.569999694824219,12.534228324890137
2013-07-09,2797100,12.770000457763672,12.720000267028809,12.930000305175781,12.600000381469727,12.524381637573242
2013-07-08,2434400,12.930000305175781,12.579999923706055,12.970000267028809,12.550000190734863,12.38653564453125
2013-07-05,6099600,12.890000343322754,12.890000343322754,13.050000190734863,12.5,12.691768646240234
2013-07-03,2690100,14.0,13.850000381469727,14.0600004196167,13.630000114440918,13.637004852294922
2013-07-02,3507200,15.109999656677246,14.40999984741211,15.15999984741211,14.260000228881836,14.188392639160156
2013-07-01,4422100,14.460000038146973,14.970000267028809,15.229999542236328,14.210000038146973,14.73978042602539
2013-06-28,3469400,13.359999656677246,14.300000190734863,14.430000305175781,13.3100004196167,14.080083847045898
2013-06-27,3588300,13.399999618530273,13.600000381469727,13.859999656677246,13.319999694824219,13.390850067138672
2013-06-26,4207000,13.34000015258789,13.15999984741211,13.380000114440918,13.079999923706055,12.95761489868164
2013-06-25,2926800,14.069999694824219,13.989999771118164,14.300000190734863,13.970000267028809,13.77485179901123
2013-06-24,4446500,14.670000076293945,14.050000190734863,14.699999809265137,13.989999771118164,13.833928108215332
2013-06-21,4833900,14.390000343322754,14.890000343322754,14.9399995803833,14.199999809265137,14.661011695861816
2013-06-20,9318200,14.550000190734863,14.420000076293945,14.789999961853027,14.260000228881836,14.198238372802734
2013-06-19,5759600,15.640000343322754,15.170000076293945,15.710000038146973,15.109999656677246,14.936705589294434
2013-06-18,7145200,16.239999771118164,15.600000381469727,16.350000381469727,15.550000190734863,15.360092163085938
2013-06-17,1276800,16.25,16.399999618530273,16.469999313354492,16.209999084472656,16.147789001464844
2013-06-14,2749400,16.290000915527344,16.290000915527344,16.5,16.239999771118164,16.039480209350586
2013-06-13,2853700,16.139999389648438,16.479999542236328,16.479999542236328,16.110000610351562,16.2265567779541
2013-06-12,1940300,16.520000457763672,16.3700008392334,16.84000015258789,16.350000381469727,16.11825180053711
2013-06-11,3013800,16.469999313354492,16.520000457763672,16.81999969482422,16.399999618530273,16.26594352722168
2013-06-10,1589800,16.68000030517578,16.860000610351562,17.18000030517578,16.579999923706055,16.60071563720703
2013-06-07,2738800,17.170000076293945,16.809999465942383,17.219999313354492,16.670000076293945,16.551485061645508
2013-06-06,2299100,17.549999237060547,17.860000610351562,17.950000762939453,17.510000228881836,17.58533477783203
2013-06-05,1670900,17.809999465942383,17.780000686645508,18.170000076293945,17.549999237060547,17.506567001342773
2013-06-04,2549000,18.290000915527344,17.90999984741211,18.530000686645508,17.68000030517578,17.634567260742188
2013-06-03,3512900,18.1200008392334,18.6200008392334,18.850000381469727,17.899999618530273,18.333648681640625
2013-05-31,4047800,17.889999389648438,18.139999389648438,18.290000915527344,17.799999237060547,17.86103057861328
2013-05-30,4367400,17.1200008392334,17.950000762939453,18.059999465942383,17.030000686645508,17.673952102661133
2013-05-29,2418400,16.3700008392334,16.760000228881836,16.809999465942383,16.280000686645508,16.502254486083984
2013-05-28,3035500,16.350000381469727,16.34000015258789,16.760000228881836,16.219999313354492,16.03628158569336
2013-05-24,2944300,16.5,16.34000015258789,16.81999969482422,16.280000686645508,16.03628158569336
2013-05-23,2854400,16.799999237060547,16.719999313354492,16.979999542236328,16.579999923706055,16.409217834472656
2013-05-22,3927700,16.709999084472656,16.579999923706055,17.040000915527344,16.360000610351562,16.271820068359375
2013-05-21,3574300,16.559999465942383,16.3799991607666,16.729999542236328,16.350000381469727,16.075536727905273
2013-05-20,7792000,16.56999969482422,17.100000381469727,17.15999984741211,16.239999771118164,16.782155990600586
2013-05-17,11195000,17.25,17.1200008392334,17.469999313354492,17.030000686645508,16.801782608032227
2013-05-16,3195900,17.309999465942383,17.549999237060547,17.889999389648438,17.190000534057617,17.223791122436523
2013-05-15,4165600,17.889999389648438,17.700000762939453,17.950000762939453,17.6299991607666,17.371002197265625
2013-05-14,4290000,18.25,18.1200008392334,18.690000534057617,18.030000686645508,17.7831974029541
2013-05-13,1748600,18.809999465942383,18.469999313354492,18.889999389648438,18.399999618530273,18.126689910888672
2013-05-10,2084600,18.309999465942383,18.979999542236328,18.979999542236328,18.209999084472656,18.627208709716797
2013-05-09,1819700,18.979999542236328,18.709999084472656,19.450000762939453,18.6200008392334,18.362228393554688
2013-05-08,2539600,18.700000762939453,19.25,19.25,18.510000228881836,18.89219093322754
2013-05-07,3375900,18.790000915527344,18.3799991607666,18.8799991607666,18.309999465942383,18.038362503051758
2013-05-06,937200,19.030000686645508,19.059999465942383,19.139999389648438,18.799999237060547,18.70572280883789
2013-05-03,7541900,18.540000915527344,18.84000015258789,19.15999984741211,18.540000915527344,18.48981285095215
2013-05-02,2872300,19.1200008392334,19.010000228881836,19.3700008392334,18.809999465942383,18.656652450561523
2013-05-01,2780400,18.93000030517578,19.1200008392334,19.329999923706055,18.690000534057617,18.764606475830078
2013-04-30,1788900,18.8700008392334,19.5,19.5,18.450000762939453,19.137544631958008
2013-04-29,1384700,18.829999923706055,18.940000534057617,19.030000686645508,18.65999984741211,18.587953567504883
2013-04-26,2157600,19.149999618530273,18.479999542236328,19.260000228881836,18.329999923706055,18.136503219604492
2013-04-25,2318100,19.760000228881836,19.260000228881836,19.770000457763672,19.15999984741211,18.902006149291992
2013-04-24,2913300,18.540000915527344,19.350000381469727,19.489999771118164,18.43000030517578,18.990333557128906
2013-04-23,1696800,18.31999969482422,18.270000457763672,18.549999237060547,18.030000686645508,17.930408477783203
2013-04-22,1869700,18.90999984741211,18.600000381469727,18.940000534057617,18.190000534057617,18.254274368286133
2013-04-19,3271900,18.389999389648438,18.610000610351562,18.90999984741211,18.06999969482422,18.264089584350586
2013-04-18,4962400,17.790000915527344,17.959999084472656,18.1299991607666,17.469999313354492,17.626169204711914
2013-04-17,4633400,18.65999984741211,17.559999465942383,18.81999969482422,17.450000762939453,17.233604431152344
2013-04-16,6258900,19.6299991607666,18.489999771118164,19.719999313354492,18.25,18.146318435668945
2013-04-15,8846500,19.399999618530273,18.299999237060547,19.68000030517578,18.270000457763672,17.95984649658203
2013-04-12,5561000,21.56999969482422,20.420000076293945,21.75,20.389999389648438,20.040443420410156
2013-04-11,1710300,21.989999771118164,21.600000381469727,22.260000228881836,21.549999237060547,21.19851303100586
2013-04-10,1457100,22.829999923706055,22.360000610351562,22.8700008392334,22.329999923706055,21.944385528564453
2013-04-09,3665000,22.15999984741211,23.030000686645508,23.139999389648438,21.989999771118164,22.601932525634766
2013-04-08,1964300,21.969999313354492,21.90999984741211,22.209999084472656,21.690000534057617,21.502748489379883
2013-04-05,2691000,22.1299991607666,21.850000381469727,22.309999465942383,21.709999084472656,21.443864822387695
2013-04-04,2432000,21.559999465942383,22.34000015258789,22.5,21.510000228881836,21.924758911132812
2013-04-03,2807000,22.299999237060547,21.59000015258789,22.579999923706055,21.440000534057617,21.188697814941406
2013-04-02,1297900,23.170000076293945,22.489999771118164,23.170000076293945,22.440000534057617,22.07196807861328
2013-04-01,1155800,23.549999237060547,23.290000915527344,23.549999237060547,23.059999465942383,22.857099533081055
2013-03-28,1020800,23.489999771118164,23.549999237060547,23.59000015258789,23.34000015258789,23.112262725830078
2013-03-27,2254700,23.329999923706055,23.520000457763672,23.649999618530273,23.309999465942383,23.08282470703125
2013-03-26,1550000,23.8799991607666,23.729999542236328,23.920000076293945,23.450000762939453,23.28891944885254
2013-03-25,1415200,23.719999313354492,23.719999313354492,23.950000762939453,23.440000534057617,23.27910614013672
2013-03-22,1224800,24.280000686645508,23.90999984741211,24.299999237060547,23.799999237060547,23.465572357177734
2013-03-21,1538100,24.1299991607666,24.450000762939453,24.600000381469727,24.049999237060547,23.99553871154785
2013-03-20,1775600,24.020000457763672,23.969999313354492,24.1200008392334,23.770000457763672,23.524457931518555
2013-03-19,2047500,24.25,24.219999313354492,24.399999618530273,24.020000457763672,23.769811630249023
2013-03-18,1863600,24.770000457763672,24.540000915527344,24.90999984741211,24.450000762939453,24.083866119384766
2013-03-15,2519300,24.600000381469727,24.579999923706055,24.8700008392334,24.459999084472656,24.12312126159668
2013-03-14,1575900,24.479999542236328,24.790000915527344,25.0,24.389999389648438,24.3292179107666
2013-03-13,1925700,25.31999969482422,24.59000015258789,25.40999984741211,24.540000915527344,24.1329345703125
2013-03-12,1725400,25.0,25.34000015258789,25.469999313354492,24.90999984741211,24.8135929107666
2013-03-11,1697800,24.81999969482422,24.780000686645508,24.920000076293945,24.549999237060547,24.265226364135742
2013-03-08,3439400,24.299999237060547,24.600000381469727,25.149999618530273,24.030000686645508,24.088966369628906
2013-03-07,2134000,24.59000015258789,24.149999618530273,24.75,24.040000915527344,23.648313522338867
2013-03-06,3115800,23.540000915527344,24.43000030517578,24.540000915527344,23.079999923706055,23.922500610351562
2013-03-05,1281600,23.700000762939453,23.450000762939453,23.8700008392334,23.3799991607666,22.962854385375977
2013-03-04,1515500,24.100000381469727,23.40999984741211,24.1299991607666,23.329999923706055,22.92368507385254
2013-03-01,2287100,24.010000228881836,24.049999237060547,24.190000534057617,23.8799991607666,23.550390243530273
2013-02-28,1808300,24.639999389648438,24.239999771118164,24.809999465942383,24.170000076293945,23.7364444732666
2013-02-27,2235200,25.229999542236328,25.079999923706055,25.260000228881836,24.989999771118164,24.55899429321289
2013-02-26,1976900,25.450000762939453,25.65999984741211,26.020000457763672,25.25,25.12694549560547
2013-02-25,1740000,25.200000762939453,25.34000015258789,25.649999618530273,25.200000762939453,24.8135929107666
2013-02-22,1771300,25.110000610351562,25.149999618530273,25.219999313354492,24.920000076293945,24.627540588378906
2013-02-21,2474500,25.010000228881836,25.079999923706055,25.459999084472656,24.8700008392334,24.55899429321289
2013-02-20,4248500,25.770000457763672,24.809999465942383,26.329999923706055,24.700000762939453,24.29460334777832
2013-02-19,1504200,27.010000228881836,26.729999542236328,27.18000030517578,26.649999618530273,26.17471694946289
2013-02-15,2653300,27.6200008392334,26.989999771118164,27.719999313354492,26.920000076293945,26.429317474365234
2013-02-14,1244700,28.6299991607666,28.3700008392334,28.889999389648438,28.270000457763672,27.780649185180664
2013-02-13,1341100,28.670000076293945,28.549999237060547,29.09000015258789,28.440000534057617,27.956907272338867
2013-02-12,1464400,28.31999969482422,28.760000228881836,28.81999969482422,28.079999923706055,28.162546157836914
2013-02-11,1390100,28.3799991607666,28.09000015258789,28.450000762939453,27.899999618530273,27.506465911865234
2013-02-08,697300,28.700000762939453,28.579999923706055,28.93000030517578,28.520000457763672,27.986286163330078
2013-02-07,985800,28.65999984741211,28.770000457763672,29.1200008392334,28.520000457763672,28.172338485717773
2013-02-06,1610400,28.510000228881836,28.700000762939453,28.920000076293945,28.459999084472656,28.103792190551758
2013-02-05,1935300,29.020000457763672,28.889999389648438,29.1200008392334,28.700000762939453,28.289844512939453
2013-02-04,2606700,28.8700008392334,29.100000381469727,29.56999969482422,28.850000381469727,28.495485305786133
2013-02-01,5537600,28.510000228881836,29.299999237060547,29.780000686645508,28.100000381469727,28.69133186340332
2013-01-31,2284000,27.780000686645508,28.020000457763672,28.059999465942383,27.6200008392334,27.43792152404785
2013-01-30,2420200,27.670000076293945,27.729999542236328,28.0,27.469999313354492,27.153942108154297
2013-01-29,2231100,27.479999542236328,27.389999389648438,27.6200008392334,27.229999542236328,26.821006774902344
2013-01-28,1966500,27.559999465942383,27.18000030517578,27.59000015258789,27.020000457763672,26.61536979675293
2013-01-25,2354100,27.93000030517578,27.309999465942383,28.110000610351562,27.219999313354492,26.742666244506836
2013-01-24,2750900,28.979999542236328,28.09000015258789,29.06999969482422,27.979999542236328,27.506465911865234
2013-01-23,1369200,29.389999389648438,29.079999923706055,29.520000457763672,28.979999542236328,28.47589874267578
2013-01-22,1272400,29.479999542236328,29.610000610351562,29.700000762939453,29.190000534057617,28.994888305664062
2013-01-18,844200,29.170000076293945,29.1299991607666,29.440000534057617,28.989999771118164,28.524858474731445
2013-01-17,1570700,29.06999969482422,29.139999389648438,29.440000534057617,28.829999923706055,28.534650802612305
2013-01-16,1014200,29.479999542236328,29.420000076293945,29.559999465942383,29.239999771118164,28.808835983276367
2013-01-15,1945400,29.190000534057617,29.549999237060547,29.790000915527344,29.020000457763672,28.93613624572754
2013-01-14,1449600,29.360000610351562,29.1200008392334,29.43000030517578,29.010000228881836,28.51506805419922
2013-01-11,2474000,28.989999771118164,29.15999984741211,29.170000076293945,28.760000228881836,28.554235458374023
2013-01-10,2989900,28.829999923706055,28.770000457763672,29.049999237060547,28.610000610351562,28.172338485717773
2013-01-09,1305000,29.06999969482422,28.8700008392334,29.1299991607666,28.790000915527344,28.270263671875
2013-01-08,2069700,29.469999313354492,29.020000457763672,29.579999923706055,28.899999618530273,28.417146682739258
2013-01-07,1454400,30.059999465942383,29.8700008392334,30.229999542236328,29.75,29.24949073791504
2013-01-04,1369800,30.100000381469727,30.479999542236328,30.530000686645508,29.950000762939453,29.84681510925293
2013-01-03,1321100,31.079999923706055,30.389999389648438,31.489999771118164,30.34000015258789,29.758682250976562
2013-01-02,1832700,31.6299991607666,31.31999969482422,31.8799991607666,31.25,30.66936492919922
2012-12-31,1032100,30.68000030517578,31.3700008392334,31.479999542236328,30.65999984741211,30.71832847595215
2012-12-28,1048300,30.8700008392334,30.65999984741211,31.190000534057617,30.59000015258789,30.023075103759766
2012-12-27,1646700,30.350000381469727,30.950000762939453,31.469999313354492,30.309999465942383,30.307052612304688
2012-12-26,751700,30.40999984741211,30.399999618530273,30.5,30.25,29.768478393554688
2012-12-24,555300,30.25,30.299999237060547,30.350000381469727,30.049999237060547,29.670555114746094
2012-12-21,2521900,29.75,30.34000015258789,30.5,29.700000762939453,29.70972442626953
2012-12-20,2246900,30.06999969482422,30.18000030517578,30.3799991607666,29.510000228881836,29.55304718017578
2012-12-19,2145800,30.760000228881836,30.299999237060547,30.829999923706055,30.219999313354492,29.670555114746094
2012-12-18,2307600,30.860000610351562,30.59000015258789,30.920000076293945,30.139999389648438,29.95453453063965
2012-12-17,1474800,29.959999084472656,29.989999771118164,30.170000076293945,29.84000015258789,29.366994857788086
2012-12-14,2130300,29.940000534057617,29.899999618530273,30.18000030517578,29.56999969482422,29.27886390686035
2012-12-13,1176600,30.299999237060547,30.219999313354492,30.600000381469727,30.149999618530273,29.59221649169922
2012-12-12,3481500,30.290000915527344,30.920000076293945,31.270000457763672,30.1299991607666,30.27767562866211
2012-12-11,1585300,30.209999084472656,30.209999084472656,30.479999542236328,30.139999389648438,29.582422256469727
2012-12-10,1014600,30.489999771118164,30.489999771118164,30.8799991607666,30.270000457763672,29.85660743713379
2012-12-07,1076100,30.170000076293945,30.15999984741211,30.34000015258789,29.889999389648438,29.533464431762695
2012-12-06,1432700,30.09000015258789,29.90999984741211,30.290000915527344,29.760000228881836,29.288658142089844
2012-12-05,2227000,30.420000076293945,29.979999542236328,30.90999984741211,29.84000015258789,29.357200622558594
2012-12-04,1534200,29.799999237060547,30.56999969482422,30.690000534057617,29.75,29.934946060180664
2012-12-03,1501600,30.510000228881836,30.030000686645508,30.729999542236328,30.030000686645508,29.406166076660156
2012-11-30,1507100,31.3700008392334,30.969999313354492,31.610000610351562,30.520000457763672,30.326637268066406
2012-11-29,1342400,31.389999389648438,31.600000381469727,31.670000076293945,31.079999923706055,30.94355010986328
2012-11-28,2020200,29.610000610351562,30.649999618530273,30.68000030517578,29.579999923706055,30.01328468322754
2012-11-27,1492300,30.93000030517578,30.239999771118164,31.020000457763672,30.219999313354492,29.55538558959961
2012-11-26,1504000,31.290000915527344,31.43000030517578,31.450000762939453,30.969999313354492,30.71844482421875
2012-11-23,751300,30.93000030517578,31.270000457763672,31.469999313354492,30.860000610351562,30.56206703186035
2012-11-21,1411700,30.350000381469727,30.940000534057617,31.010000228881836,30.200000762939453,30.239538192749023
2012-11-20,1070100,30.75,30.719999313354492,30.850000381469727,30.440000534057617,30.024518966674805
2012-11-19,1251800,31.149999618530273,31.09000015258789,31.450000762939453,30.799999237060547,30.38614273071289
2012-11-16,1661200,30.3700008392334,30.729999542236328,30.860000610351562,29.969999313354492,30.03429412841797
2012-11-15,2450100,30.799999237060547,30.34000015258789,31.170000076293945,30.229999542236328,29.653120040893555
2012-11-14,2419600,31.8799991607666,31.450000762939453,31.950000762939453,31.3700008392334,30.737991333007812
2012-11-13,857400,32.91999816894531,32.97999954223633,33.349998474121094,32.65999984741211,32.23335266113281
2012-11-12,804800,33.810001373291016,33.470001220703125,33.849998474121094,33.2599983215332,32.712257385253906
2012-11-09,1252100,33.83000183105469,33.38999938964844,34.099998474121094,33.369998931884766,32.634071350097656
2012-11-08,2798000,33.11000061035156,34.09000015258789,34.5,32.95000076293945,33.31822204589844
2012-11-07,1913900,34.630001068115234,34.95000076293945,34.970001220703125,34.04999923706055,34.15875244140625
2012-11-06,1772100,33.11000061035156,34.040000915527344,34.130001068115234,32.97999954223633,33.269351959228516
2012-11-05,1125000,32.77000045776367,32.720001220703125,33.130001068115234,32.470001220703125,31.979236602783203
2012-11-02,1283300,33.439998626708984,32.75,33.68000030517578,32.75,32.0085563659668
2012-11-01,1045700,33.83000183105469,33.58000183105469,34.040000915527344,33.56999969482422,32.81977081298828
2012-10-31,1468100,32.880001068115234,33.97999954223633,34.060001373291016,32.58000183105469,33.21071243286133
2012-10-26,1561300,32.630001068115234,32.45000076293945,32.630001068115234,32.099998474121094,31.71535301208496
2012-10-25,1299800,32.63999938964844,32.5,32.720001220703125,32.209999084472656,31.764217376708984
2012-10-24,1585600,32.5099983215332,32.040000915527344,32.90999984741211,31.979999542236328,31.31463623046875
2012-10-23,1171300,32.619998931884766,32.27000045776367,32.63999938964844,32.189998626708984,31.5394287109375
2012-10-22,2070500,32.83000183105469,33.2599983215332,33.27000045776367,32.70000076293945,32.507015228271484
2012-10-19,2443100,32.58000183105469,33.209999084472656,33.290000915527344,32.29999923706055,32.45814514160156
2012-10-18,3185800,33.439998626708984,32.56999969482422,33.81999969482422,32.38999938964844,31.83263397216797
2012-10-17,1218000,34.970001220703125,34.939998626708984,35.150001525878906,34.529998779296875,34.14897918701172
2012-10-16,1319400,34.52000045776367,34.869998931884766,34.93000030517578,34.470001220703125,34.08056640625
2012-10-15,1445200,34.25,34.060001373291016,34.43000030517578,33.529998779296875,33.288902282714844
2012-10-12,2185400,34.619998931884766,34.279998779296875,34.7599983215332,34.16999816894531,33.5039176940918
2012-10-11,1441400,34.29999923706055,34.380001068115234,34.75,34.209999084472656,33.60165786743164
2012-10-10,1898000,34.060001373291016,34.11000061035156,34.38999938964844,33.84000015258789,33.337772369384766
2012-10-09,1892100,34.0,33.79999923706055,34.400001525878906,33.72999954223633,33.0347900390625
2012-10-08,2573700,33.5099983215332,33.81999969482422,33.95000076293945,33.5099983215332,33.0543327331543
2012-10-05,1935200,33.25,33.369998931884766,34.099998474121094,33.20000076293945,32.614524841308594
2012-10-04,2334400,33.4900016784668,33.06999969482422,33.650001525878906,33.029998779296875,32.321319580078125
2012-10-03,2190100,34.529998779296875,33.0099983215332,34.529998779296875,32.9900016784668,32.26267623901367
2012-10-02,2093800,35.31999969482422,34.58000183105469,35.41999816894531,34.16999816894531,33.7971305847168
2012-10-01,1672300,35.43000030517578,35.279998779296875,35.88999938964844,35.130001068115234,34.48128128051758
2012-09-28,2317400,34.869998931884766,35.04999923706055,35.41999816894531,34.36000061035156,34.25648880004883
2012-09-27,2299400,34.81999969482422,35.06999969482422,35.20000076293945,34.61000061035156,34.27603530883789
2012-09-26,3742000,34.869998931884766,34.45000076293945,35.220001220703125,34.22999954223633,33.670074462890625
2012-09-25,1993400,36.72999954223633,35.58000183105469,36.880001068115234,35.540000915527344,34.77449035644531
2012-09-24,2018000,36.209999084472656,36.290000915527344,36.63999938964844,35.9900016784668,35.46841812133789
2012-09-21,3316900,36.650001525878906,36.61000061035156,36.849998474121094,36.209999084472656,35.78117370605469
2012-09-20,1668100,36.029998779296875,36.29999923706055,36.45000076293945,35.540000915527344,35.47819137573242
2012-09-19,2191200,36.70000076293945,36.720001220703125,36.93000030517578,36.400001525878906,35.8886833190918
2012-09-18,3247200,36.16999816894531,36.90999984741211,36.90999984741211,36.02000045776367,36.074378967285156
2012-09-17,2150100,35.86000061035156,36.279998779296875,36.349998474121094,35.439998626708984,35.458641052246094
2012-09-14,2236900,35.630001068115234,35.790000915527344,36.310001373291016,35.52000045776367,34.979736328125
2012-09-13,2497600,33.79999923706055,35.400001525878906,35.4900016784668,33.209999084472656,34.598567962646484
2012-09-12,1783500,34.349998474121094,34.09000015258789,34.459999084472656,33.209999084472656,33.31822204589844
2012-09-11,1239900,34.099998474121094,34.29999923706055,34.59000015258789,33.72999954223633,33.52346420288086
2012-09-10,1189600,34.13999938964844,33.79999923706055,34.369998931884766,33.7400016784668,33.0347900390625
2012-09-07,1507800,34.04999923706055,34.18000030517578,34.279998779296875,33.65999984741211,33.40618133544922
2012-09-06,2017300,32.54999923706055,33.290000915527344,33.31999969482422,32.5099983215332,32.53633499145508
2012-09-05,1886000,31.889999389648438,32.22999954223633,32.25,31.6200008392334,31.500329971313477
2012-09-04,1373800,31.8700008392334,31.420000076293945,31.899999618530273,31.149999618530273,30.708669662475586
2012-08-31,3133000,30.780000686645508,31.899999618530273,32.220001220703125,30.559999465942383,31.17780303955078
2012-08-30,1454200,31.280000686645508,31.15999984741211,31.3799991607666,30.809999465942383,30.45455551147461
2012-08-29,1962300,31.510000228881836,31.1299991607666,31.809999465942383,31.09000015258789,30.425233840942383
2012-08-28,2521500,32.099998474121094,31.719999313354492,32.11000061035156,31.5,30.898950576782227
2012-08-27,1726500,33.540000915527344,32.279998779296875,33.56999969482422,32.15999984741211,31.444456100463867
2012-08-24,1054700,33.70000076293945,33.58000183105469,33.869998931884766,33.400001525878906,32.71080780029297
2012-08-23,1655900,34.58000183105469,33.68000030517578,34.70000076293945,33.630001068115234,32.8082160949707
2012-08-22,1100400,34.13999938964844,34.7599983215332,34.83000183105469,33.900001525878906,33.860260009765625
2012-08-21,1468800,34.93000030517578,34.369998931884766,35.02000045776367,34.15999984741211,33.48035430908203
2012-08-20,964500,34.439998626708984,34.310001373291016,34.439998626708984,33.849998474121094,33.421913146972656
2012-08-17,1105300,35.09000015258789,34.58000183105469,35.15999984741211,34.529998779296875,33.68492126464844
2012-08-16,1621000,34.13999938964844,35.369998931884766,35.380001068115234,34.099998474121094,34.45447540283203
2012-08-15,809700,33.869998931884766,33.93000030517578,34.06999969482422,33.58000183105469,33.0517463684082
2012-08-14,1113700,34.29999923706055,33.90999984741211,34.619998931884766,33.869998931884766,33.03226852416992
2012-08-13,1459000,34.93000030517578,34.72999954223633,35.189998626708984,34.470001220703125,33.83103942871094
2012-08-10,1110600,34.56999969482422,34.61000061035156,34.79999923706055,34.310001373291016,33.714141845703125
2012-08-09,744100,33.880001068115234,34.099998474121094,34.290000915527344,33.59000015258789,33.217342376708984
2012-08-08,1477000,34.13999938964844,33.79999923706055,34.400001525878906,33.79999923706055,32.92510986328125
2012-08-07,1126200,34.310001373291016,34.599998474121094,34.65999984741211,34.18000030517578,33.70440673828125
2012-08-06,1888200,34.130001068115234,34.470001220703125,35.0,33.900001525878906,33.5777702331543
2012-08-03,2098100,34.310001373291016,33.88999938964844,34.40999984741211,33.459999084472656,33.01277542114258
2012-08-02,1547900,33.529998779296875,33.61000061035156,34.380001068115234,33.2400016784668,32.74003219604492
2012-08-01,1796300,33.91999816894531,33.86000061035156,34.349998474121094,32.349998474121094,32.983558654785156
2012-07-31,1300200,34.79999923706055,34.0099983215332,34.880001068115234,33.970001220703125,33.12967300415039
2012-07-30,1437800,34.75,34.779998779296875,34.959999084472656,34.52000045776367,33.87974548339844
2012-07-27,2284000,34.43000030517578,34.7599983215332,35.02000045776367,34.220001220703125,33.860260009765625
2012-07-26,2815800,33.59000015258789,33.70000076293945,33.79999923706055,33.11000061035156,32.827701568603516
2012-07-25,2327500,32.54999923706055,33.130001068115234,33.86000061035156,32.400001525878906,32.27245330810547
2012-07-24,2162100,32.060001373291016,31.989999771118164,32.2400016784668,31.860000610351562,31.16196060180664
2012-07-23,2252800,31.31999969482422,31.90999984741211,31.940000534057617,31.100000381469727,31.08403205871582
2012-07-20,2037900,31.260000228881836,31.770000457763672,31.899999618530273,31.020000457763672,30.94765853881836
2012-07-19,2600700,31.1200008392334,31.0,31.260000228881836,30.829999923706055,30.197587966918945
2012-07-18,1969300,31.690000534057617,31.34000015258789,31.690000534057617,31.219999313354492,30.52878761291504
2012-07-17,1621200,32.7400016784668,32.16999816894531,32.86000061035156,31.8799991607666,31.337299346923828
2012-07-16,1617600,32.310001373291016,32.709999084472656,32.86000061035156,32.310001373291016,31.86332130432129
2012-07-13,1360400,32.400001525878906,32.68000030517578,32.849998474121094,32.29999923706055,31.834104537963867
2012-07-12,1566200,32.11000061035156,32.380001068115234,32.650001525878906,31.579999923706055,31.541868209838867
2012-07-11,1587600,32.52000045776367,32.400001525878906,32.7599983215332,32.060001373291016,31.561349868774414
2012-07-10,1328100,33.779998779296875,32.540000915527344,33.84000015258789,32.400001525878906,31.697721481323242
2012-07-09,1298300,32.95000076293945,33.060001373291016,33.279998779296875,32.540000915527344,32.20426559448242
2012-07-06,1527000,33.63999938964844,33.189998626708984,33.84000015258789,32.97999954223633,32.33089828491211
2012-07-05,1282600,34.040000915527344,34.209999084472656,34.689998626708984,33.93000030517578,33.32449722290039
2012-07-03,1555600,33.630001068115234,34.290000915527344,34.33000183105469,33.54999923706055,33.402427673339844
2012-07-02,2279800,34.20000076293945,33.540000915527344,34.22999954223633,33.33000183105469,32.67184066772461
2012-06-29,2226500,34.5,34.34000015258789,34.560001373291016,33.72999954223633,33.45112991333008
2012-06-28,2235800,33.849998474121094,33.900001525878906,34.09000015258789,33.31999969482422,33.02252960205078
2012-06-27,1701900,34.25,34.150001525878906,34.43000030517578,33.619998931884766,33.266056060791016
2012-06-26,1169800,34.7400016784668,34.4900016784668,35.0,34.11000061035156,33.597251892089844
2012-06-25,2013300,34.099998474121094,34.7599983215332,34.900001525878906,33.90999984741211,33.860260009765625
2012-06-22,1501400,35.0099983215332,34.40999984741211,35.11000061035156,34.04999923706055,33.51932144165039
2012-06-21,1807800,36.279998779296875,35.11000061035156,36.349998474121094,35.099998474121094,34.20120620727539
2012-06-20,1775800,36.83000183105469,36.970001220703125,37.65999984741211,36.439998626708984,36.013057708740234
2012-06-19,1051100,37.099998474121094,37.130001068115234,37.209999084472656,36.63999938964844,36.168914794921875
2012-06-18,1673700,36.06999969482422,36.880001068115234,37.130001068115234,35.900001525878906,35.925392150878906
2012-06-15,5097100,36.33000183105469,36.84000015258789,36.869998931884766,35.939998626708984,35.88642120361328
2012-06-14,1928700,36.5099983215332,36.369998931884766,36.540000915527344,35.86000061035156,35.4285888671875
2012-06-13,2213200,37.029998779296875,36.41999816894531,37.08000183105469,36.29999923706055,35.477291107177734
2012-06-12,1508000,36.31999969482422,36.81999969482422,37.150001525878906,36.22999954223633,35.866943359375
2012-06-11,1559300,36.36000061035156,36.0099983215332,36.58000183105469,35.91999816894531,35.07790756225586
2012-06-08,1980900,35.900001525878906,36.279998779296875,36.5,35.459999084472656,35.34091567993164
2012-06-07,3104400,37.90999984741211,36.36000061035156,37.90999984741211,36.11000061035156,35.41884994506836
2012-06-06,3198000,37.720001220703125,37.709999084472656,38.310001373291016,37.150001525878906,36.73390197753906
2012-06-05,3392300,37.529998779296875,37.400001525878906,37.599998474121094,37.099998474121094,36.43193054199219
2012-06-04,2856400,37.599998474121094,37.68000030517578,37.7400016784668,36.72999954223633,36.70467758178711
2012-06-01,3978100,36.45000076293945,36.86000061035156,37.08000183105469,36.2599983215332,35.905906677246094
2012-05-31,2276800,35.72999954223633,36.060001373291016,36.5099983215332,35.70000076293945,35.126617431640625
2012-05-30,3157100,35.08000183105469,35.529998779296875,36.02000045776367,34.689998626708984,34.61033248901367
2012-05-29,2261100,36.56999969482422,35.84000015258789,36.7400016784668,35.43000030517578,34.797306060791016
2012-05-25,1968000,36.130001068115234,36.18000030517578,36.56999969482422,35.93000030517578,35.127418518066406
2012-05-24,2833500,36.59000015258789,36.41999816894531,36.779998779296875,35.779998779296875,35.36043167114258
2012-05-23,3088400,34.959999084472656,36.560001373291016,36.66999816894531,34.349998474121094,35.496360778808594
2012-05-22,2664300,35.06999969482422,35.220001220703125,35.880001068115234,34.91999816894531,34.195350646972656
2012-05-21,3264100,34.119998931884766,35.06999969482422,35.220001220703125,34.11000061035156,34.04970932006836
2012-05-18,4386500,33.900001525878906,34.279998779296875,34.650001525878906,33.63999938964844,33.28268814086914
2012-05-17,3545700,31.84000015258789,32.529998779296875,32.9900016784668,31.690000534057617,31.583600997924805
2012-05-16,3156700,30.920000076293945,31.65999984741211,31.989999771118164,30.809999465942383,30.738916397094727
2012-05-15,2377200,31.81999969482422,30.809999465942383,32.2400016784668,30.700000762939453,29.913646697998047
2012-05-14,2217300,32.5,32.220001220703125,32.88999938964844,32.16999816894531,31.282625198364258
2012-05-11,1543600,33.650001525878906,33.47999954223633,34.189998626708984,33.33000183105469,32.50596618652344
2012-05-10,2513800,33.88999938964844,34.06999969482422,34.22999954223633,33.27000045776367,33.078800201416016
2012-05-09,2846600,31.889999389648438,32.529998779296875,33.04999923706055,31.84000015258789,31.583600997924805
2012-05-08,1656100,32.470001220703125,32.470001220703125,32.650001525878906,32.040000915527344,31.525348663330078
2012-05-07,1390900,33.20000076293945,33.150001525878906,33.540000915527344,32.790000915527344,32.18557357788086
2012-05-04,2019400,32.72999954223633,33.2400016784668,33.36000061035156,32.72999954223633,32.272953033447266
2012-05-03,1923700,33.47999954223633,32.77000045776367,33.599998474121094,32.540000915527344,31.816619873046875
2012-05-02,1012100,34.2599983215332,33.79999923706055,34.349998474121094,33.59000015258789,32.81665802001953
2012-05-01,1035000,34.25,34.560001373291016,34.75,34.08000183105469,33.55454635620117
2012-04-30,1092900,34.099998474121094,34.380001068115234,34.52000045776367,33.869998931884766,33.37978744506836
2012-04-27,1616800,34.650001525878906,34.279998779296875,34.81999969482422,34.099998474121094,33.28268814086914
2012-04-26,2036800,34.599998474121094,34.380001068115234,34.869998931884766,34.099998474121094,33.37978744506836
2012-04-25,2600400,33.45000076293945,34.08000183105469,34.18000030517578,33.209999084472656,33.0885124206543
2012-04-24,1477000,32.93000030517578,32.9900016784668,33.099998474121094,32.72999954223633,32.03022384643555
2012-04-23,2264000,32.68000030517578,32.880001068115234,32.9900016784668,32.279998779296875,31.923419952392578
2012-04-20,2045500,33.4900016784668,32.869998931884766,33.58000183105469,32.86000061035156,31.91370964050293
2012-04-19,2063700,33.689998626708984,33.33000183105469,33.86000061035156,33.25,32.3603401184082
2012-04-18,1697700,33.5099983215332,33.599998474121094,33.7400016784668,33.31999969482422,32.622474670410156
2012-04-17,1317100,33.63999938964844,33.61000061035156,34.27000045776367,33.36000061035156,32.63218688964844
2012-04-16,2410800,33.790000915527344,33.45000076293945,34.150001525878906,33.400001525878906,32.47684097290039
2012-04-13,2987700,33.88999938964844,34.0099983215332,34.09000015258789,33.540000915527344,33.020545959472656
2012-04-12,2493000,33.38999938964844,34.29999923706055,34.52000045776367,33.369998931884766,33.30210494995117
2012-04-11,2446300,33.720001220703125,33.599998474121094,33.88999938964844,33.380001068115234,32.622474670410156
2012-04-10,4842900,33.06999969482422,33.36000061035156,33.38999938964844,32.439998626708984,32.389461517333984
2012-04-09,2107300,34.38999938964844,34.06999969482422,34.560001373291016,33.93000030517578,33.078800201416016
2012-04-05,2864600,34.75,34.11000061035156,34.75,33.95000076293945,33.11763381958008
2012-04-04,3794300,34.630001068115234,34.349998474121094,34.9900016784668,33.84000015258789,33.35065460205078
2012-04-03,2840400,36.86000061035156,36.029998779296875,36.900001525878906,35.65999984741211,34.98177719116211
2012-04-02,2132200,36.7400016784668,36.900001525878906,37.25,36.470001220703125,35.82646560668945
2012-03-30,1559100,36.9900016784668,36.91999816894531,37.13999938964844,36.38999938964844,35.84588623046875
2012-03-29,1887400,36.220001220703125,36.689998626708984,36.779998779296875,36.060001373291016,35.622581481933594
2012-03-28,3125900,37.5,36.470001220703125,37.709999084472656,36.38999938964844,35.40898513793945
2012-03-27,2035600,38.65999984741211,38.18000030517578,38.75,38.0099983215332,37.06922912597656
2012-03-26,4877200,38.310001373291016,38.65999984741211,38.709999084472656,37.849998474121094,37.53526306152344
2012-03-23,1487300,37.290000915527344,37.65999984741211,38.060001373291016,37.2400016784668,36.564353942871094
2012-03-22,1494200,37.18000030517578,37.150001525878906,37.38999938964844,36.90999984741211,36.06919479370117
2012-03-21,1627200,38.040000915527344,37.880001068115234,38.2599983215332,37.65999984741211,36.7779541015625
2012-03-20,1844400,37.459999084472656,38.02000045776367,38.189998626708984,37.06999969482422,36.91388702392578
2012-03-19,1811200,38.599998474121094,38.0,38.650001525878906,37.849998474121094,36.89446258544922
2012-03-16,5264100,38.38999938964844,38.58000183105469,38.68000030517578,38.18000030517578,37.45759582519531
2012-03-15,2004800,38.279998779296875,38.41999816894531,38.9900016784668,38.04999923706055,37.302249908447266
2012-03-14,4821800,38.33000183105469,37.95000076293945,38.439998626708984,37.41999816894531,36.84592056274414
2012-03-13,1689900,39.5099983215332,39.4900016784668,39.790000915527344,39.189998626708984,38.34111785888672
2012-03-12,1591100,39.959999084472656,39.650001525878906,40.040000915527344,39.459999084472656,38.496463775634766
2012-03-09,1578100,40.02000045776367,39.9900016784668,40.38999938964844,39.79999923706055,38.82657241821289
2012-03-08,1359200,40.459999084472656,40.279998779296875,40.599998474121094,39.84000015258789,39.10813903808594
2012-03-07,1364200,40.060001373291016,40.380001068115234,40.599998474121094,39.63999938964844,39.205223083496094
2012-03-06,1877200,40.0099983215332,39.869998931884766,40.150001525878906,39.400001525878906,38.453731536865234
2012-03-05,2069000,41.16999816894531,40.95000076293945,41.20000076293945,40.36000061035156,39.4953727722168
2012-03-02,2126900,41.849998474121094,41.2400016784668,41.88999938964844,40.970001220703125,39.77507781982422
2012-03-01,1221300,42.43000030517578,42.4900016784668,42.959999084472656,42.16999816894531,40.98067092895508
2012-02-29,2305000,43.630001068115234,42.45000076293945,43.91999816894531,41.560001373291016,40.94209289550781
2012-02-28,1085200,43.11000061035156,43.4900016784668,43.68000030517578,42.90999984741211,41.94514846801758
2012-02-27,1084700,42.599998474121094,42.61000061035156,43.08000183105469,42.380001068115234,41.096412658691406
2012-02-24,1106900,43.20000076293945,43.040000915527344,43.45000076293945,42.97999954223633,41.511131286621094
2012-02-23,1776200,43.18000030517578,43.15999984741211,43.540000915527344,42.939998626708984,41.626869201660156
2012-02-22,1987100,42.849998474121094,43.36000061035156,43.45000076293945,42.58000183105469,41.819766998291016
2012-02-21,1502600,42.810001373291016,43.029998779296875,43.2400016784668,42.439998626708984,41.501487731933594
2012-02-17,1088600,42.91999816894531,42.41999816894531,42.939998626708984,42.2400016784668,40.91315460205078
2012-02-16,2135400,41.779998779296875,42.650001525878906,42.970001220703125,41.40999984741211,41.13499450683594
2012-02-15,2660000,44.0099983215332,43.119998931884766,44.09000015258789,42.86000061035156,41.588294982910156
2012-02-14,1135400,45.15999984741211,44.79999923706055,45.52000045776367,44.58000183105469,43.20861053466797
2012-02-13,891800,45.40999984741211,45.2599983215332,45.560001373291016,45.060001373291016,43.65227127075195
2012-02-10,997500,45.18000030517578,45.11000061035156,45.33000183105469,44.68000030517578,43.507598876953125
2012-02-09,1514400,46.220001220703125,45.93000030517578,46.43000030517578,45.900001525878906,44.29848098754883
2012-02-08,1287200,45.529998779296875,45.470001220703125,45.970001220703125,45.2599983215332,43.85482406616211
2012-02-07,2425200,45.849998474121094,45.279998779296875,45.91999816894531,44.77000045776367,43.67155456542969
2012-02-06,1529100,46.400001525878906,45.81999969482422,46.66999816894531,45.45000076293945,44.192386627197266
2012-02-03,1748100,46.709999084472656,46.5099983215332,46.77000045776367,45.31999969482422,44.857872009277344
2012-02-02,1048200,46.209999084472656,46.72999954223633,47.16999816894531,46.029998779296875,45.0700569152832
2012-02-01,1481400,45.93000030517578,46.029998779296875,46.47999954223633,45.79999923706055,44.39491653442383
2012-01-31,1523900,46.25,45.79999923706055,46.36000061035156,45.16999816894531,44.173095703125
2012-01-30,1205600,45.68000030517578,45.689998626708984,46.18000030517578,45.38999938964844,44.06700134277344
2012-01-27,2582000,45.90999984741211,46.2400016784668,46.65999984741211,45.11000061035156,44.59746551513672
2012-01-26,2085400,45.369998931884766,45.060001373291016,45.7400016784668,44.790000915527344,43.45937728881836
2012-01-25,4014800,42.75,44.470001220703125,44.630001068115234,42.02000045776367,42.89033889770508
2012-01-24,1921700,43.7599983215332,43.310001373291016,44.0099983215332,43.029998779296875,41.77154541015625
2012-01-23,1154000,43.33000183105469,44.0099983215332,44.18000030517578,43.33000183105469,42.446678161621094
2012-01-20,1583500,43.34000015258789,43.52000045776367,44.150001525878906,43.04999923706055,41.974082946777344
2012-01-19,2182400,44.47999954223633,43.47999954223633,44.47999954223633,42.61000061035156,41.93549728393555
2012-01-18,1462200,44.220001220703125,44.540000915527344,44.650001525878906,44.099998474121094,42.957855224609375
2012-01-17,1447400,44.369998931884766,44.119998931884766,44.4900016784668,43.93000030517578,42.552772521972656
2012-01-13,1080600,43.279998779296875,43.02000045776367,43.279998779296875,42.61000061035156,41.49184036254883
2012-01-12,1252100,43.900001525878906,43.689998626708984,43.9900016784668,43.2599983215332,42.13804244995117
2012-01-11,1169600,43.34000015258789,43.27000045776367,43.38999938964844,42.4900016784668,41.73295974731445
2012-01-10,1351400,43.86000061035156,43.29999923706055,44.02000045776367,43.099998474121094,41.76189422607422
2012-01-09,1145900,43.599998474121094,43.18000030517578,43.630001068115234,42.97999954223633,41.64616012573242
2012-01-06,884400,43.77000045776367,43.560001373291016,44.16999816894531,43.15999984741211,42.012664794921875
2012-01-05,673600,43.16999816894531,43.56999969482422,43.95000076293945,42.7599983215332,42.022300720214844
2012-01-04,1382300,43.619998931884766,43.439998626708984,44.41999816894531,43.189998626708984,41.89691925048828
2012-01-03,2406100,43.40999984741211,43.849998474121094,43.9900016784668,43.06999969482422,42.2923583984375
2011-12-30,1103900,42.209999084472656,42.45000076293945,42.59000015258789,41.900001525878906,40.94209289550781
2011-12-29,1466100,41.08000183105469,41.880001068115234,41.880001068115234,40.59000015258789,40.39234161376953
2011-12-28,1154400,42.31999969482422,41.08000183105469,42.369998931884766,40.95000076293945,39.620758056640625
2011-12-27,775200,42.349998474121094,42.43000030517578,42.5,41.9900016784668,40.92280578613281
2011-12-23,732100,42.470001220703125,42.599998474121094,42.83000183105469,42.31999969482422,41.086761474609375
2011-12-22,1728900,42.349998474121094,42.400001525878906,42.709999084472656,41.900001525878906,40.893863677978516
2011-12-21,1150800,42.33000183105469,42.34000015258789,42.5,41.849998474121094,40.83599853515625
2011-12-20,1147700,42.099998474121094,42.58000183105469,42.65999984741211,42.0,41.067474365234375
2011-12-19,1670700,41.63999938964844,40.97999954223633,41.75,40.81999969482422,39.52431106567383
2011-12-16,3246400,41.689998626708984,41.13999938964844,42.220001220703125,41.060001373291016,39.678627014160156
2011-12-15,2841400,42.880001068115234,41.2400016784668,43.08000183105469,41.08000183105469,39.77507781982422
2011-12-14,2961800,42.4900016784668,42.66999816894531,43.209999084472656,41.970001220703125,41.154273986816406
2011-12-13,1818800,44.470001220703125,43.029998779296875,44.869998931884766,42.959999084472656,41.501487731933594
2011-12-12,1042000,44.77000045776367,44.4900016784668,44.77000045776367,43.849998474121094,42.909629821777344
2011-12-09,911000,45.369998931884766,45.630001068115234,45.77000045776367,45.11000061035156,44.009132385253906
2011-12-08,1372600,46.20000076293945,45.27000045776367,46.20000076293945,44.900001525878906,43.661922454833984
2011-12-07,1263300,46.45000076293945,46.66999816894531,47.0,46.15999984741211,45.012176513671875
2011-12-06,1847200,45.970001220703125,46.83000183105469,47.2599983215332,45.560001373291016,45.16650390625
2011-12-05,1297900,46.75,46.459999084472656,47.470001220703125,46.150001525878906,44.809654235839844
2011-12-02,1666100,48.619998931884766,47.02000045776367,48.86000061035156,46.959999084472656,45.349754333496094
2011-12-01,2150300,47.790000915527344,48.41999816894531,48.880001068115234,47.689998626708984,46.70001983642578
2011-11-30,2066200,46.060001373291016,47.959999084472656,48.02000045776367,45.79999923706055,46.2563591003418
2011-11-29,806500,44.25,44.119998931884766,44.66999816894531,44.0099983215332,42.44789123535156
2011-11-28,1377700,44.41999816894531,44.290000915527344,44.709999084472656,43.810001373291016,42.6114501953125
2011-11-25,775700,43.08000183105469,42.97999954223633,43.9900016784668,42.959999084472656,41.35109329223633
2011-11-23,1260400,43.65999984741211,43.29999923706055,44.0,42.93000030517578,41.658958435058594
2011-11-22,2070900,44.08000183105469,44.33000183105469,45.040000915527344,44.02000045776367,42.649932861328125
2011-11-21,1738200,44.38999938964844,44.029998779296875,44.560001373291016,43.400001525878906,42.361297607421875
2011-11-18,1164600,45.880001068115234,45.13999938964844,46.08000183105469,44.599998474121094,43.429229736328125
2011-11-17,2052300,46.209999084472656,45.56999969482422,46.619998931884766,45.369998931884766,43.842933654785156
2011-11-16,1197600,46.75,46.529998779296875,47.63999938964844,46.470001220703125,44.76655197143555
2011-11-15,1441800,46.709999084472656,47.38999938964844,47.5,46.380001068115234,45.593955993652344
2011-11-14,2654900,48.27000045776367,47.040000915527344,48.29999923706055,46.68000030517578,45.257225036621094
2011-11-11,1736500,47.689998626708984,48.83000183105469,49.06999969482422,47.689998626708984,46.97937774658203
2011-11-10,2354200,47.2599983215332,47.2400016784668,47.9900016784668,46.88999938964844,45.449642181396484
2011-11-09,1949100,47.41999816894531,46.900001525878906,48.619998931884766,46.77000045776367,45.12252426147461
2011-11-08,1715400,48.33000183105469,47.970001220703125,49.13999938964844,47.86000061035156,46.1519775390625
2011-11-07,2709000,47.43000030517578,48.5,48.56999969482422,47.2400016784668,46.661888122558594
2011-11-04,1053000,46.91999816894531,47.2400016784668,47.349998474121094,45.900001525878906,45.449642181396484
2011-11-03,1765800,46.310001373291016,47.43000030517578,47.470001220703125,45.88999938964844,45.63243865966797
2011-11-02,1989900,45.810001373291016,45.369998931884766,46.459999084472656,44.90999984741211,43.650508880615234
2011-11-01,1969500,44.11000061035156,45.310001373291016,45.939998626708984,43.83000183105469,43.5927848815918
2011-10-31,1770200,46.709999084472656,45.209999084472656,46.84000015258789,45.15999984741211,43.4965705871582
2011-10-28,1856200,45.54999923706055,47.29999923706055,47.54999923706055,45.41999816894531,45.50736618041992
2011-10-27,1890900,44.84000015258789,45.630001068115234,46.04999923706055,44.459999084472656,43.90066146850586
2011-10-26,1637600,43.7599983215332,43.970001220703125,44.290000915527344,43.02000045776367,42.30357360839844
2011-10-25,2326300,42.75,43.630001068115234,44.29999923706055,41.86000061035156,41.97645950317383
2011-10-24,1505300,41.130001068115234,42.75,42.83000183105469,41.130001068115234,41.12980270385742
2011-10-21,1525900,40.439998626708984,41.08000183105469,41.27000045776367,40.220001220703125,39.523109436035156
2011-10-20,2835300,40.4900016784668,39.66999816894531,40.869998931884766,39.220001220703125,38.166534423828125
2011-10-19,1384100,42.15999984741211,40.7599983215332,42.310001373291016,40.68000030517578,39.21522521972656
2011-10-18,2878700,42.310001373291016,42.20000076293945,42.459999084472656,40.72999954223633,40.600650787353516
2011-10-17,1330100,42.40999984741211,42.41999816894531,42.70000076293945,42.18000030517578,40.81231689453125
2011-10-14,988100,41.95000076293945,42.4900016784668,42.5,41.560001373291016,40.87966537475586
2011-10-13,1731000,41.630001068115234,41.560001373291016,41.810001373291016,40.650001525878906,39.98491287231445
2011-10-12,2639700,41.790000915527344,41.7400016784668,41.91999816894531,40.91999816894531,40.1580810546875
2011-10-11,2153700,41.02000045776367,40.880001068115234,41.150001525878906,40.25,39.33068084716797
2011-10-10,2297700,41.189998626708984,41.15999984741211,41.2599983215332,40.72999954223633,39.60007095336914
2011-10-07,2593700,41.61000061035156,40.36000061035156,41.63999938964844,39.91999816894531,38.83039093017578
2011-10-06,2409300,41.279998779296875,41.470001220703125,41.54999923706055,40.66999816894531,39.898319244384766
2011-10-05,2747900,40.77000045776367,41.7599983215332,41.900001525878906,40.439998626708984,40.17732238769531
2011-10-04,2900000,40.130001068115234,40.209999084472656,40.45000076293945,38.970001220703125,38.68607711791992
2011-10-03,1759100,41.779998779296875,40.70000076293945,42.689998626708984,40.529998779296875,39.157508850097656
2011-09-30,2178100,41.0099983215332,41.36000061035156,42.77000045776367,40.630001068115234,39.792484283447266
2011-09-29,3309900,41.720001220703125,41.66999816894531,42.209999084472656,40.81999969482422,40.09073257446289
2011-09-28,2272900,43.900001525878906,41.029998779296875,44.209999084472656,41.0,39.47499465942383
2011-09-27,1776900,45.38999938964844,43.5099983215332,45.4900016784668,43.279998779296875,41.861000061035156
2011-09-26,3355500,43.150001525878906,43.869998931884766,43.91999816894531,42.2599983215332,42.207359313964844
2011-09-23,2613500,43.5,43.2400016784668,43.66999816894531,41.70000076293945,41.60124206542969
2011-09-22,2952600,45.2400016784668,44.31999969482422,45.650001525878906,43.93000030517578,42.64030456542969
2011-09-21,2424800,47.439998626708984,47.11000061035156,48.849998474121094,47.099998474121094,45.32456970214844
2011-09-20,2307500,46.790000915527344,48.0099983215332,48.310001373291016,46.720001220703125,46.190460205078125
2011-09-19,2541100,47.220001220703125,46.779998779296875,47.59000015258789,46.61000061035156,45.0070686340332
2011-09-16,3060500,46.11000061035156,47.619998931884766,47.720001220703125,45.9900016784668,45.815242767333984
2011-09-15,2217200,45.720001220703125,46.220001220703125,46.27000045776367,45.22999954223633,44.468299865722656
2011-09-14,1374400,45.9900016784668,45.119998931884766,45.9900016784668,45.09000015258789,43.40998840332031
2011-09-13,1369400,45.58000183105469,46.099998474121094,46.279998779296875,44.88999938964844,44.352848052978516
2011-09-12,2062800,46.08000183105469,45.47999954223633,46.790000915527344,44.189998626708984,43.75634765625
2011-09-09,2159900,46.5,47.130001068115234,47.29999923706055,46.380001068115234,45.343814849853516
2011-09-08,2150200,46.900001525878906,46.689998626708984,47.119998931884766,46.459999084472656,44.92049026489258
2011-09-07,2212700,45.31999969482422,46.2599983215332,46.279998779296875,44.90999984741211,44.506778717041016
2011-09-06,3219300,45.16999816894531,46.02000045776367,46.369998931884766,44.88999938964844,44.27587890625
2011-09-02,2243800,45.529998779296875,45.5099983215332,45.95000076293945,45.20000076293945,43.78520965576172
2011-09-01,2398600,45.18000030517578,45.56999969482422,45.93000030517578,44.689998626708984,43.842933654785156
2011-08-31,1969600,44.88999938964844,44.86000061035156,45.220001220703125,44.29999923706055,43.15983963012695
2011-08-30,2038900,45.04999923706055,44.7599983215332,45.189998626708984,44.45000076293945,42.94739532470703
2011-08-29,2007600,45.119998931884766,44.369998931884766,45.25,44.20000076293945,42.573184967041016
2011-08-26,1514100,44.279998779296875,44.849998474121094,44.88999938964844,43.150001525878906,43.03375244140625
2011-08-25,1612900,43.36000061035156,44.529998779296875,44.880001068115234,42.81999969482422,42.72671127319336
2011-08-24,3677900,44.29999923706055,43.52000045776367,44.59000015258789,42.75,41.757606506347656
2011-08-23,2480000,45.04999923706055,44.0,45.2400016784668,43.63999938964844,42.21818161010742
2011-08-22,3188300,45.810001373291016,46.18000030517578,47.25,45.75,44.309898376464844
2011-08-19,2152100,45.029998779296875,45.84000015258789,46.0,45.029998779296875,43.983665466308594
2011-08-18,1303400,46.099998474121094,44.7599983215332,46.209999084472656,44.380001068115234,42.94739532470703
2011-08-17,2412500,45.959999084472656,46.189998626708984,46.630001068115234,45.790000915527344,44.319496154785156
2011-08-16,1127500,45.380001068115234,45.439998626708984,45.91999816894531,45.11000061035156,43.59986114501953
2011-08-15,1457800,43.93000030517578,45.470001220703125,45.560001373291016,43.61000061035156,43.62865447998047
2011-08-12,1893300,44.47999954223633,43.81999969482422,44.84000015258789,43.61000061035156,42.04547119140625
2011-08-11,3345800,44.2400016784668,45.79999923706055,46.2400016784668,43.84000015258789,43.945289611816406
2011-08-10,5454300,43.84000015258789,44.33000183105469,45.2599983215332,43.63999938964844,42.534812927246094
2011-08-09,3103300,42.4900016784668,42.86000061035156,42.97999954223633,41.02000045776367,41.12434387207031
2011-08-08,3897900,43.470001220703125,42.0099983215332,43.72999954223633,41.810001373291016,40.30876159667969
2011-08-05,2384300,43.11000061035156,41.810001373291016,43.65999984741211,40.58000183105469,40.11686325073242
2011-08-04,2851900,44.189998626708984,42.06999969482422,44.189998626708984,41.630001068115234,40.3663330078125
2011-08-03,2814000,43.720001220703125,43.83000183105469,44.54999923706055,43.63999938964844,42.0550651550293
2011-08-02,2720100,42.56999969482422,43.290000915527344,43.68000030517578,42.459999084472656,41.53692626953125
2011-08-01,1402600,41.880001068115234,42.27000045776367,42.619998931884766,41.779998779296875,40.55823516845703
2011-07-29,1749400,42.040000915527344,41.939998626708984,42.11000061035156,41.5099983215332,40.24159622192383
2011-07-28,1933800,42.209999084472656,42.15999984741211,42.349998474121094,41.650001525878906,40.45268630981445
2011-07-27,1993900,44.18000030517578,42.79999923706055,44.22999954223633,42.58000183105469,41.0667724609375
2011-07-26,1989300,44.0099983215332,43.619998931884766,44.029998779296875,43.54999923706055,41.85356521606445
2011-07-25,2089300,45.11000061035156,43.83000183105469,45.279998779296875,43.689998626708984,42.0550651550293
2011-07-22,1158700,44.31999969482422,44.470001220703125,44.63999938964844,44.040000915527344,42.66914367675781
2011-07-21,1360100,44.45000076293945,44.349998474121094,44.52000045776367,43.88999938964844,42.55400085449219
2011-07-20,1619900,43.900001525878906,44.2599983215332,44.689998626708984,43.86000061035156,42.46764373779297
2011-07-19,1900400,45.58000183105469,44.40999984741211,45.630001068115234,44.20000076293945,42.611576080322266
2011-07-18,2619900,44.79999923706055,45.2400016784668,45.33000183105469,44.65999984741211,43.407958984375
2011-07-15,1653400,43.97999954223633,43.86000061035156,44.279998779296875,43.720001220703125,42.083839416503906
2011-07-14,2574900,44.47999954223633,43.77000045776367,44.47999954223633,43.459999084472656,41.99748992919922
2011-07-13,2742900,43.16999816894531,43.779998779296875,44.25,42.83000183105469,42.00708770751953
2011-07-12,2332700,41.529998779296875,42.709999084472656,43.0099983215332,41.439998626708984,40.98041915893555
2011-07-11,1281600,42.290000915527344,41.52000045776367,42.540000915527344,41.439998626708984,39.83860397338867
2011-07-08,903700,42.810001373291016,42.36000061035156,43.0,42.119998931884766,40.64459228515625
2011-07-07,2122800,42.90999984741211,42.790000915527344,43.11000061035156,42.709999084472656,41.05717849731445
2011-07-06,1356900,42.33000183105469,42.47999954223633,42.91999816894531,41.970001220703125,40.75973129272461
2011-07-05,1610600,41.56999969482422,41.81999969482422,42.0099983215332,41.380001068115234,40.12645721435547
2011-07-01,1280700,41.63999938964844,41.18000030517578,41.66999816894531,40.790000915527344,39.51237106323242
2011-06-30,919300,42.20000076293945,42.09000015258789,42.41999816894531,41.72999954223633,40.38552474975586
2011-06-29,1501300,41.400001525878906,41.88999938964844,42.540000915527344,41.16999816894531,40.193626403808594
2011-06-28,1364500,40.59000015258789,41.2599983215332,41.38999938964844,40.29999923706055,39.58913803100586
2011-06-27,1817800,40.02000045776367,39.90999984741211,40.470001220703125,39.70000076293945,38.29380416870117
2011-06-24,1977800,41.040000915527344,40.119998931884766,41.150001525878906,40.040000915527344,38.49530792236328
2011-06-23,2432100,41.720001220703125,41.459999084472656,41.81999969482422,40.279998779296875,39.78103256225586
2011-06-22,2046100,42.31999969482422,42.66999816894531,43.61000061035156,42.2599983215332,40.94203186035156
2011-06-21,981000,42.290000915527344,42.849998474121094,43.099998474121094,42.290000915527344,41.114742279052734
2011-06-20,1215000,42.47999954223633,42.119998931884766,43.02000045776367,42.04999923706055,40.414310455322266
2011-06-17,2783100,41.9900016784668,42.099998474121094,42.59000015258789,41.619998931884766,40.39511489868164
2011-06-16,1589500,42.79999923706055,41.970001220703125,43.06999969482422,41.5,40.2703857421875
2011-06-15,1289200,42.75,42.790000915527344,43.52000045776367,42.2599983215332,41.05717849731445
2011-06-14,855800,42.650001525878906,43.20000076293945,43.47999954223633,42.52000045776367,41.45056915283203
2011-06-13,1028000,42.849998474121094,42.5099983215332,43.13999938964844,42.22999954223633,40.78851318359375
2011-06-10,1249100,43.29999923706055,42.93000030517578,43.45000076293945,42.560001373291016,41.191505432128906
2011-06-09,1279800,43.41999816894531,43.84000015258789,44.31999969482422,43.2599983215332,42.06465530395508
2011-06-08,2130000,43.2599983215332,43.08000183105469,43.619998931884766,42.560001373291016,41.33543395996094
2011-06-07,2606000,44.56999969482422,43.869998931884766,44.65999984741211,43.81999969482422,42.09343719482422
2011-06-06,2114500,45.18000030517578,43.72999954223633,45.36000061035156,43.439998626708984,41.9591178894043
2011-06-03,2282700,45.029998779296875,45.439998626708984,45.70000076293945,44.779998779296875,43.59986114501953
2011-06-02,1318600,45.63999938964844,45.0,45.720001220703125,44.33000183105469,43.17768096923828
2011-06-01,2132700,46.029998779296875,45.209999084472656,46.04999923706055,45.130001068115234,43.37916564941406
2011-05-31,1357600,46.290000915527344,45.959999084472656,46.29999923706055,45.380001068115234,44.09880447387695
2011-05-27,1284800,45.27000045776367,45.5,45.56999969482422,44.97999954223633,43.657432556152344
2011-05-26,1918600,44.93000030517578,44.54999923706055,45.0,44.189998626708984,42.74590301513672
2011-05-25,2680100,44.79999923706055,45.0099983215332,45.290000915527344,44.52000045776367,43.18727111816406
2011-05-24,1355300,44.810001373291016,45.220001220703125,45.43000030517578,44.68000030517578,43.38876724243164
2011-05-23,2108700,44.560001373291016,44.5,45.040000915527344,44.22999954223633,42.69792175292969
2011-05-20,1684400,45.540000915527344,45.79999923706055,46.40999984741211,44.970001220703125,43.945289611816406
2011-05-19,1772900,45.130001068115234,45.61000061035156,45.849998474121094,45.04999923706055,43.76297378540039
2011-05-18,1185200,45.220001220703125,45.209999084472656,45.75,45.08000183105469,43.37916564941406
2011-05-17,3139700,44.20000076293945,45.130001068115234,45.31999969482422,44.0099983215332,43.30241394042969
2011-05-16,3902000,44.02000045776367,44.34000015258789,44.65999984741211,43.7400016784668,42.54440689086914
2011-05-13,2799700,44.20000076293945,43.61000061035156,44.83000183105469,43.290000915527344,41.84397888183594
2011-05-12,3577600,44.16999816894531,44.459999084472656,44.91999816894531,43.77000045776367,42.6595458984375
2011-05-11,3885400,46.41999816894531,44.84000015258789,46.43000030517578,44.54999923706055,43.0241584777832
2011-05-10,1839100,45.68000030517578,45.47999954223633,46.11000061035156,45.470001220703125,43.63824462890625
2011-05-09,1675000,45.84000015258789,46.40999984741211,46.459999084472656,45.369998931884766,44.53057861328125
2011-05-06,1612700,46.34000015258789,45.650001525878906,46.88999938964844,45.5099983215332,43.801361083984375
2011-05-05,3126100,46.720001220703125,45.77000045776367,47.09000015258789,45.04999923706055,43.916500091552734
2011-05-04,2718700,48.04999923706055,47.9900016784668,48.27000045776367,46.68000030517578,46.046600341796875
2011-05-03,2204400,49.88999938964844,48.18000030517578,50.31999969482422,47.5099983215332,46.22890090942383
2011-05-02,1413500,50.65999984741211,50.38999938964844,51.689998626708984,49.93000030517578,48.349403381347656
2011-04-29,1214800,49.97999954223633,50.97999954223633,51.279998779296875,49.72999954223633,48.9155158996582
2011-04-28,1388800,49.34000015258789,49.369998931884766,50.20000076293945,49.18000030517578,47.3707160949707
2011-04-27,2220300,49.84000015258789,49.869998931884766,49.88999938964844,48.849998474121094,47.850460052490234
2011-04-26,1000000,49.970001220703125,49.380001068115234,49.97999954223633,49.16999816894531,47.380313873291016
2011-04-25,927000,50.40999984741211,49.630001068115234,50.41999816894531,49.29999923706055,47.62018585205078
2011-04-21,1015800,49.93000030517578,49.97999954223633,50.34000015258789,49.720001220703125,47.95600509643555
2011-04-20,981400,49.61000061035156,49.7400016784668,50.310001373291016,49.529998779296875,47.72573471069336
2011-04-19,1002700,48.45000076293945,49.02000045776367,49.02000045776367,48.09000015258789,47.03488540649414
2011-04-18,1708400,49.029998779296875,48.5,49.209999084472656,47.66999816894531,46.535945892333984
2011-04-15,1060400,48.790000915527344,49.29999923706055,49.33000183105469,48.43000030517578,47.30354690551758
2011-04-14,1210000,48.619998931884766,49.2599983215332,49.66999816894531,48.540000915527344,47.26517105102539
2011-04-13,1039500,49.380001068115234,48.90999984741211,49.470001220703125,48.400001525878906,46.92934036254883
2011-04-12,1706600,49.08000183105469,48.93000030517578,49.470001220703125,48.529998779296875,46.94853210449219
2011-04-11,1828000,50.18000030517578,49.25,50.599998474121094,48.810001373291016,47.255577087402344
2011-04-08,1664700,50.65999984741211,51.09000015258789,51.150001525878906,50.22999954223633,49.021060943603516
2011-04-07,1682800,49.970001220703125,49.47999954223633,50.38999938964844,48.9900016784668,47.476261138916016
2011-04-06,2579600,50.5099983215332,50.540000915527344,50.77000045776367,50.0,48.49333190917969
2011-04-05,3444400,48.72999954223633,50.31999969482422,50.56999969482422,48.58000183105469,48.2822380065918
2011-04-04,762200,49.11000061035156,48.65999984741211,49.279998779296875,48.40999984741211,46.68946075439453
2011-04-01,2001100,48.779998779296875,48.849998474121094,49.27000045776367,48.27000045776367,46.87176513671875
2011-03-31,1665800,47.599998474121094,47.95000076293945,48.20000076293945,47.40999984741211,46.00822067260742
2011-03-30,1557200,46.88999938964844,47.33000183105469,47.630001068115234,46.77000045776367,45.41332244873047
2011-03-29,1362400,46.380001068115234,46.02000045776367,46.75,45.939998626708984,44.156375885009766
2011-03-28,1171000,46.33000183105469,46.060001373291016,46.61000061035156,45.9900016784668,44.19475555419922
2011-03-25,1039200,46.439998626708984,46.650001525878906,47.09000015258789,46.029998779296875,44.760860443115234
2011-03-24,1523300,47.04999923706055,46.5099983215332,47.43000030517578,46.2400016784668,44.626529693603516
2011-03-23,1124500,45.38999938964844,46.45000076293945,46.65999984741211,45.290000915527344,44.56896209716797
2011-03-22,945300,44.939998626708984,45.22999954223633,45.4900016784668,44.61000061035156,43.39836120605469
2011-03-21,827700,45.029998779296875,45.0099983215332,45.4900016784668,44.70000076293945,43.18727111816406
2011-03-18,1942100,44.709999084472656,44.2400016784668,45.040000915527344,44.119998931884766,42.448463439941406
2011-03-17,1648500,44.209999084472656,44.040000915527344,44.310001373291016,43.400001525878906,42.256561279296875
2011-03-16,2504900,45.540000915527344,43.779998779296875,45.84000015258789,43.52000045776367,42.00708770751953
2011-03-15,1718500,44.45000076293945,46.060001373291016,46.310001373291016,44.2599983215332,44.19475555419922
2011-03-14,796500,46.7400016784668,47.040000915527344,47.06999969482422,46.40999984741211,45.13507080078125
2011-03-11,1120900,46.11000061035156,47.040000915527344,47.369998931884766,45.900001525878906,45.13507080078125
2011-03-10,1734300,45.790000915527344,45.47999954223633,46.290000915527344,45.15999984741211,43.63824462890625
2011-03-09,1206500,47.869998931884766,47.5,47.869998931884766,47.0,45.57644271850586
2011-03-08,1097400,47.310001373291016,47.619998931884766,47.880001068115234,47.130001068115234,45.58354568481445
2011-03-07,2606500,48.52000045776367,47.619998931884766,48.52000045776367,47.45000076293945,45.58354568481445
2011-03-04,3054300,48.47999954223633,47.849998474121094,48.77000045776367,47.45000076293945,45.803707122802734
2011-03-03,1476100,49.45000076293945,49.29999923706055,49.9900016784668,48.86000061035156,47.19169616699219
2011-03-02,1439200,49.38999938964844,49.79999923706055,49.849998474121094,48.81999969482422,47.67031478881836
2011-03-01,1768800,49.09000015258789,49.04999923706055,49.290000915527344,48.86000061035156,46.952388763427734
2011-02-28,1654400,48.619998931884766,48.84000015258789,49.16999816894531,48.54999923706055,46.75136947631836
2011-02-25,1155400,48.41999816894531,48.5,48.70000076293945,48.099998474121094,46.42591094970703
2011-02-24,1753400,49.20000076293945,48.2400016784668,49.20000076293945,48.15999984741211,46.177024841308594
2011-02-23,1723400,48.66999816894531,48.58000183105469,49.310001373291016,48.20000076293945,46.50248336791992
2011-02-22,2421800,48.63999938964844,47.880001068115234,48.970001220703125,47.84000015258789,45.832427978515625
2011-02-18,1606800,47.29999923706055,47.54999923706055,48.130001068115234,47.16999816894531,45.51653289794922
2011-02-17,1600000,46.709999084472656,47.29999923706055,47.529998779296875,46.25,45.277225494384766
2011-02-16,1365200,46.130001068115234,46.2599983215332,46.459999084472656,45.70000076293945,44.28169631958008
2011-02-15,1411300,45.47999954223633,45.90999984741211,46.150001525878906,45.470001220703125,43.9466667175293
2011-02-14,1044600,44.970001220703125,45.06999969482422,45.5,44.90999984741211,43.1425895690918
2011-02-11,1493000,44.849998474121094,44.779998779296875,45.290000915527344,44.4900016784668,42.864994049072266
2011-02-10,2157800,44.88999938964844,44.72999954223633,45.06999969482422,44.36000061035156,42.817134857177734
2011-02-09,1452500,45.970001220703125,45.470001220703125,46.18000030517578,45.16999816894531,43.52549362182617
2011-02-08,3086100,45.439998626708984,46.369998931884766,46.58000183105469,45.130001068115234,44.387001037597656
2011-02-07,1267700,45.150001525878906,44.97999954223633,45.5,44.689998626708984,43.05643844604492
2011-02-04,1302900,45.369998931884766,44.72999954223633,45.54999923706055,44.540000915527344,42.817134857177734
2011-02-03,1910900,44.20000076293945,45.40999984741211,45.529998779296875,43.88999938964844,43.468055725097656
2011-02-02,1628300,44.540000915527344,44.22999954223633,44.75,43.90999984741211,42.33850860595703
2011-02-01,3283600,43.459999084472656,44.58000183105469,44.650001525878906,43.209999084472656,42.67354965209961
2011-01-31,2259600,42.75,43.040000915527344,43.189998626708984,42.470001220703125,41.19940185546875
2011-01-28,2925400,43.09000015258789,43.130001068115234,44.2400016784668,42.9900016784668,41.28555679321289
2011-01-27,2264300,44.20000076293945,43.720001220703125,44.36000061035156,43.150001525878906,41.85032653808594
2011-01-26,2889000,43.33000183105469,44.66999816894531,44.70000076293945,43.220001220703125,42.75969314575195
2011-01-25,3324000,43.41999816894531,43.36000061035156,43.97999954223633,42.939998626708984,41.50572204589844
2011-01-24,3540400,44.47999954223633,44.36000061035156,44.86000061035156,44.11000061035156,42.46295928955078
2011-01-21,3446900,44.38999938964844,44.439998626708984,44.959999084472656,43.970001220703125,42.539527893066406
2011-01-20,3233800,43.72999954223633,44.61000061035156,44.93000030517578,43.65999984741211,42.7022705078125
2011-01-19,1662600,45.09000015258789,44.70000076293945,45.290000915527344,44.349998474121094,42.78841781616211
2011-01-18,3097200,44.58000183105469,45.099998474121094,45.209999084472656,44.52000045776367,43.171302795410156
2011-01-14,3410600,43.95000076293945,44.66999816894531,44.68000030517578,43.83000183105469,42.75969314575195
2011-01-13,3813100,45.79999923706055,44.369998931884766,45.81999969482422,44.2599983215332,42.47252655029297
2011-01-12,1663400,45.18000030517578,45.560001373291016,45.720001220703125,44.939998626708984,43.611637115478516
2011-01-11,3087500,45.310001373291016,45.18000030517578,45.56999969482422,44.900001525878906,43.247886657714844
2011-01-10,2719000,44.81999969482422,44.81999969482422,44.869998931884766,43.97999954223633,42.903282165527344
2011-01-07,3117900,44.65999984741211,44.81999969482422,45.52000045776367,44.16999816894531,42.903282165527344
2011-01-06,5969000,46.400001525878906,44.79999923706055,46.630001068115234,44.529998779296875,42.88413619995117
2011-01-05,1456600,46.43000030517578,46.880001068115234,47.029998779296875,46.15999984741211,44.87518310546875
2011-01-04,2181000,47.619998931884766,46.880001068115234,47.72999954223633,46.38999938964844,44.87518310546875
2011-01-03,1608900,49.4900016784668,48.54999923706055,49.59000015258789,48.189998626708984,46.47377014160156
2010-12-31,551900,49.0099983215332,49.22999954223633,49.470001220703125,48.97999954223633,47.124691009521484
2010-12-30,965500,49.560001373291016,48.77000045776367,49.630001068115234,48.18000030517578,46.68436050415039
2010-12-29,830500,49.68000030517578,49.36000061035156,49.70000076293945,48.9900016784668,47.2491340637207
2010-12-28,1101300,48.72999954223633,49.540000915527344,49.66999816894531,48.47999954223633,47.42143630981445
2010-12-27,546300,48.290000915527344,48.029998779296875,48.369998931884766,47.290000915527344,45.97601318359375
2010-12-23,921800,47.599998474121094,48.0099983215332,48.2599983215332,47.54999923706055,45.95686721801758
2010-12-22,1008800,47.650001525878906,47.56999969482422,48.119998931884766,47.470001220703125,45.53567886352539
2010-12-21,1193100,48.33000183105469,47.880001068115234,48.560001373291016,47.68000030517578,45.832427978515625
2010-12-20,1691100,49.02000045776367,48.25,49.09000015258789,47.970001220703125,46.18659973144531
2010-12-17,1908500,48.470001220703125,48.22999954223633,48.470001220703125,47.77000045776367,46.16745376586914
2010-12-16,2899900,49.04999923706055,47.91999816894531,49.060001373291016,47.2599983215332,45.87071228027344
2010-12-15,2034100,50.220001220703125,49.22999954223633,50.75,49.0099983215332,47.124691009521484
2010-12-14,1305300,50.209999084472656,50.540000915527344,50.7599983215332,50.0,48.37866973876953
2010-12-13,913400,49.54999923706055,49.529998779296875,49.9900016784668,49.33000183105469,47.411861419677734
2010-12-10,1285000,48.52000045776367,48.790000915527344,49.06999969482422,47.959999084472656,46.70351028442383
2010-12-09,888800,48.5099983215332,48.369998931884766,48.59000015258789,47.779998779296875,46.30146408081055
2010-12-08,1328100,48.689998626708984,48.060001373291016,49.040000915527344,47.77000045776367,46.00473403930664
2010-12-07,1445900,50.060001373291016,48.779998779296875,50.150001525878906,48.779998779296875,46.69393539428711
2010-12-06,2013500,49.52000045776367,49.599998474121094,49.900001525878906,49.04999923706055,47.47886657714844
2010-12-03,2115600,48.790000915527344,49.869998931884766,49.939998626708984,48.630001068115234,47.73731231689453
2010-12-02,1221100,47.84000015258789,48.439998626708984,48.810001373291016,47.779998779296875,46.36847686767578
2010-12-01,1216300,47.06999969482422,47.31999969482422,47.31999969482422,46.56999969482422,45.29637908935547
2010-11-30,1581000,46.25,46.83000183105469,47.040000915527344,46.060001373291016,44.82732009887695
2010-11-29,973100,46.5,46.869998931884766,46.95000076293945,45.880001068115234,44.86561584472656
2010-11-26,942700,46.22999954223633,46.560001373291016,46.689998626708984,46.11000061035156,44.56886672973633
2010-11-24,807300,47.439998626708984,46.970001220703125,47.540000915527344,46.66999816894531,44.96133804321289
2010-11-23,1290300,47.720001220703125,46.959999084472656,48.040000915527344,46.83000183105469,44.95176696777344
2010-11-22,1218700,47.65999984741211,48.0,48.150001525878906,46.81999969482422,45.94729232788086
2010-11-19,1226300,47.560001373291016,47.58000183105469,48.130001068115234,47.290000915527344,45.54525375366211
2010-11-18,1440700,47.93000030517578,47.7400016784668,48.33000183105469,47.61000061035156,45.69841003417969
2010-11-17,1235400,47.45000076293945,47.310001373291016,48.060001373291016,47.04999923706055,45.28680419921875
2010-11-16,2410300,48.22999954223633,47.02000045776367,48.34000015258789,46.68000030517578,45.00919723510742
2010-11-15,1563000,49.540000915527344,48.689998626708984,49.81999969482422,48.68000030517578,46.607784271240234
2010-11-12,2957100,50.459999084472656,49.099998474121094,50.540000915527344,49.0099983215332,47.000247955322266
2010-11-11,4683700,52.70000076293945,50.84000015258789,52.86000061035156,49.90999984741211,48.665836334228516
2010-11-10,3837800,50.83000183105469,51.209999084472656,51.560001373291016,50.099998474121094,49.02002716064453
2010-11-09,3356100,50.970001220703125,48.810001373291016,52.22999954223633,48.47999954223633,46.72265625
2010-11-08,1796100,49.119998931884766,49.93000030517578,49.939998626708984,48.970001220703125,47.79475402832031
2010-11-05,1537500,49.22999954223633,49.310001373291016,49.83000183105469,48.630001068115234,47.201263427734375
2010-11-04,1743900,48.27000045776367,49.16999816894531,49.220001220703125,48.04999923706055,47.0672607421875
2010-11-03,1816400,47.13999938964844,46.59000015258789,47.2400016784668,45.9900016784668,44.59758758544922
2010-11-02,1152300,47.0,46.970001220703125,47.15999984741211,46.560001373291016,44.96133804321289
2010-11-01,782700,46.4900016784668,46.7599983215332,47.040000915527344,46.34000015258789,44.76031494140625
2010-10-29,970900,46.720001220703125,47.11000061035156,47.18000030517578,46.470001220703125,45.09535217285156
2010-10-28,1543500,45.7400016784668,46.439998626708984,46.560001373291016,45.47999954223633,44.454002380371094
2010-10-27,1595200,45.59000015258789,45.130001068115234,45.66999816894531,44.220001220703125,43.20002746582031
2010-10-26,1707700,46.08000183105469,46.11000061035156,46.5,45.66999816894531,44.13811492919922
2010-10-25,1462300,46.40999984741211,46.5,46.93000030517578,46.380001068115234,44.51143264770508
2010-10-22,1190300,45.349998474121094,45.88999938964844,45.91999816894531,45.130001068115234,43.927528381347656
2010-10-21,1411800,46.310001373291016,45.5099983215332,46.54999923706055,45.02000045776367,43.563777923583984
2010-10-20,1387200,45.84000015258789,46.119998931884766,46.65999984741211,45.7400016784668,44.147682189941406
2010-10-19,2745900,45.52000045776367,45.25,46.08000183105469,45.0,43.31489181518555
2010-10-18,1171700,46.81999969482422,47.02000045776367,47.349998474121094,46.70000076293945,45.00919723510742
2010-10-15,1740500,47.18000030517578,47.290000915527344,47.529998779296875,46.650001525878906,45.26765823364258
2010-10-14,2017700,47.529998779296875,47.45000076293945,47.95000076293945,47.22999954223633,45.420814514160156
2010-10-13,4538900,46.68000030517578,48.119998931884766,48.15999984741211,46.66999816894531,46.06216049194336
2010-10-12,1784700,46.40999984741211,46.79999923706055,46.90999984741211,45.84000015258789,44.798606872558594
2010-10-11,1082700,46.79999923706055,46.79999923706055,47.0099983215332,46.2400016784668,44.798606872558594
2010-10-08,1604900,46.47999954223633,46.9900016784668,47.09000015258789,46.40999984741211,44.98048400878906
2010-10-07,2667100,47.34000015258789,46.5,47.439998626708984,45.849998474121094,44.51143264770508
2010-10-06,2631500,46.790000915527344,47.52000045776367,47.63999938964844,46.619998931884766,45.48781967163086
2010-10-05,3198500,46.83000183105469,47.0,47.459999084472656,46.83000183105469,44.990055084228516
2010-10-04,1505500,46.36000061035156,46.13999938964844,46.65999984741211,45.75,44.166831970214844
2010-10-01,1975200,46.5099983215332,47.060001373291016,47.31999969482422,46.45000076293945,45.047489166259766
2010-09-30,1926900,46.290000915527344,46.2400016784668,46.369998931884766,45.400001525878906,44.2625617980957
2010-09-29,1869000,46.40999984741211,46.5,46.61000061035156,45.93000030517578,44.51143264770508
2010-09-28,3542200,45.5099983215332,46.79999923706055,46.84000015258789,45.099998474121094,44.798606872558594
2010-09-27,1275600,45.52000045776367,45.119998931884766,45.52000045776367,45.119998931884766,43.19044876098633
2010-09-24,2482400,46.18000030517578,45.2400016784668,46.25,45.0,43.305320739746094
2010-09-23,2915000,45.70000076293945,45.849998474121094,46.36000061035156,45.22999954223633,43.88923263549805
2010-09-22,3535000,45.34000015258789,45.86000061035156,45.900001525878906,44.9900016784668,43.898807525634766
2010-09-21,3126300,44.2599983215332,44.66999816894531,44.790000915527344,43.59000015258789,42.75969314575195
2010-09-20,3223700,44.099998474121094,44.06999969482422,44.47999954223633,43.86000061035156,42.18535614013672
2010-09-17,5639700,44.849998474121094,43.61000061035156,44.849998474121094,43.150001525878906,41.745033264160156
2010-09-16,5676600,45.04999923706055,44.83000183105469,45.099998474121094,44.650001525878906,42.91285705566406
2010-09-15,14119300,44.349998474121094,44.5,44.91999816894531,43.79999923706055,42.59696578979492
2010-09-14,4790400,45.22999954223633,46.720001220703125,47.75,45.150001525878906,44.722023010253906
2010-09-13,1334900,44.83000183105469,44.59000015258789,44.970001220703125,44.47999954223633,42.6831169128418
2010-09-10,873700,43.7599983215332,44.290000915527344,44.7400016784668,43.599998474121094,42.39594268798828
2010-09-09,1188400,44.529998779296875,43.849998474121094,44.619998931884766,43.47999954223633,41.97476577758789
2010-09-08,1105700,44.56999969482422,43.970001220703125,44.75,43.970001220703125,42.08963394165039
2010-09-07,1554800,44.150001525878906,44.38999938964844,44.54999923706055,43.79999923706055,42.491668701171875
2010-09-03,1338700,43.369998931884766,43.95000076293945,44.0,43.0099983215332,42.070491790771484
2010-09-02,1952800,42.9900016784668,43.849998474121094,43.849998474121094,42.61000061035156,41.97476577758789
2010-09-01,2208800,42.880001068115234,42.0099983215332,42.880001068115234,41.939998626708984,40.21345138549805
2010-08-31,2323300,42.56999969482422,42.290000915527344,43.029998779296875,42.08000183105469,40.39529800415039
2010-08-30,1399900,42.5099983215332,42.459999084472656,42.900001525878906,42.41999816894531,40.557682037353516
2010-08-27,2983400,42.439998626708984,42.68000030517578,42.77000045776367,41.810001373291016,40.767826080322266
2010-08-26,1404000,42.81999969482422,42.84000015258789,43.349998474121094,42.619998931884766,40.92064666748047
2010-08-25,2597800,42.04999923706055,42.81999969482422,42.900001525878906,41.88999938964844,40.901546478271484
2010-08-24,1886500,42.18000030517578,42.29999923706055,42.79999923706055,41.869998931884766,40.404850006103516
2010-08-23,856900,43.369998931884766,43.2400016784668,43.599998474121094,43.189998626708984,41.302730560302734
2010-08-20,1617300,43.209999084472656,43.849998474121094,43.90999984741211,43.16999816894531,41.88540267944336
2010-08-19,1371900,43.970001220703125,44.06999969482422,44.20000076293945,43.59000015258789,42.09554672241211
2010-08-18,1852100,43.310001373291016,44.20000076293945,44.560001373291016,43.13999938964844,42.21971893310547
2010-08-17,1349500,43.72999954223633,43.97999954223633,44.130001068115234,43.540000915527344,42.00957489013672
2010-08-16,1489500,43.0,43.970001220703125,44.08000183105469,43.0,42.00002670288086
2010-08-13,1067400,42.9900016784668,42.90999984741211,43.290000915527344,42.5,40.98751449584961
2010-08-12,1560100,43.11000061035156,43.40999984741211,43.470001220703125,42.90999984741211,41.465110778808594
2010-08-11,1580600,43.06999969482422,42.7400016784668,43.119998931884766,42.470001220703125,40.82513427734375
2010-08-10,1530000,42.45000076293945,43.13999938964844,43.439998626708984,42.279998779296875,41.20721435546875
2010-08-09,801100,42.790000915527344,43.150001525878906,43.150001525878906,42.59000015258789,41.21676254272461
2010-08-06,1357300,42.56999969482422,43.09000015258789,43.09000015258789,42.56999969482422,41.15945816040039
2010-08-05,1288900,42.279998779296875,42.41999816894531,42.5,41.939998626708984,40.51947021484375
2010-08-04,2179800,41.869998931884766,42.08000183105469,42.119998931884766,41.63999938964844,40.194705963134766
2010-08-03,2162700,40.810001373291016,41.11000061035156,41.43000030517578,40.709999084472656,39.268157958984375
2010-08-02,1228800,41.150001525878906,40.119998931884766,41.209999084472656,39.84000015258789,38.322509765625
2010-07-30,2267100,40.099998474121094,40.52000045776367,40.529998779296875,39.900001525878906,38.704593658447266
2010-07-29,1400500,39.380001068115234,39.58000183105469,39.959999084472656,39.33000183105469,37.80671310424805
2010-07-28,1131700,39.36000061035156,39.709999084472656,39.79999923706055,39.09000015258789,37.930877685546875
2010-07-27,2048100,40.189998626708984,39.45000076293945,40.189998626708984,39.13999938964844,37.682533264160156
2010-07-26,1318000,40.5,40.08000183105469,40.5,39.880001068115234,38.284305572509766
2010-07-23,1271000,40.09000015258789,39.95000076293945,40.31999969482422,39.599998474121094,38.16013717651367
2010-07-22,1851100,40.040000915527344,40.02000045776367,40.63999938964844,39.709999084472656,38.22699737548828
2010-07-21,1583300,39.88999938964844,39.290000915527344,40.04999923706055,39.06999969482422,37.52969741821289
2010-07-20,1297400,38.54999923706055,39.529998779296875,39.540000915527344,38.54999923706055,37.758949279785156
2010-07-19,2822900,39.869998931884766,39.099998474121094,39.93000030517578,38.68000030517578,37.34821701049805
2010-07-16,1475700,40.79999923706055,40.40999984741211,40.79999923706055,40.20000076293945,38.59952163696289
2010-07-15,869700,41.72999954223633,41.34000015258789,41.72999954223633,40.81999969482422,39.48784637451172
2010-07-14,870300,41.470001220703125,41.41999816894531,41.869998931884766,41.13999938964844,39.56427001953125
2010-07-13,1391400,42.130001068115234,41.369998931884766,42.130001068115234,41.31999969482422,39.516510009765625
2010-07-12,963500,41.06999969482422,41.04999923706055,41.439998626708984,40.70000076293945,39.210845947265625
2010-07-09,1132900,40.77000045776367,40.959999084472656,41.25,40.7400016784668,39.124881744384766
2010-07-08,1402300,41.369998931884766,40.66999816894531,41.369998931884766,40.22999954223633,38.84787368774414
2010-07-07,3202100,41.16999816894531,40.95000076293945,41.18000030517578,40.2599983215332,39.115325927734375
2010-07-06,1375600,41.2599983215332,40.45000076293945,41.2599983215332,40.2400016784668,38.637733459472656
2010-07-02,2003900,41.27000045776367,40.75,41.599998474121094,40.5099983215332,38.924285888671875
2010-07-01,3665000,42.470001220703125,40.52000045776367,42.58000183105469,40.119998931884766,38.704593658447266
2010-06-30,972400,42.88999938964844,43.18000030517578,43.650001525878906,42.79999923706055,41.24541473388672
2010-06-29,1373000,43.31999969482422,43.209999084472656,43.689998626708984,42.939998626708984,41.274070739746094
2010-06-28,1601400,44.349998474121094,43.689998626708984,44.900001525878906,43.470001220703125,41.732574462890625
2010-06-25,1222900,44.15999984741211,44.349998474121094,44.79999923706055,43.9900016784668,42.362998962402344
2010-06-24,1605200,43.2400016784668,43.869998931884766,44.369998931884766,43.220001220703125,41.904502868652344
2010-06-23,1666600,44.04999923706055,43.939998626708984,44.13999938964844,43.13999938964844,41.97137451171875
2010-06-22,1200200,44.15999984741211,43.68000030517578,44.43000030517578,43.599998474121094,41.7230224609375
2010-06-21,1826800,44.869998931884766,43.7599983215332,44.9900016784668,43.41999816894531,41.79943084716797
2010-06-18,2076100,45.060001373291016,44.790000915527344,45.279998779296875,44.709999084472656,42.78329086303711
2010-06-17,1932800,44.310001373291016,44.79999923706055,44.95000076293945,44.18000030517578,42.792842864990234
2010-06-16,1037800,42.84000015258789,43.65999984741211,43.95000076293945,42.84000015258789,41.70391845703125
2010-06-15,1699400,42.95000076293945,43.58000183105469,43.63999938964844,42.779998779296875,41.62750244140625
2010-06-14,1452000,42.77000045776367,42.2599983215332,43.060001373291016,42.2599983215332,40.366641998291016
2010-06-11,941900,42.029998779296875,42.279998779296875,42.400001525878906,41.900001525878906,40.385746002197266
2010-06-10,1514500,42.029998779296875,42.45000076293945,42.599998474121094,41.900001525878906,40.54812240600586
2010-06-09,2087400,42.189998626708984,42.11000061035156,42.54999923706055,41.709999084472656,40.22336196899414
2010-06-08,2908800,42.5099983215332,42.38999938964844,43.119998931884766,41.91999816894531,40.490814208984375
2010-06-07,2800000,41.4900016784668,43.040000915527344,43.54999923706055,41.380001068115234,41.1116943359375
2010-06-04,2212600,41.41999816894531,41.66999816894531,42.529998779296875,41.119998931884766,39.803070068359375
2010-06-03,1923200,42.88999938964844,42.56999969482422,42.95000076293945,41.91999816894531,40.662750244140625
2010-06-02,1466100,42.02000045776367,42.83000183105469,42.83000183105469,41.61000061035156,40.911102294921875
2010-06-01,2323400,42.02000045776367,41.54999923706055,42.7599983215332,41.54999923706055,39.688438415527344
2010-05-28,2108500,42.15999984741211,41.91999816894531,42.33000183105469,41.630001068115234,40.041873931884766
2010-05-27,2023400,42.15999984741211,42.45000076293945,42.79999923706055,41.9900016784668,40.54812240600586
2010-05-26,4311800,42.349998474121094,42.279998779296875,43.459999084472656,41.97999954223633,40.385746002197266
2010-05-25,2810500,39.4900016784668,40.619998931884766,40.709999084472656,38.88999938964844,38.80011749267578
2010-05-24,1693700,39.380001068115234,38.959999084472656,39.65999984741211,38.91999816894531,37.21449279785156
2010-05-21,2693900,38.150001525878906,38.91999816894531,39.36000061035156,38.040000915527344,37.17627716064453
2010-05-20,3167500,40.060001373291016,39.31999969482422,40.45000076293945,38.90999984741211,37.55835723876953
2010-05-19,2660600,40.939998626708984,40.84000015258789,41.540000915527344,39.79999923706055,39.01026153564453
2010-05-18,2571800,42.06999969482422,41.9900016784668,42.72999954223633,41.720001220703125,40.10873031616211
2010-05-17,1906600,42.900001525878906,42.47999954223633,43.0,41.86000061035156,40.576778411865234
2010-05-14,1855200,43.43000030517578,42.959999084472656,43.45000076293945,41.810001373291016,41.03527069091797
2010-05-13,1641400,43.310001373291016,42.77000045776367,43.81999969482422,42.65999984741211,40.85379409790039
2010-05-12,2860200,43.970001220703125,43.22999954223633,44.08000183105469,43.09000015258789,41.29317855834961
2010-05-11,3966800,42.27000045776367,43.25,43.7599983215332,42.15999984741211,41.31227493286133
2010-05-10,2453500,41.279998779296875,41.810001373291016,41.810001373291016,40.88999938964844,39.93680191040039
2010-05-07,3620400,41.369998931884766,41.0099983215332,41.970001220703125,40.599998474121094,39.17264175415039
2010-05-06,4144700,40.400001525878906,40.939998626708984,41.2599983215332,39.0,39.10577392578125
2010-05-05,3519700,40.65999984741211,40.93000030517578,42.060001373291016,40.470001220703125,39.09622573852539
2010-05-04,2516400,42.34000015258789,41.63999938964844,42.34000015258789,40.68000030517578,39.774410247802734
2010-05-03,1300400,41.84000015258789,41.9900016784668,42.16999816894531,41.220001220703125,40.10873031616211
2010-04-30,2344900,42.29999923706055,41.86000061035156,42.439998626708984,41.689998626708984,39.984561920166016
2010-04-29,2439400,41.08000183105469,41.630001068115234,42.220001220703125,41.029998779296875,39.764869689941406
2010-04-28,2453600,40.279998779296875,41.040000915527344,41.5,40.119998931884766,39.2012939453125
2010-04-27,2259000,39.41999816894531,40.439998626708984,40.75,39.40999984741211,38.628177642822266
2010-04-26,1304000,40.27000045776367,40.2599983215332,40.5,40.060001373291016,38.45624542236328
2010-04-23,1724800,38.880001068115234,39.939998626708984,40.029998779296875,38.4900016784668,38.150577545166016
2010-04-22,1747400,38.369998931884766,39.0,39.029998779296875,38.02000045776367,37.25269317626953
2010-04-21,2265100,38.97999954223633,38.779998779296875,39.2400016784668,38.439998626708984,37.04254913330078
2010-04-20,1330900,39.31999969482422,38.689998626708984,39.45000076293945,38.599998474121094,36.95657730102539
2010-04-19,2028800,38.63999938964844,38.83000183105469,39.08000183105469,38.38999938964844,37.090309143066406
2010-04-16,3182500,39.41999816894531,38.58000183105469,39.599998474121094,37.52000045776367,36.85152053833008
2010-04-15,1159700,39.900001525878906,39.68000030517578,40.2400016784668,39.68000030517578,37.9022216796875
2010-04-14,1056400,40.369998931884766,40.209999084472656,40.40999984741211,39.790000915527344,38.40848922729492
2010-04-13,1603000,40.43000030517578,39.959999084472656,40.5,39.2599983215332,38.169681549072266
2010-04-12,1073000,40.84000015258789,40.650001525878906,41.29999923706055,40.52000045776367,38.82877731323242
2010-04-09,1267300,41.08000183105469,41.20000076293945,41.54999923706055,40.7599983215332,39.35413360595703
2010-04-08,1416100,40.54999923706055,40.70000076293945,40.880001068115234,40.33000183105469,38.87653350830078
2010-04-07,1789900,40.709999084472656,41.11000061035156,41.380001068115234,40.529998779296875,39.268157958984375
2010-04-06,1060700,40.119998931884766,40.36000061035156,40.790000915527344,40.0,38.55176544189453
2010-04-05,1192300,40.04999923706055,40.31999969482422,40.47999954223633,39.5099983215332,38.51355743408203
2010-04-01,2000200,38.599998474121094,39.650001525878906,39.720001220703125,38.41999816894531,37.873573303222656
2010-03-31,1130500,37.709999084472656,37.95000076293945,38.099998474121094,37.54999923706055,36.249732971191406
2010-03-30,1073900,37.939998626708984,37.40999984741211,38.06999969482422,37.279998779296875,35.733924865722656
2010-03-29,1409700,37.470001220703125,37.90999984741211,38.04999923706055,37.41999816894531,36.21152877807617
2010-03-26,1744100,36.790000915527344,37.29999923706055,37.5099983215332,36.5,35.62886428833008
2010-03-25,2452500,37.16999816894531,36.119998931884766,37.34000015258789,36.040000915527344,34.5017204284668
2010-03-24,2265600,37.90999984741211,36.79999923706055,37.9900016784668,36.77000045776367,35.15126037597656
2010-03-23,1017200,38.25,38.61000061035156,38.810001373291016,37.86000061035156,36.88017272949219
2010-03-22,1063700,38.09000015258789,38.45000076293945,38.5,37.779998779296875,36.72733688354492
2010-03-19,2322700,38.4900016784668,38.4900016784668,38.93000030517578,38.15999984741211,36.76554489135742
2010-03-18,1919300,38.83000183105469,38.93000030517578,39.2599983215332,38.56999969482422,37.18583679199219
2010-03-17,1284000,38.88999938964844,38.70000076293945,39.189998626708984,38.619998931884766,36.96614456176758
2010-03-16,1477900,38.130001068115234,38.40999984741211,38.41999816894531,37.93000030517578,36.68913269042969
2010-03-15,1193100,37.63999938964844,37.61000061035156,37.720001220703125,37.119998931884766,35.92497253417969
2010-03-12,1035900,37.75,37.380001068115234,38.040000915527344,37.08000183105469,35.70527267456055
2010-03-11,936600,36.900001525878906,37.58000183105469,37.599998474121094,36.560001373291016,35.89631652832031
2010-03-10,1778200,37.560001373291016,37.22999954223633,38.09000015258789,36.779998779296875,35.56199645996094
2010-03-09,1916700,37.459999084472656,37.41999816894531,37.79999923706055,37.18000030517578,35.65277862548828
2010-03-08,1489900,38.18000030517578,37.86000061035156,38.5,37.75,36.07199478149414
2010-03-05,1272200,37.529998779296875,38.29999923706055,38.380001068115234,37.470001220703125,36.49122619628906
2010-03-04,1556100,37.70000076293945,37.470001220703125,37.75,37.02000045776367,35.70042419433594
2010-03-03,1957600,37.54999923706055,37.68000030517578,38.150001525878906,37.04999923706055,35.9005012512207
2010-03-02,2836200,36.66999816894531,36.97999954223633,37.58000183105469,36.34000015258789,35.23356246948242
2010-03-01,2410600,36.22999954223633,36.119998931884766,36.5099983215332,35.7599983215332,34.41416931152344
2010-02-26,2005800,36.060001373291016,36.380001068115234,36.41999816894531,35.4900016784668,34.661895751953125
2010-02-25,3370700,34.2400016784668,36.0,36.0099983215332,34.11000061035156,34.29983901977539
2010-02-24,2365800,34.810001373291016,34.720001220703125,35.4900016784668,34.54999923706055,33.080299377441406
2010-02-23,3191500,35.779998779296875,34.849998474121094,35.959999084472656,34.61000061035156,33.20415115356445
2010-02-22,2510100,36.869998931884766,35.880001068115234,36.9900016784668,35.810001373291016,34.18550491333008
2010-02-19,1971200,36.599998474121094,36.66999816894531,37.119998931884766,36.400001525878906,34.938194274902344
2010-02-18,4854400,37.95000076293945,37.29999923706055,38.08000183105469,37.040000915527344,35.53844451904297
2010-02-17,1937900,39.099998474121094,38.36000061035156,39.349998474121094,37.79999923706055,36.54839324951172
2010-02-16,2180700,38.68000030517578,39.220001220703125,39.33000183105469,38.4900016784668,37.36777114868164
2010-02-12,1556400,37.2400016784668,38.08000183105469,38.25,37.029998779296875,36.2816162109375
2010-02-11,2017000,37.31999969482422,38.65999984741211,38.75,36.84000015258789,36.834224700927734
2010-02-10,1454900,37.43000030517578,36.970001220703125,37.43000030517578,36.18000030517578,35.224037170410156
2010-02-09,2707100,36.72999954223633,37.43000030517578,37.810001373291016,36.41999816894531,35.66230773925781
2010-02-08,2330900,36.4900016784668,35.79999923706055,36.959999084472656,35.75,34.10929489135742
2010-02-05,3053300,35.7400016784668,37.2599983215332,37.27000045776367,35.040000915527344,35.50033187866211
2010-02-04,4802100,36.22999954223633,35.59000015258789,36.369998931884766,35.08000183105469,33.90920639038086
2010-02-03,1316600,37.279998779296875,36.86000061035156,37.869998931884766,36.709999084472656,35.11922073364258
2010-02-02,2092600,37.83000183105469,37.45000076293945,38.04999923706055,37.16999816894531,35.68136215209961
2010-02-01,2388700,36.0,37.040000915527344,37.08000183105469,35.939998626708984,35.29072952270508
2010-01-29,3195300,37.09000015258789,35.689998626708984,37.27000045776367,35.45000076293945,34.00448226928711
2010-01-28,3027100,37.97999954223633,37.369998931884766,38.04999923706055,36.31999969482422,35.605140686035156
2010-01-27,1991300,37.709999084472656,37.529998779296875,37.97999954223633,36.70000076293945,35.75758361816406
2010-01-26,1884700,37.61000061035156,38.029998779296875,38.650001525878906,37.029998779296875,36.233970642089844
2010-01-25,1385800,38.959999084472656,38.20000076293945,39.029998779296875,37.970001220703125,36.395938873291016
2010-01-22,3365300,37.970001220703125,38.77000045776367,39.290000915527344,37.810001373291016,36.93902587890625
2010-01-21,7113900,39.0099983215332,38.79999923706055,39.400001525878906,38.5,36.96760559082031
2010-01-20,3676600,39.5,39.29999923706055,39.650001525878906,38.11000061035156,37.44399642944336
2010-01-19,1443100,40.380001068115234,40.77000045776367,40.83000183105469,40.220001220703125,38.844573974609375
2010-01-15,1517500,41.06999969482422,40.810001373291016,41.470001220703125,40.56999969482422,38.88268280029297
2010-01-14,1421800,41.83000183105469,42.0,42.279998779296875,41.540000915527344,40.0164794921875
2010-01-13,1247000,42.41999816894531,42.529998779296875,42.70000076293945,41.34000015258789,40.52145004272461
2010-01-12,2545700,42.459999084472656,41.75,42.9900016784668,41.5099983215332,39.778289794921875
2010-01-11,1505000,44.40999984741211,44.15999984741211,44.68000030517578,43.95000076293945,42.0744743347168
2010-01-08,1439700,44.11000061035156,44.18000030517578,44.22999954223633,43.22999954223633,42.093536376953125
2010-01-07,1991500,43.560001373291016,43.68000030517578,44.22999954223633,43.349998474121094,41.61714553833008
2010-01-06,2721900,43.599998474121094,44.18000030517578,44.81999969482422,43.41999816894531,42.093536376953125
2010-01-05,2193200,42.31999969482422,42.81999969482422,43.279998779296875,42.060001373291016,40.79775619506836
2010-01-04,1927400,42.099998474121094,42.15999984741211,42.34000015258789,41.630001068115234,40.16893005371094
2009-12-31,1010300,40.7599983215332,40.18000030517578,41.04999923706055,40.099998474121094,38.282432556152344
2009-12-30,1180400,40.61000061035156,40.380001068115234,40.79999923706055,40.119998931884766,38.472984313964844
2009-12-29,1064800,41.5099983215332,40.68000030517578,41.560001373291016,40.529998779296875,38.758827209472656
2009-12-28,1215100,41.38999938964844,41.119998931884766,41.70000076293945,40.81999969482422,39.17803955078125
2009-12-24,577700,41.77000045776367,41.13999938964844,41.77000045776367,41.13999938964844,39.19709396362305
2009-12-23,1996000,40.40999984741211,41.2599983215332,41.68000030517578,40.209999084472656,39.311424255371094
2009-12-22,2353500,39.720001220703125,40.29999923706055,40.970001220703125,39.5,38.39677429199219
2009-12-21,2036000,40.779998779296875,40.45000076293945,40.880001068115234,40.18000030517578,38.53968811035156
2009-12-18,3663000,40.209999084472656,40.93000030517578,41.060001373291016,39.90999984741211,38.997013092041016
2009-12-17,3161000,40.959999084472656,40.470001220703125,41.5,40.40999984741211,38.55874252319336
2009-12-16,2028000,42.06999969482422,42.290000915527344,43.08000183105469,41.77000045776367,40.29278564453125
2009-12-15,2192700,42.06999969482422,41.380001068115234,42.61000061035156,41.220001220703125,39.42576217651367
2009-12-14,2153200,42.25,42.540000915527344,42.65999984741211,41.7599983215332,40.53097915649414
2009-12-11,2790900,42.47999954223633,42.040000915527344,42.61000061035156,41.459999084472656,40.054588317871094
2009-12-10,1965400,42.689998626708984,42.349998474121094,43.0,41.959999084472656,40.34994888305664
2009-12-09,3772000,41.130001068115234,42.86000061035156,43.029998779296875,41.099998474121094,40.83587646484375
2009-12-08,3406300,41.59000015258789,41.27000045776367,42.27000045776367,40.90999984741211,39.32096481323242
2009-12-07,3701700,42.220001220703125,42.790000915527344,43.880001068115234,42.099998474121094,40.76917266845703
2009-12-04,4812800,44.650001525878906,43.650001525878906,44.900001525878906,42.689998626708984,41.58855438232422
2009-12-03,2486700,46.5,45.5099983215332,46.790000915527344,45.099998474121094,43.3607177734375
2009-12-02,2773200,46.959999084472656,46.93000030517578,47.52000045776367,46.2599983215332,44.713661193847656
2009-12-01,3319300,45.90999984741211,46.310001373291016,47.099998474121094,45.650001525878906,44.12294006347656
2009-11-30,2841500,44.16999816894531,44.040000915527344,44.91999816894531,43.650001525878906,41.960147857666016
2009-11-27,1903800,43.810001373291016,44.52000045776367,45.61000061035156,43.70000076293945,42.417476654052734
2009-11-25,3434300,45.16999816894531,46.470001220703125,46.61000061035156,45.0,44.27538299560547
2009-11-24,2485300,44.869998931884766,44.459999084472656,44.869998931884766,43.380001068115234,42.36030578613281
2009-11-23,3039500,45.380001068115234,44.86000061035156,45.81999969482422,44.279998779296875,42.741416931152344
2009-11-20,2395600,43.34000015258789,43.959999084472656,44.22999954223633,43.20000076293945,41.883914947509766
2009-11-19,3378100,43.59000015258789,44.5,44.70000076293945,42.959999084472656,42.398414611816406
2009-11-18,3223700,45.540000915527344,45.04999923706055,45.7400016784668,44.54999923706055,42.92243576049805
2009-11-17,2621000,44.400001525878906,45.5099983215332,45.61000061035156,44.31999969482422,43.3607177734375
2009-11-16,4135200,45.20000076293945,46.02000045776367,46.93000030517578,45.06999969482422,43.84663391113281
2009-11-13,2882400,43.4900016784668,44.70000076293945,45.20000076293945,43.18000030517578,42.58897018432617
2009-11-12,4842500,43.29999923706055,43.439998626708984,44.29999923706055,42.939998626708984,41.38847732543945
2009-11-11,3858300,43.81999969482422,43.380001068115234,44.13999938964844,42.95000076293945,41.33130645751953
2009-11-10,3064700,42.15999984741211,43.189998626708984,43.45000076293945,42.0,41.15027618408203
2009-11-09,3444700,42.75,42.400001525878906,43.43000030517578,42.0099983215332,40.39759063720703
2009-11-06,2943900,40.810001373291016,41.47999954223633,41.939998626708984,40.560001373291016,39.52103042602539
2009-11-05,3046000,39.86000061035156,40.0,40.18000030517578,39.20000076293945,38.11093521118164
2009-11-04,4682700,41.61000061035156,40.22999954223633,41.970001220703125,39.5,38.330078125
2009-11-03,6448000,36.939998626708984,41.54999923706055,41.560001373291016,36.7400016784668,39.58773422241211
2009-11-02,3651800,37.9900016784668,37.7599983215332,39.0099983215332,36.93000030517578,35.97671890258789
2009-10-30,4215200,37.7400016784668,37.540000915527344,38.099998474121094,36.04999923706055,35.76710510253906
2009-10-29,4369500,38.290000915527344,39.130001068115234,39.4900016784668,37.790000915527344,37.28203201293945
2009-10-28,3951400,39.86000061035156,38.15999984741211,40.81999969482422,38.040000915527344,36.35783386230469
2009-10-27,2188700,40.810001373291016,40.70000076293945,41.369998931884766,40.08000183105469,38.777870178222656
2009-10-26,2617300,42.970001220703125,41.18000030517578,43.70000076293945,40.75,39.23521041870117
2009-10-23,1926800,43.630001068115234,43.16999816894531,44.189998626708984,42.86000061035156,41.1312255859375
2009-10-22,1924200,43.84000015258789,43.43000030517578,43.86000061035156,42.61000061035156,41.37895202636719
2009-10-21,2898000,43.400001525878906,43.77000045776367,45.099998474121094,43.2400016784668,41.7028923034668
2009-10-20,2486000,45.220001220703125,44.310001373291016,45.2400016784668,43.56999969482422,42.2173957824707
2009-10-19,1982100,44.93000030517578,45.45000076293945,45.59000015258789,44.20000076293945,43.303550720214844
2009-10-16,2204900,44.849998474121094,44.97999954223633,45.560001373291016,44.59000015258789,42.855743408203125
2009-10-15,2019300,44.25,44.77000045776367,45.220001220703125,44.099998474121094,42.655662536621094
2009-10-14,1834200,46.18000030517578,45.81999969482422,46.2599983215332,45.599998474121094,43.65607833862305
2009-10-13,3819600,45.290000915527344,45.95000076293945,46.560001373291016,44.599998474121094,43.779937744140625
2009-10-12,1438500,45.09000015258789,44.63999938964844,45.529998779296875,43.970001220703125,42.53179931640625
2009-10-09,1784500,44.0099983215332,44.810001373291016,45.0,44.0,42.69377136230469
2009-10-08,3175400,45.220001220703125,45.0099983215332,45.68000030517578,44.459999084472656,42.884334564208984
2009-10-07,3060400,44.79999923706055,44.970001220703125,45.060001373291016,43.779998779296875,42.84621810913086
2009-10-06,6820700,42.470001220703125,44.790000915527344,44.9900016784668,42.380001068115234,42.67472457885742
2009-10-05,3274500,39.279998779296875,41.209999084472656,41.47999954223633,39.0,39.263790130615234
2009-10-02,3646300,38.209999084472656,38.79999923706055,39.9900016784668,38.04999923706055,36.96760559082031
2009-10-01,4189100,40.38999938964844,38.72999954223633,40.43000030517578,38.61000061035156,36.900909423828125
2009-09-30,3154000,40.33000183105469,40.7599983215332,40.97999954223633,39.09000015258789,38.835044860839844
2009-09-29,2239500,38.900001525878906,40.08000183105469,40.31999969482422,38.849998474121094,38.187164306640625
2009-09-28,1899700,39.04999923706055,39.0099983215332,40.27000045776367,38.959999084472656,37.16769027709961
2009-09-25,2975000,39.75,39.27000045776367,40.06999969482422,39.13999938964844,37.41541290283203
2009-09-24,2984600,41.09000015258789,39.66999816894531,41.09000015258789,39.150001525878906,37.7965202331543
2009-09-23,3742400,41.43000030517578,40.220001220703125,41.7400016784668,40.150001525878906,38.32054901123047
2009-09-22,2991500,42.7599983215332,42.220001220703125,42.959999084472656,41.900001525878906,40.226097106933594
2009-09-21,4741500,41.86000061035156,42.0,42.27000045776367,40.650001525878906,40.0164794921875
2009-09-18,2841400,44.20000076293945,43.650001525878906,44.459999084472656,42.790000915527344,41.58855438232422
2009-09-17,4016600,45.279998779296875,44.0099983215332,45.63999938964844,43.189998626708984,41.931556701660156
2009-09-16,3867500,45.29999923706055,44.810001373291016,45.52000045776367,44.54999923706055,42.69377136230469
2009-09-15,3905600,42.79999923706055,44.25,44.29999923706055,42.720001220703125,42.16022872924805
2009-09-14,2467300,42.27000045776367,42.84000015258789,43.2400016784668,42.2599983215332,40.816810607910156
2009-09-11,4468900,43.40999984741211,43.18000030517578,44.16999816894531,42.529998779296875,41.14076232910156
2009-09-10,3311500,41.43000030517578,42.83000183105469,43.18000030517578,41.20000076293945,40.807289123535156
2009-09-09,4516200,42.95000076293945,41.33000183105469,42.959999084472656,40.95000076293945,39.37812423706055
2009-09-08,6483700,43.439998626708984,42.439998626708984,43.93000030517578,42.15999984741211,40.435707092285156
2009-09-04,3052400,41.4900016784668,42.4900016784668,42.810001373291016,41.099998474121094,40.48334503173828
2009-09-03,5452100,40.470001220703125,41.88999938964844,42.209999084472656,40.209999084472656,39.911678314208984
2009-09-02,6258700,36.66999816894531,39.77000045776367,39.90999984741211,36.41999816894531,37.89179611206055
2009-09-01,6296500,37.189998626708984,36.310001373291016,37.560001373291016,35.529998779296875,34.59520721435547
2009-08-31,1649500,37.90999984741211,38.41999816894531,38.599998474121094,37.7599983215332,36.60554885864258
2009-08-28,1531700,39.13999938964844,39.27000045776367,39.66999816894531,38.630001068115234,37.41541290283203
2009-08-27,1545700,38.029998779296875,38.79999923706055,39.08000183105469,37.150001525878906,36.96760559082031
2009-08-26,1061100,37.84000015258789,37.970001220703125,38.040000915527344,37.29999923706055,36.17680358886719
2009-08-25,1760400,38.4900016784668,38.09000015258789,38.70000076293945,37.779998779296875,36.2911376953125
2009-08-24,1772300,36.91999816894531,36.90999984741211,37.880001068115234,36.779998779296875,35.166866302490234
2009-08-21,1791600,37.540000915527344,37.529998779296875,38.25,37.22999954223633,35.75758361816406
2009-08-20,1412000,35.880001068115234,36.349998474121094,36.900001525878906,35.880001068115234,34.633304595947266
2009-08-19,1998700,35.63999938964844,36.040000915527344,36.380001068115234,35.45000076293945,34.33795928955078
2009-08-18,1998900,36.59000015258789,36.189998626708984,36.95000076293945,35.900001525878906,34.40793228149414
2009-08-17,2025200,36.060001373291016,35.849998474121094,36.439998626708984,35.5,34.08466339111328
2009-08-14,1553300,38.529998779296875,37.7599983215332,38.779998779296875,37.36000061035156,35.90061569213867
2009-08-13,2021100,37.439998626708984,38.02000045776367,38.25,37.209999084472656,36.14781951904297
2009-08-12,1172900,35.88999938964844,35.869998931884766,36.599998474121094,35.59000015258789,34.10368728637695
2009-08-11,1609900,36.77000045776367,35.540000915527344,36.779998779296875,35.470001220703125,33.78993606567383
2009-08-10,1360900,36.90999984741211,36.31999969482422,36.9900016784668,35.58000183105469,34.531524658203125
2009-08-07,1493400,38.40999984741211,37.209999084472656,38.54999923706055,37.18000030517578,35.37769317626953
2009-08-06,1826300,38.630001068115234,38.599998474121094,38.9900016784668,37.90999984741211,36.699256896972656
2009-08-05,2197400,39.20000076293945,38.52000045776367,39.22999954223633,37.91999816894531,36.623199462890625
2009-08-04,2121700,39.40999984741211,39.34000015258789,40.75,38.77000045776367,37.4028205871582
2009-08-03,2566400,39.5099983215332,39.7599983215332,40.2599983215332,39.29999923706055,37.8021354675293
2009-07-31,2609200,37.4900016784668,39.20000076293945,39.68000030517578,37.369998931884766,37.26971435546875
2009-07-30,1344300,37.439998626708984,37.22999954223633,38.099998474121094,37.040000915527344,35.39672088623047
2009-07-29,1434100,36.81999969482422,36.29999923706055,36.869998931884766,36.11000061035156,34.51251220703125
2009-07-28,1949700,37.060001373291016,37.29999923706055,37.540000915527344,36.02000045776367,35.4632682800293
2009-07-27,1361700,38.90999984741211,38.4900016784668,39.040000915527344,38.29999923706055,36.59467697143555
2009-07-24,1274500,39.369998931884766,39.2400016784668,39.689998626708984,38.95000076293945,37.3077507019043
2009-07-23,1371100,38.970001220703125,39.59000015258789,40.400001525878906,38.970001220703125,37.6405029296875
2009-07-22,1717200,38.4900016784668,39.2599983215332,40.15999984741211,38.0099983215332,37.32676315307617
2009-07-21,2164800,39.68000030517578,38.970001220703125,39.95000076293945,38.34000015258789,37.05104446411133
2009-07-20,2178700,38.66999816894531,39.459999084472656,39.540000915527344,38.650001525878906,37.51689910888672
2009-07-17,1541400,36.720001220703125,37.4900016784668,37.81999969482422,36.63999938964844,35.643924713134766
2009-07-16,1533800,36.58000183105469,36.93000030517578,37.189998626708984,36.0099983215332,35.11149978637695
2009-07-15,2193900,36.54999923706055,37.11000061035156,37.310001373291016,36.029998779296875,35.28261947631836
2009-07-14,2265500,34.47999954223633,35.099998474121094,35.349998474121094,34.31999969482422,33.37160873413086
2009-07-13,2295600,33.630001068115234,34.029998779296875,34.060001373291016,32.77000045776367,32.354286193847656
2009-07-10,1801200,33.81999969482422,34.060001373291016,34.4900016784668,33.540000915527344,32.38282012939453
2009-07-09,2460700,34.5,34.29999923706055,35.41999816894531,34.20000076293945,32.611000061035156
2009-07-08,3155000,34.75,34.099998474121094,35.029998779296875,33.060001373291016,32.42084884643555
2009-07-07,2353600,35.0099983215332,34.81999969482422,35.720001220703125,34.529998779296875,33.10539245605469
2009-07-06,1994500,34.40999984741211,34.849998474121094,35.08000183105469,33.869998931884766,33.133914947509766
2009-07-02,1526500,36.099998474121094,36.08000183105469,36.25,35.43000030517578,34.303348541259766
2009-07-01,1494700,37.90999984741211,37.54999923706055,38.189998626708984,37.4900016784668,35.700965881347656
2009-06-30,1644500,38.15999984741211,36.630001068115234,38.40999984741211,36.45000076293945,34.82626724243164
2009-06-29,1028000,38.20000076293945,37.97999954223633,38.41999816894531,37.4900016784668,36.10979080200195
2009-06-26,1267900,38.84000015258789,37.599998474121094,38.86000061035156,37.41999816894531,35.748497009277344
2009-06-25,2101000,36.81999969482422,38.41999816894531,38.70000076293945,36.81999969482422,36.52811813354492
2009-06-24,2449400,36.38999938964844,36.91999816894531,37.25,36.15999984741211,35.10198211669922
2009-06-23,2493000,34.5099983215332,35.65999984741211,35.869998931884766,34.31999969482422,33.904022216796875
2009-06-22,2767300,36.34000015258789,34.63999938964844,36.790000915527344,34.4900016784668,32.93424987792969
2009-06-19,3121500,36.86000061035156,38.38999938964844,38.41999816894531,36.84000015258789,36.499595642089844
2009-06-18,2114400,36.540000915527344,36.25,37.18000030517578,36.130001068115234,34.4649772644043
2009-06-17,1978800,36.459999084472656,36.84000015258789,37.150001525878906,35.4900016784668,35.02592086791992
2009-06-16,1994800,36.40999984741211,36.59000015258789,37.7400016784668,36.040000915527344,34.788238525390625
2009-06-15,2220700,36.29999923706055,35.790000915527344,36.849998474121094,35.400001525878906,34.02762222290039
2009-06-12,2777900,37.459999084472656,36.70000076293945,37.459999084472656,36.540000915527344,34.892818450927734
2009-06-11,2528700,38.439998626708984,38.119998931884766,39.040000915527344,37.66999816894531,36.242889404296875
2009-06-10,1975300,39.52000045776367,39.189998626708984,39.77000045776367,38.47999954223633,37.26020050048828
2009-06-09,1492900,39.869998931884766,39.2599983215332,40.25,38.779998779296875,37.32676315307617
2009-06-08,2430000,38.52000045776367,39.79999923706055,39.93000030517578,37.59000015258789,37.84016799926758
2009-06-05,2792500,40.4900016784668,38.95000076293945,40.4900016784668,38.459999084472656,37.03202438354492
2009-06-04,2293700,40.619998931884766,41.650001525878906,42.279998779296875,40.09000015258789,39.59907531738281
2009-06-03,2784800,41.189998626708984,40.150001525878906,41.220001220703125,39.29999923706055,38.172935485839844
2009-06-02,2547300,41.59000015258789,41.869998931884766,42.58000183105469,41.36000061035156,39.8082389831543
2009-06-01,3487100,41.779998779296875,41.4900016784668,42.88999938964844,40.83000183105469,39.44694900512695
2009-05-29,4826400,41.81999969482422,42.33000183105469,43.15999984741211,41.459999084472656,40.24558639526367
2009-05-28,5466800,39.06999969482422,40.849998474121094,40.97999954223633,39.06999969482422,38.838462829589844
2009-05-27,2965000,38.560001373291016,37.79999923706055,38.59000015258789,37.619998931884766,35.93864822387695
2009-05-26,2832100,37.189998626708984,38.27000045776367,38.869998931884766,36.900001525878906,36.3855094909668
2009-05-22,2267600,38.40999984741211,37.619998931884766,38.439998626708984,37.5099983215332,35.76751708984375
2009-05-21,3918400,37.04999923706055,38.38999938964844,38.779998779296875,36.2400016784668,36.499595642089844
2009-05-20,3273800,36.619998931884766,37.11000061035156,37.70000076293945,36.16999816894531,35.28261947631836
2009-05-19,2877400,34.93000030517578,35.599998474121094,36.349998474121094,34.709999084472656,33.84697341918945
2009-05-18,4207400,36.060001373291016,34.54999923706055,36.15999984741211,34.0,32.84868621826172
2009-05-15,1884600,37.18000030517578,36.599998474121094,38.599998474121094,36.04999923706055,34.79773712158203
2009-05-14,1642700,36.58000183105469,36.59000015258789,36.880001068115234,35.20000076293945,34.788238525390625
2009-05-13,2673200,37.29999923706055,36.93000030517578,38.880001068115234,36.70000076293945,35.11149978637695
2009-05-12,2295100,36.90999984741211,37.59000015258789,37.72999954223633,36.58000183105469,35.73899459838867
2009-05-11,1814300,35.83000183105469,36.20000076293945,36.540000915527344,35.349998474121094,34.41743850708008
2009-05-08,1747700,35.939998626708984,36.2599983215332,36.29999923706055,35.099998474121094,34.474483489990234
2009-05-07,2917600,36.83000183105469,35.619998931884766,36.83000183105469,34.470001220703125,33.866004943847656
2009-05-06,3213500,33.9900016784668,36.41999816894531,36.45000076293945,33.93000030517578,34.62660217285156
2009-05-05,1297900,33.22999954223633,32.5099983215332,33.290000915527344,32.209999084472656,30.909137725830078
2009-05-04,1788400,31.860000610351562,32.709999084472656,32.83000183105469,31.59000015258789,31.099292755126953
2009-05-01,1216200,31.200000762939453,31.040000915527344,31.540000915527344,30.649999618530273,29.511526107788086
2009-04-30,2199000,31.559999465942383,30.799999237060547,31.559999465942383,30.579999923706055,29.28334617614746
2009-04-29,989100,32.77000045776367,32.849998474121094,33.27000045776367,32.40999984741211,31.23239517211914
2009-04-28,1792400,32.290000915527344,32.150001525878906,32.93000030517578,31.959999084472656,30.566871643066406
2009-04-27,1318300,32.75,32.66999816894531,33.4900016784668,32.220001220703125,31.061264038085938
2009-04-24,2054100,32.11000061035156,33.099998474121094,33.2599983215332,31.8700008392334,31.470088958740234
2009-04-23,2101600,31.030000686645508,31.579999923706055,32.2400016784668,30.799999237060547,30.02493667602539
2009-04-22,1674400,30.6200008392334,31.18000030517578,31.65999984741211,30.34000015258789,29.644636154174805
2009-04-21,2196900,31.399999618530273,30.6200008392334,31.59000015258789,29.829999923706055,29.112213134765625
2009-04-20,2276700,30.06999969482422,30.309999465942383,30.93000030517578,30.020000457763672,28.817476272583008
2009-04-17,3235600,30.8799991607666,29.709999084472656,30.93000030517578,29.360000610351562,28.247018814086914
2009-04-16,2300700,31.8700008392334,30.68000030517578,31.90999984741211,30.56999969482422,29.16925811767578
2009-04-15,1487400,31.020000457763672,31.260000228881836,31.600000381469727,30.950000762939453,29.720693588256836
2009-04-14,1774400,32.09000015258789,31.549999237060547,32.36000061035156,31.530000686645508,29.99641227722168
2009-04-13,2127100,32.099998474121094,32.68000030517578,33.689998626708984,31.760000228881836,31.070772171020508
2009-04-09,2010300,32.150001525878906,31.190000534057617,32.619998931884766,31.010000228881836,29.65414047241211
2009-04-08,2149500,33.439998626708984,32.400001525878906,33.4900016784668,32.08000183105469,30.804561614990234
2009-04-07,2485900,32.13999938964844,31.799999237060547,32.83000183105469,31.559999465942383,30.234106063842773
2009-04-06,3356000,30.6200008392334,30.989999771118164,31.219999313354492,29.760000228881836,29.463993072509766
2009-04-03,5138100,32.38999938964844,31.3799991607666,33.04999923706055,30.600000381469727,29.834779739379883
2009-04-02,4249900,36.29999923706055,34.65999984741211,36.560001373291016,34.099998474121094,32.95326232910156
2009-04-01,1899700,37.5,38.34000015258789,38.369998931884766,36.939998626708984,36.452056884765625
2009-03-31,1829700,37.189998626708984,36.7599983215332,37.38999938964844,35.88999938964844,34.949867248535156
2009-03-30,1976800,35.58000183105469,36.38999938964844,36.970001220703125,35.369998931884766,34.598087310791016
2009-03-27,1618700,37.52000045776367,36.88999938964844,37.56999969482422,36.54999923706055,35.07345962524414
2009-03-26,2115600,38.65999984741211,38.09000015258789,38.779998779296875,37.439998626708984,36.21437072753906
2009-03-25,2972300,36.58000183105469,38.09000015258789,38.720001220703125,36.119998931884766,36.21437072753906
2009-03-24,2118000,36.09000015258789,36.56999969482422,37.22999954223633,35.900001525878906,34.76921463012695
2009-03-23,2802600,37.52000045776367,37.529998779296875,38.58000183105469,37.09000015258789,35.681941986083984
2009-03-20,4580500,36.7599983215332,37.20000076293945,37.959999084472656,36.5,35.36819839477539
2009-03-19,7250700,36.77000045776367,38.66999816894531,38.9900016784668,36.65999984741211,36.76581573486328
2009-03-18,5429600,34.02000045776367,37.790000915527344,38.029998779296875,33.0,35.92914581298828
2009-03-17,3864000,33.380001068115234,34.619998931884766,34.689998626708984,32.5,32.91524887084961
2009-03-16,1881100,33.689998626708984,33.70000076293945,34.529998779296875,33.54999923706055,32.04054641723633
2009-03-13,3793700,34.619998931884766,33.849998474121094,34.790000915527344,33.689998626708984,32.18315505981445
2009-03-12,5008100,32.15999984741211,34.970001220703125,35.09000015258789,32.0,33.24801254272461
2009-03-11,5586600,31.100000381469727,32.09000015258789,32.20000076293945,30.8700008392334,30.509822845458984
2009-03-10,3477700,30.0,29.969999313354492,30.510000228881836,29.200000762939453,28.494220733642578
2009-03-09,2651100,29.8700008392334,30.360000610351562,30.65999984741211,29.649999618530273,28.865015029907227
2009-03-06,4667900,29.889999389648438,30.709999084472656,31.75,29.56999969482422,29.19777488708496
2009-03-05,2393700,28.030000686645508,29.440000534057617,29.68000030517578,28.030000686645508,27.99031639099121
2009-03-04,2662500,29.75,28.34000015258789,29.770000457763672,27.8799991607666,26.944480895996094
2009-03-03,3267200,29.149999618530273,29.139999389648438,29.5,28.1299991607666,27.65755271911621
2009-03-02,3370200,30.09000015258789,28.540000915527344,30.329999923706055,28.34000015258789,27.08807373046875
2009-02-27,3907500,29.219999313354492,29.829999923706055,30.229999542236328,28.719999313354492,28.31245231628418
2009-02-26,2419900,29.260000228881836,29.549999237060547,29.8799991607666,28.6299991607666,28.046689987182617
2009-02-25,3439000,29.399999618530273,28.81999969482422,30.690000534057617,28.75,27.35382843017578
2009-02-24,3907100,31.3799991607666,29.149999618530273,31.649999618530273,28.600000381469727,27.66704559326172
2009-02-23,3901800,32.68000030517578,31.770000457763672,33.11000061035156,31.65999984741211,30.153757095336914
2009-02-20,3678400,32.2400016784668,32.779998779296875,33.04999923706055,31.530000686645508,31.112375259399414
2009-02-19,3102100,31.399999618530273,30.81999969482422,31.989999771118164,30.579999923706055,29.25208282470703
2009-02-18,4128300,31.299999237060547,31.549999237060547,31.639999389648438,30.100000381469727,29.9449405670166
2009-02-17,6574600,30.420000076293945,31.110000610351562,32.310001373291016,30.25,29.527332305908203
2009-02-13,1645900,29.59000015258789,29.639999389648438,30.25,29.200000762939453,28.132110595703125
2009-02-12,3077100,29.389999389648438,30.219999313354492,30.420000076293945,29.239999771118164,28.682607650756836
2009-02-11,5951200,28.469999313354492,30.6299991607666,30.790000915527344,28.299999237060547,29.071746826171875
2009-02-10,4281200,28.18000030517578,27.540000915527344,28.739999771118164,26.950000762939453,26.13895034790039
2009-02-09,3902500,28.06999969482422,28.1200008392334,29.059999465942383,27.799999237060547,26.689443588256836
2009-02-06,4015500,26.239999771118164,27.670000076293945,27.780000686645508,26.110000610351562,26.262332916259766
2009-02-05,5169100,25.920000076293945,25.959999084472656,26.190000534057617,25.280000686645508,24.639326095581055
2009-02-04,3498600,27.170000076293945,26.0,27.270000457763672,25.700000762939453,24.677295684814453
2009-02-03,2799200,27.239999771118164,26.850000381469727,27.6200008392334,26.5,25.484050750732422
2009-02-02,3551200,27.450000762939453,26.940000534057617,28.200000762939453,26.549999237060547,25.569469451904297
2009-01-30,4818000,29.309999465942383,28.690000534057617,29.309999465942383,27.389999389648438,27.23044204711914
2009-01-29,5939600,27.34000015258789,28.3700008392334,28.739999771118164,26.850000381469727,26.926725387573242
2009-01-28,4020300,27.510000228881836,27.829999923706055,28.0,26.579999923706055,26.41419219970703
2009-01-27,3841600,28.579999923706055,27.639999389648438,28.610000610351562,27.389999389648438,26.233856201171875
2009-01-26,3715400,29.459999084472656,27.6299991607666,29.520000457763672,27.450000762939453,26.2243709564209
2009-01-23,3737300,26.25,27.690000534057617,28.18000030517578,25.8799991607666,26.281314849853516
2009-01-22,1693300,25.809999465942383,26.030000686645508,26.649999618530273,25.530000686645508,24.705768585205078
2009-01-21,2700300,25.81999969482422,26.209999084472656,26.219999313354492,25.079999923706055,24.87660789489746
2009-01-20,2748000,25.579999923706055,24.809999465942383,26.579999923706055,24.600000381469727,23.547832489013672
2009-01-16,2424900,25.780000686645508,25.959999084472656,26.1200008392334,24.84000015258789,24.639326095581055
2009-01-15,2189800,23.6299991607666,24.170000076293945,24.479999542236328,22.5,22.94038963317871
2009-01-14,1994300,23.75,23.149999618530273,24.290000915527344,22.799999237060547,21.972280502319336
2009-01-13,1865500,23.950000762939453,24.600000381469727,25.059999465942383,23.809999465942383,23.3485164642334
2009-01-12,2313500,24.8799991607666,24.200000762939453,25.0,23.959999084472656,22.96886444091797
2009-01-09,2139700,25.8700008392334,25.389999389648438,26.420000076293945,25.209999084472656,24.098325729370117
2009-01-08,2682700,25.969999313354492,26.809999465942383,26.920000076293945,25.280000686645508,25.44608497619629
2009-01-07,1909300,27.350000381469727,25.5,27.43000030517578,25.170000076293945,24.202733993530273
2009-01-06,1992900,26.59000015258789,27.309999465942383,27.81999969482422,26.219999313354492,25.9206485748291
2009-01-05,2155000,26.139999389648438,26.100000381469727,26.600000381469727,25.610000610351562,24.772205352783203
2009-01-02,1154600,27.43000030517578,27.600000381469727,28.079999923706055,27.299999237060547,26.195894241333008
2008-12-31,1671300,26.299999237060547,27.709999084472656,27.950000762939453,26.06999969482422,26.30030059814453
2008-12-30,1150000,26.360000610351562,26.56999969482422,26.899999618530273,25.90999984741211,25.218297958374023
2008-12-29,1886700,27.68000030517578,26.600000381469727,27.700000762939453,26.290000915527344,25.246768951416016
2008-12-26,1148800,24.469999313354492,26.780000686645508,26.979999542236328,24.469999313354492,25.417613983154297
2008-12-24,907900,25.6299991607666,25.020000457763672,25.799999237060547,24.309999465942383,23.747148513793945
2008-12-23,2325900,25.760000228881836,26.209999084472656,26.350000381469727,25.3700008392334,24.87660789489746
2008-12-22,2561500,26.18000030517578,25.170000076293945,26.469999313354492,24.860000610351562,23.8895206451416
2008-12-19,3093700,24.93000030517578,25.540000915527344,25.6200008392334,24.309999465942383,24.240697860717773
2008-12-18,3231800,27.219999313354492,24.469999313354492,27.219999313354492,24.010000228881836,23.225126266479492
2008-12-17,3545100,26.780000686645508,26.59000015258789,27.700000762939453,26.3700008392334,25.237276077270508
2008-12-16,4162600,26.559999465942383,26.81999969482422,26.90999984741211,25.670000076293945,25.455575942993164
2008-12-15,3811500,26.489999771118164,26.290000915527344,27.309999465942383,25.40999984741211,24.95254135131836
2008-12-12,3467900,25.760000228881836,27.110000610351562,27.18000030517578,25.729999542236328,25.730825424194336
2008-12-11,3319800,27.309999465942383,26.280000686645508,28.489999771118164,25.739999771118164,24.943052291870117
2008-12-10,4016200,25.600000381469727,27.989999771118164,28.1200008392334,25.559999465942383,26.56605339050293
2008-12-09,3514400,23.40999984741211,24.040000915527344,24.65999984741211,23.190000534057617,22.817005157470703
2008-12-08,3288100,24.309999465942383,24.020000457763672,24.700000762939453,23.469999313354492,22.79802131652832
2008-12-05,4209700,21.739999771118164,22.75,22.90999984741211,21.1299991607666,21.592634201049805
2008-12-04,2859400,21.729999542236328,21.479999542236328,22.510000228881836,21.110000610351562,20.387239456176758
2008-12-03,4538100,21.420000076293945,22.25,23.530000686645508,21.09000015258789,21.11806869506836
2008-12-02,3072500,21.1200008392334,21.329999923706055,21.850000381469727,20.450000762939453,20.244871139526367
2008-12-01,3132500,20.959999084472656,19.56999969482422,21.049999237060547,19.450000762939453,18.574411392211914
2008-11-28,1614000,22.25,21.350000381469727,22.25,21.010000228881836,20.263851165771484
2008-11-26,3071000,21.059999465942383,21.149999618530273,21.25,20.469999313354492,20.07402801513672
2008-11-25,2046000,20.6200008392334,20.709999084472656,21.049999237060547,19.479999542236328,19.65641212463379
2008-11-24,3273800,21.049999237060547,20.31999969482422,21.43000030517578,19.860000610351562,19.286258697509766
2008-11-21,5297600,16.959999084472656,19.610000610351562,19.709999084472656,14.970000267028809,18.61237335205078
2008-11-20,2333000,14.859999656677246,13.710000038146973,14.930000305175781,13.369999885559082,13.012526512145996
2008-11-19,2148100,15.720000267028809,14.430000305175781,16.479999542236328,14.329999923706055,13.695897102355957
2008-11-18,1442400,15.75,15.539999961853027,16.190000534057617,15.010000228881836,14.749428749084473
2008-11-17,1923600,16.59000015258789,15.9399995803833,16.959999084472656,15.800000190734863,15.12907886505127
2008-11-14,2658500,17.399999618530273,16.59000015258789,18.0,16.540000915527344,15.746013641357422
2008-11-13,3085800,16.299999237060547,17.389999389648438,17.450000762939453,14.390000343322754,16.505313873291016
2008-11-12,2283000,17.3700008392334,15.800000190734863,17.639999389648438,15.65999984741211,14.996200561523438
2008-11-11,1605800,18.170000076293945,17.299999237060547,18.34000015258789,17.030000686645508,16.419891357421875
2008-11-10,1609800,19.110000610351562,18.510000228881836,19.43000030517578,17.899999618530273,17.568336486816406
2008-11-07,1763300,17.780000686645508,17.920000076293945,18.799999237060547,17.170000076293945,17.008346557617188
2008-11-06,1504900,19.149999618530273,17.09000015258789,19.469999313354492,17.020000457763672,16.2205753326416
2008-11-05,1491000,19.850000381469727,18.90999984741211,20.799999237060547,18.8700008392334,17.947986602783203
2008-11-04,2444800,18.729999542236328,20.450000762939453,20.610000610351562,18.56999969482422,19.409639358520508
2008-11-03,1323200,18.0,18.0,18.940000534057617,17.850000381469727,17.084280014038086
2008-10-31,2401000,18.459999084472656,18.25,19.110000610351562,17.969999313354492,17.321561813354492
2008-10-30,2200900,18.350000381469727,18.59000015258789,19.25,17.010000228881836,17.64426040649414
2008-10-29,4195100,15.630000114440918,17.860000610351562,18.06999969482422,15.229999542236328,16.95140266418457
2008-10-28,3877000,15.670000076293945,15.039999961853027,15.699999809265137,13.920000076293945,14.27486515045166
2008-10-27,2744600,15.09000015258789,14.210000038146973,15.6899995803833,14.0,13.487088203430176
2008-10-24,3429100,14.239999771118164,15.100000381469727,15.989999771118164,14.09000015258789,14.33181381225586
2008-10-23,3608200,15.40999984741211,14.949999809265137,16.389999389648438,13.9399995803833,14.189443588256836
2008-10-22,3367500,18.709999084472656,14.9399995803833,18.709999084472656,14.819999694824219,14.179950714111328
2008-10-21,1617200,19.270000457763672,18.600000381469727,19.899999618530273,18.5,17.65375518798828
2008-10-20,1794800,18.770000457763672,20.170000076293945,20.299999237060547,18.25,19.143888473510742
2008-10-17,3033000,18.899999618530273,18.56999969482422,19.68000030517578,17.84000015258789,17.625280380249023
2008-10-16,4319100,20.719999313354492,18.440000534057617,21.100000381469727,17.3799991607666,17.50189971923828
2008-10-15,2970600,20.149999618530273,18.489999771118164,21.559999465942383,17.8700008392334,17.549352645874023
2008-10-14,4090100,21.6200008392334,22.739999771118164,23.8700008392334,21.459999084472656,21.583141326904297
2008-10-13,3213300,19.889999389648438,20.31999969482422,20.360000610351562,18.790000915527344,19.286258697509766
2008-10-10,4025700,19.559999465942383,16.5,20.079999923706055,16.209999084472656,15.660592079162598
2008-10-09,2402600,19.25,17.260000228881836,19.25,17.260000228881836,16.381927490234375
2008-10-08,3736000,17.93000030517578,19.709999084472656,20.100000381469727,17.360000610351562,18.707284927368164
2008-10-07,2989600,18.170000076293945,16.489999771118164,18.440000534057617,16.40999984741211,15.651097297668457
2008-10-06,3323000,20.459999084472656,17.360000610351562,20.540000915527344,15.75,16.47684097290039
2008-10-03,2284100,19.360000610351562,19.969999313354492,20.530000686645508,19.040000915527344,18.954059600830078
2008-10-02,2890100,21.889999389648438,19.31999969482422,22.0,19.260000228881836,18.337125778198242
2008-10-01,1649800,23.309999465942383,23.25,23.780000686645508,22.950000762939453,22.067195892333984
2008-09-30,2213700,23.25,23.100000381469727,23.420000076293945,22.040000915527344,21.924827575683594
2008-09-29,2811400,23.729999542236328,22.540000915527344,24.110000610351562,22.25,21.393314361572266
2008-09-26,2064800,23.850000381469727,24.219999313354492,24.989999771118164,23.84000015258789,22.98784637451172
2008-09-25,1279100,25.100000381469727,24.43000030517578,25.280000686645508,24.260000228881836,23.187164306640625
2008-09-24,1116400,25.5,25.100000381469727,25.709999084472656,24.799999237060547,23.823078155517578
2008-09-23,2674400,25.219999313354492,25.09000015258789,25.899999618530273,24.6200008392334,23.813587188720703
2008-09-22,3900500,24.979999542236328,26.170000076293945,26.8799991607666,24.75,24.83864402770996
2008-09-19,4005800,25.56999969482422,24.719999313354492,26.0,24.25,23.462406158447266
2008-09-18,4899200,25.770000457763672,27.0,27.43000030517578,25.209999084472656,25.62641716003418
2008-09-17,4136200,22.600000381469727,25.700000762939453,26.040000915527344,22.40999984741211,24.392553329467773
2008-09-16,2555000,22.770000457763672,23.559999465942383,23.59000015258789,21.90999984741211,22.361425399780273
2008-09-15,2711300,23.579999923706055,23.34000015258789,24.0,23.1200008392334,22.152612686157227
2008-09-12,3321400,23.469999313354492,24.110000610351562,24.530000686645508,23.049999237060547,22.883445739746094
2008-09-11,3223200,22.440000534057617,23.100000381469727,23.489999771118164,21.829999923706055,21.924827575683594
2008-09-10,2880600,21.579999923706055,22.450000762939453,22.59000015258789,21.010000228881836,21.307893753051758
2008-09-09,2365600,23.010000228881836,21.200000762939453,23.010000228881836,21.059999465942383,20.121484756469727
2008-09-08,2238900,24.760000228881836,23.450000762939453,24.889999389648438,23.329999923706055,22.25702476501465
2008-09-05,1827900,23.40999984741211,24.010000228881836,24.06999969482422,23.030000686645508,22.788532257080078
2008-09-04,2127600,24.229999542236328,23.049999237060547,24.40999984741211,22.989999771118164,21.877368927001953
2008-09-03,1997300,24.510000228881836,23.90999984741211,24.93000030517578,23.790000915527344,22.69361686706543
2008-09-02,2095000,24.760000228881836,24.979999542236328,25.229999542236328,24.760000228881836,23.709182739257812
2008-08-29,586100,27.209999084472656,26.920000076293945,27.290000915527344,26.75,25.550491333007812
2008-08-28,984900,27.989999771118164,27.25,27.989999771118164,27.059999465942383,25.863704681396484
2008-08-27,744300,26.959999084472656,27.170000076293945,27.170000076293945,26.75,25.787771224975586
2008-08-26,1451000,25.93000030517578,26.510000228881836,26.68000030517578,25.729999542236328,25.161348342895508
2008-08-25,935900,26.5,26.440000534057617,26.790000915527344,26.229999542236328,25.094905853271484
2008-08-22,1080500,26.8799991607666,26.809999465942383,27.229999542236328,26.6299991607666,25.44608497619629
2008-08-21,1839800,26.84000015258789,27.700000762939453,27.790000915527344,26.65999984741211,26.29080581665039
2008-08-20,2049600,27.440000534057617,26.209999084472656,27.440000534057617,26.1299991607666,24.87660789489746
2008-08-19,2202300,25.56999969482422,26.709999084472656,26.959999084472656,25.350000381469727,25.289960861206055
2008-08-18,1467200,27.010000228881836,26.670000076293945,27.3700008392334,26.420000076293945,25.252084732055664
2008-08-15,1977400,26.149999618530273,26.670000076293945,27.18000030517578,25.969999313354492,25.252084732055664
2008-08-14,1910500,29.1299991607666,27.469999313354492,29.1299991607666,27.360000610351562,26.009557723999023
2008-08-13,2644800,27.540000915527344,28.920000076293945,29.030000686645508,27.489999771118164,27.382469177246094
2008-08-12,3540100,26.239999771118164,27.40999984741211,27.649999618530273,26.0,25.952749252319336
2008-08-11,5467000,28.639999389648438,25.700000762939453,28.790000915527344,25.549999237060547,24.333663940429688
2008-08-08,1969400,29.239999771118164,29.75,30.0,29.1200008392334,28.1683406829834
2008-08-07,955100,31.059999465942383,30.809999465942383,31.329999923706055,30.56999969482422,29.171987533569336
2008-08-06,1725100,31.049999237060547,31.079999923706055,31.5,30.93000030517578,29.42763328552246
2008-08-05,2239100,30.950000762939453,30.81999969482422,31.540000915527344,30.56999969482422,29.18145751953125
2008-08-04,2043800,31.09000015258789,31.1200008392334,31.700000762939453,30.59000015258789,29.46550178527832
2008-08-01,1761700,32.2599983215332,32.06999969482422,32.470001220703125,31.719999313354492,30.3649959564209
2008-07-31,1739600,33.099998474121094,32.970001220703125,33.68000030517578,32.77000045776367,31.21715545654297
2008-07-30,2615300,31.940000534057617,32.72999954223633,33.060001373291016,31.899999618530273,30.98990821838379
2008-07-29,941900,33.4900016784668,33.0,33.619998931884766,32.849998474121094,31.245559692382812
2008-07-28,929500,33.40999984741211,33.52000045776367,34.209999084472656,33.2400016784668,31.737913131713867
2008-07-25,858100,33.619998931884766,33.7400016784668,33.91999816894531,33.09000015258789,31.946208953857422
2008-07-24,1448300,33.43000030517578,33.040000915527344,33.97999954223633,32.75,31.283428192138672
2008-07-23,1656200,33.43000030517578,33.33000183105469,33.84000015258789,33.04999923706055,31.55801010131836
2008-07-22,1778200,34.5099983215332,34.540000915527344,34.900001525878906,34.16999816894531,32.70368576049805
2008-07-21,1979900,34.439998626708984,34.7400016784668,34.84000015258789,34.310001373291016,32.89304733276367
2008-07-18,1110600,35.869998931884766,35.66999816894531,36.41999816894531,35.349998474121094,33.77360534667969
2008-07-17,2544000,35.58000183105469,35.86000061035156,36.599998474121094,35.380001068115234,33.95349884033203
2008-07-16,2428200,35.779998779296875,34.58000183105469,35.84000015258789,34.27000045776367,32.74156188964844
2008-07-15,3634800,35.79999923706055,35.11000061035156,36.650001525878906,34.72999954223633,33.243385314941406
2008-07-14,2995300,33.470001220703125,34.0,34.33000183105469,32.5,32.1923942565918
2008-07-11,3549900,33.4900016784668,33.099998474121094,33.869998931884766,32.83000183105469,31.340240478515625
2008-07-10,1470500,32.91999816894531,33.0,33.099998474121094,32.41999816894531,31.245559692382812
2008-07-09,2674700,32.72999954223633,32.84000015258789,33.150001525878906,32.68000030517578,31.09406280517578
2008-07-08,2264200,32.18000030517578,32.369998931884766,32.529998779296875,31.969999313354492,30.649051666259766
2008-07-07,2382700,32.86000061035156,32.59000015258789,32.93000030517578,32.47999954223633,30.85735321044922
2008-07-03,1519300,33.900001525878906,33.529998779296875,33.95000076293945,33.11000061035156,31.74737548828125
2008-07-02,1767400,33.72999954223633,33.93000030517578,34.439998626708984,33.72999954223633,32.12610626220703
2008-07-01,3959900,33.02000045776367,33.459999084472656,33.630001068115234,32.849998474121094,31.68109703063965
2008-06-30,1725700,34.45000076293945,33.939998626708984,34.45000076293945,33.52000045776367,32.13557815551758
2008-06-27,2406800,33.189998626708984,33.08000183105469,33.380001068115234,32.41999816894531,31.321306228637695
2008-06-26,2448600,31.729999542236328,32.08000183105469,32.290000915527344,31.639999389648438,30.374467849731445
2008-06-25,2201800,29.59000015258789,30.610000610351562,30.700000762939453,29.59000015258789,28.982616424560547
2008-06-24,2377200,29.040000915527344,29.649999618530273,30.040000915527344,28.93000030517578,28.073657989501953
2008-06-23,2091700,28.850000381469727,29.510000228881836,29.56999969482422,28.75,27.941099166870117
2008-06-20,2332400,30.030000686645508,29.959999084472656,30.15999984741211,29.600000381469727,28.367176055908203
2008-06-19,1293500,31.860000610351562,30.700000762939453,31.959999084472656,30.6299991607666,29.067834854125977
2008-06-18,2072900,31.389999389648438,31.459999084472656,31.610000610351562,31.0,29.787429809570312
2008-06-17,1560100,31.969999313354492,31.690000534057617,32.040000915527344,31.469999313354492,30.005199432373047
2008-06-16,1122700,32.650001525878906,32.04999923706055,32.65999984741211,31.829999923706055,30.346059799194336
2008-06-13,1785200,31.43000030517578,31.959999084472656,31.959999084472656,31.15999984741211,30.260845184326172
2008-06-12,3365100,32.459999084472656,32.130001068115234,32.65999984741211,32.029998779296875,30.42180633544922
2008-06-11,2596700,33.529998779296875,33.060001373291016,33.65999984741211,32.810001373291016,31.30236053466797
2008-06-10,3135200,33.88999938964844,34.20000076293945,34.45000076293945,33.88999938964844,32.38176727294922
2008-06-09,1725500,35.13999938964844,34.880001068115234,35.369998931884766,34.81999969482422,33.025611877441406
2008-06-06,1763400,34.599998474121094,35.02000045776367,35.220001220703125,34.459999084472656,33.158164978027344
2008-06-05,2364500,34.29999923706055,34.849998474121094,34.849998474121094,34.29999923706055,32.9972038269043
2008-06-04,3733500,34.459999084472656,34.45000076293945,34.68000030517578,34.08000183105469,32.61846923828125
2008-06-03,2461500,34.5,34.650001525878906,34.810001373291016,34.29999923706055,32.807838439941406
2008-06-02,2040300,34.91999816894531,34.7599983215332,35.029998779296875,34.38999938964844,32.9119758605957
2008-05-30,3155200,34.599998474121094,34.790000915527344,35.13999938964844,34.33000183105469,32.940391540527344
2008-05-29,2742600,36.52000045776367,35.66999816894531,36.61000061035156,35.15999984741211,33.77360534667969
2008-05-28,1008100,38.0,38.04999923706055,38.209999084472656,37.65999984741211,36.02706527709961
2008-05-27,1583200,38.72999954223633,38.15999984741211,38.88999938964844,38.060001373291016,36.1312255859375
2008-05-23,1001800,39.58000183105469,39.290000915527344,39.619998931884766,39.13999938964844,37.201148986816406
2008-05-22,1033100,39.38999938964844,38.95000076293945,39.7400016784668,38.77000045776367,36.87923049926758
2008-05-21,1637100,39.970001220703125,39.119998931884766,40.16999816894531,38.95000076293945,37.04018020629883
2008-05-20,1008900,39.7599983215332,39.959999084472656,40.0,39.47999954223633,37.835533142089844
2008-05-19,1051900,39.38999938964844,39.29999923706055,39.599998474121094,38.959999084472656,37.21062469482422
2008-05-16,1090600,39.939998626708984,39.90999984741211,40.27000045776367,39.40999984741211,37.78818893432617
2008-05-15,1264100,39.290000915527344,39.25,39.400001525878906,38.560001373291016,37.16326904296875
2008-05-14,1974300,38.779998779296875,38.5099983215332,39.27000045776367,38.5,36.46261978149414
2008-05-13,2057800,39.599998474121094,39.380001068115234,39.599998474121094,38.720001220703125,37.28636932373047
2008-05-12,2078200,40.16999816894531,40.5,40.90999984741211,40.02000045776367,38.3468132019043
2008-05-09,2139200,39.95000076293945,39.7599983215332,39.9900016784668,39.43000030517578,37.646156311035156
2008-05-08,2672700,38.54999923706055,39.400001525878906,39.400001525878906,38.5,37.30530548095703
2008-05-07,2434000,38.90999984741211,38.470001220703125,39.09000015258789,38.27000045776367,36.42473602294922
2008-05-06,4522200,36.869998931884766,38.310001373291016,38.869998931884766,36.70000076293945,36.27325439453125
2008-05-05,1260500,34.93000030517578,34.810001373291016,34.959999084472656,34.38999938964844,32.95933532714844
2008-05-02,975900,33.459999084472656,33.849998474121094,34.20000076293945,32.939998626708984,32.05036544799805
2008-05-01,1302200,33.59000015258789,33.43000030517578,33.84000015258789,33.119998931884766,31.65269660949707
2008-04-30,2263500,33.63999938964844,34.119998931884766,34.119998931884766,33.25,32.30601119995117
2008-04-29,1954500,34.459999084472656,33.540000915527344,34.83000183105469,33.47999954223633,31.75684928894043
2008-04-28,866900,35.959999084472656,35.54999923706055,36.22999954223633,35.400001525878906,33.65998840332031
2008-04-25,737100,35.95000076293945,35.97999954223633,36.060001373291016,35.61000061035156,34.06711959838867
2008-04-24,1110900,36.029998779296875,35.599998474121094,36.29999923706055,35.58000183105469,33.70732498168945
2008-04-23,1456700,36.45000076293945,36.279998779296875,36.560001373291016,35.88999938964844,34.35116958618164
2008-04-22,1757400,37.5099983215332,36.619998931884766,37.529998779296875,36.5,34.673095703125
2008-04-21,2508800,37.43000030517578,37.540000915527344,37.540000915527344,37.209999084472656,35.544193267822266
2008-04-18,2045000,36.970001220703125,37.15999984741211,37.959999084472656,36.970001220703125,35.18439483642578
2008-04-17,1614900,36.97999954223633,37.38999938964844,37.47999954223633,36.900001525878906,35.40216064453125
2008-04-16,1577200,37.33000183105469,37.88999938964844,37.900001525878906,37.31999969482422,35.875579833984375
2008-04-15,1719100,36.95000076293945,36.900001525878906,37.15999984741211,36.61000061035156,34.93820571899414
2008-04-14,1969800,37.38999938964844,37.290000915527344,37.529998779296875,37.040000915527344,35.30747604370117
2008-04-11,2233300,36.66999816894531,36.9900016784668,37.20000076293945,36.650001525878906,35.02342987060547
2008-04-10,1883600,36.09000015258789,36.720001220703125,36.810001373291016,35.970001220703125,34.76778793334961
2008-04-09,1574800,35.650001525878906,36.2599983215332,36.33000183105469,35.630001068115234,34.332237243652344
2008-04-08,1168600,35.880001068115234,36.02000045776367,36.290000915527344,35.7599983215332,34.105003356933594
2008-04-07,2091600,35.75,36.029998779296875,36.779998779296875,35.75,34.11446762084961
2008-04-04,2490100,35.29999923706055,35.380001068115234,35.7400016784668,35.20000076293945,33.49903106689453
2008-04-03,2255400,35.0,35.869998931884766,36.0099983215332,34.849998474121094,33.96297836303711
2008-04-02,1760100,33.65999984741211,34.4900016784668,34.4900016784668,33.529998779296875,32.65633773803711
2008-04-01,3008900,32.93000030517578,33.150001525878906,33.36000061035156,32.900001525878906,31.387592315673828
2008-03-31,2439600,33.810001373291016,33.959999084472656,34.209999084472656,33.470001220703125,32.154518127441406
2008-03-28,1723400,32.939998626708984,33.349998474121094,33.459999084472656,32.88999938964844,31.57695198059082
2008-03-27,2425300,33.130001068115234,32.95000076293945,33.349998474121094,32.88999938964844,31.198211669921875
2008-03-26,1859500,32.2599983215332,32.900001525878906,32.93000030517578,32.25,31.150867462158203
2008-03-25,1689000,31.68000030517578,32.0,32.04999923706055,31.43000030517578,30.29871940612793
2008-03-24,3213700,31.34000015258789,31.489999771118164,31.93000030517578,31.299999237060547,29.815834045410156
2008-03-20,5121500,30.93000030517578,31.6299991607666,31.84000015258789,30.5,29.94839096069336
2008-03-19,3319900,33.15999984741211,32.08000183105469,33.77000045776367,31.8799991607666,30.374467849731445
2008-03-18,2456500,34.060001373291016,33.52000045776367,34.400001525878906,33.2599983215332,31.737913131713867
2008-03-17,2780100,33.29999923706055,34.0,34.20000076293945,33.16999816894531,32.1923942565918
2008-03-14,3160400,34.560001373291016,35.0,35.189998626708984,34.130001068115234,33.139225006103516
2008-03-13,4763100,34.720001220703125,35.099998474121094,35.15999984741211,33.9900016784668,33.23390579223633
2008-03-12,1225400,35.220001220703125,35.38999938964844,35.689998626708984,35.0,33.50849151611328
2008-03-11,1267500,35.5099983215332,36.189998626708984,36.189998626708984,35.09000015258789,34.26595687866211
2008-03-10,1657800,36.09000015258789,35.0,36.150001525878906,34.65999984741211,33.139225006103516
2008-03-07,1449300,36.91999816894531,36.0,37.369998931884766,35.900001525878906,34.0860595703125
2008-03-06,2944000,37.11000061035156,36.97999954223633,37.75,36.540000915527344,35.01395797729492
2008-03-05,2272400,36.9900016784668,37.22999954223633,37.2400016784668,36.29999923706055,35.250667572021484
2008-03-04,2457300,37.290000915527344,36.43000030517578,37.70000076293945,35.849998474121094,34.49319839477539
2008-03-03,2139800,37.0,36.84000015258789,37.0,36.209999084472656,34.88139724731445
2008-02-29,2328700,36.650001525878906,36.119998931884766,36.81999969482422,35.66999816894531,34.19968032836914
2008-02-28,2782100,35.77000045776367,36.41999816894531,36.540000915527344,35.27000045776367,34.48373031616211
2008-02-27,1759200,35.4900016784668,35.47999954223633,35.84000015258789,35.060001373291016,33.59370422363281
2008-02-26,1508500,34.52000045776367,35.16999816894531,35.380001068115234,34.31999969482422,33.23759841918945
2008-02-25,1703900,35.54999923706055,35.0099983215332,35.93000030517578,34.33000183105469,33.08639144897461
2008-02-22,1643800,36.5,36.060001373291016,36.59000015258789,35.36000061035156,34.07870101928711
2008-02-21,4146800,36.11000061035156,35.52000045776367,36.54999923706055,35.52000045776367,33.56837463378906
2008-02-20,2119600,34.25,35.52000045776367,35.58000183105469,34.150001525878906,33.56837463378906
2008-02-19,1939000,34.900001525878906,34.81999969482422,35.18000030517578,34.400001525878906,32.906829833984375
2008-02-15,1629400,33.709999084472656,33.75,33.939998626708984,33.439998626708984,31.89562225341797
2008-02-14,1728400,34.7400016784668,34.18000030517578,34.7400016784668,34.029998779296875,32.3019905090332
2008-02-13,2851800,34.83000183105469,34.779998779296875,34.900001525878906,34.29999923706055,32.8690299987793
2008-02-12,2542600,34.81999969482422,34.70000076293945,35.060001373291016,34.560001373291016,32.79343032836914
2008-02-11,2736100,34.68000030517578,35.06999969482422,35.27000045776367,34.0,33.14309310913086
2008-02-08,4879300,36.130001068115234,36.310001373291016,36.7400016784668,36.0099983215332,34.31496047973633
2008-02-07,2337100,38.41999816894531,38.56999969482422,39.0,38.150001525878906,36.450782775878906
2008-02-06,1260500,39.599998474121094,39.869998931884766,40.77000045776367,39.31999969482422,37.679359436035156
2008-02-05,1856000,39.40999984741211,38.7400016784668,40.2599983215332,38.7400016784668,36.611454010009766
2008-02-04,1303400,40.77000045776367,40.83000183105469,41.20000076293945,40.0,38.586612701416016
2008-02-01,1634300,41.72999954223633,40.7400016784668,42.290000915527344,40.63999938964844,38.501564025878906
2008-01-31,1334200,40.77000045776367,41.54999923706055,41.959999084472656,40.70000076293945,39.267059326171875
2008-01-30,2497400,42.43000030517578,41.619998931884766,42.619998931884766,41.33000183105469,39.33320617675781
2008-01-29,1771600,42.040000915527344,42.43000030517578,42.65999984741211,41.43000030517578,40.09870147705078
2008-01-28,2449500,41.970001220703125,41.75,42.279998779296875,41.33000183105469,39.45606994628906
2008-01-25,3477300,41.849998474121094,43.0099983215332,43.34000015258789,41.459999084472656,40.64683151245117
2008-01-24,1840100,43.720001220703125,45.16999816894531,45.5,43.720001220703125,42.68815231323242
2008-01-23,2960600,41.41999816894531,43.13999938964844,43.189998626708984,41.029998779296875,40.76969528198242
2008-01-22,2436800,40.56999969482422,44.2599983215332,44.65999984741211,40.439998626708984,41.82815170288086
2008-01-18,3008800,43.849998474121094,45.09000015258789,45.15999984741211,43.52000045776367,42.612552642822266
2008-01-17,1657100,47.27000045776367,45.41999816894531,48.15999984741211,45.099998474121094,42.92441940307617
2008-01-16,2264900,46.83000183105469,46.4900016784668,47.709999084472656,45.529998779296875,43.93563461303711
2008-01-15,1940400,49.470001220703125,47.81999969482422,49.97999954223633,47.41999816894531,45.19255447387695
2008-01-14,1903700,51.310001373291016,50.06999969482422,51.349998474121094,49.72999954223633,47.31892776489258
2008-01-11,2562900,50.83000183105469,49.59000015258789,51.189998626708984,49.0099983215332,46.86530303955078
2008-01-10,3622400,48.70000076293945,50.41999816894531,50.79999923706055,48.400001525878906,47.64968490600586
2008-01-09,2778900,49.220001220703125,49.06999969482422,49.349998474121094,47.38999938964844,46.37387466430664
2008-01-08,2419400,47.56999969482422,47.220001220703125,49.0,46.869998931884766,44.62553024291992
2008-01-07,1300300,45.869998931884766,45.5,46.15999984741211,44.68000030517578,43.00001525878906
2008-01-04,1599000,46.56999969482422,45.65999984741211,46.70000076293945,45.349998474121094,43.15122985839844
2008-01-03,2315300,46.13999938964844,47.0,47.61000061035156,46.08000183105469,44.41761016845703
2008-01-02,2327000,43.88999938964844,45.86000061035156,45.970001220703125,43.470001220703125,43.34024429321289
2007-12-31,683600,43.470001220703125,42.810001373291016,43.599998474121094,42.5099983215332,40.457828521728516
2007-12-28,962600,43.209999084472656,43.849998474121094,43.93000030517578,42.68000030517578,41.44069290161133
2007-12-27,591100,43.380001068115234,42.790000915527344,43.650001525878906,42.61000061035156,40.43893051147461
2007-12-26,965800,42.849998474121094,42.970001220703125,43.150001525878906,42.45000076293945,40.609039306640625
2007-12-24,316700,42.81999969482422,42.619998931884766,42.81999969482422,42.09000015258789,40.27825927734375
2007-12-21,1642500,41.209999084472656,42.16999816894531,42.29999923706055,41.209999084472656,39.85298538208008
2007-12-20,922000,40.869998931884766,40.56999969482422,41.08000183105469,40.0,38.340904235839844
2007-12-19,1151400,40.59000015258789,40.709999084472656,41.369998931884766,40.31999969482422,38.473209381103516
2007-12-18,1142200,41.79999923706055,42.279998779296875,42.33000183105469,41.220001220703125,39.95694351196289
2007-12-17,1371100,42.77000045776367,41.400001525878906,42.880001068115234,41.13999938964844,39.12530517578125
2007-12-14,1008300,42.79999923706055,42.869998931884766,43.790000915527344,42.650001525878906,40.51453399658203
2007-12-13,1018300,43.54999923706055,43.63999938964844,44.31999969482422,43.18000030517578,41.24221420288086
2007-12-12,683800,44.779998779296875,44.060001373291016,45.220001220703125,43.75,41.6391487121582
2007-12-11,1230200,45.36000061035156,43.97999954223633,46.0,43.84000015258789,41.563533782958984
2007-12-10,997500,44.029998779296875,44.790000915527344,45.33000183105469,43.869998931884766,42.329036712646484
2007-12-07,3644100,46.599998474121094,44.02000045776367,46.66999816894531,43.220001220703125,41.601348876953125
2007-12-06,2562600,46.88999938964844,46.40999984741211,46.88999938964844,45.15999984741211,43.860015869140625
2007-12-05,1456900,48.31999969482422,47.70000076293945,48.63999938964844,47.41999816894531,45.07913589477539
2007-12-04,1334700,48.08000183105469,47.68000030517578,48.40999984741211,47.20000076293945,45.06024932861328
2007-12-03,1230600,48.130001068115234,48.38999938964844,48.599998474121094,47.88999938964844,45.73123550415039
2007-11-30,3410600,49.15999984741211,48.77000045776367,49.880001068115234,48.060001373291016,46.09035873413086
2007-11-29,1873200,46.790000915527344,47.02000045776367,47.29999923706055,46.279998779296875,44.43650436401367
2007-11-28,2028300,45.20000076293945,46.099998474121094,46.459999084472656,44.880001068115234,43.567054748535156
2007-11-27,2182200,44.63999938964844,44.66999816894531,45.060001373291016,43.88999938964844,42.21562957763672
2007-11-26,1566200,46.08000183105469,44.040000915527344,46.08000183105469,44.0,41.6202392578125
2007-11-23,1438800,43.810001373291016,45.720001220703125,45.720001220703125,43.810001373291016,43.20793914794922
2007-11-21,1636500,43.75,42.66999816894531,43.79999923706055,42.38999938964844,40.325523376464844
2007-11-20,1356800,43.02000045776367,44.58000183105469,44.689998626708984,42.81999969482422,42.130577087402344
2007-11-19,1566400,43.34000015258789,42.68000030517578,43.540000915527344,42.349998474121094,40.33496856689453
2007-11-16,1372600,44.689998626708984,44.95000076293945,45.0,43.97999954223633,42.48023223876953
2007-11-15,2038800,45.119998931884766,44.29999923706055,46.189998626708984,43.959999084472656,41.865962982177734
2007-11-14,1423500,47.29999923706055,47.11000061035156,47.779998779296875,46.84000015258789,44.52156066894531
2007-11-13,2467700,46.290000915527344,46.15999984741211,46.599998474121094,44.91999816894531,43.6237678527832
2007-11-12,2637300,45.75,44.65999984741211,46.25,44.189998626708984,42.206180572509766
2007-11-09,2351200,46.599998474121094,46.91999816894531,48.22999954223633,46.400001525878906,44.342002868652344
2007-11-08,2482400,46.9900016784668,46.310001373291016,47.369998931884766,45.099998474121094,43.76552200317383
2007-11-07,2190000,46.150001525878906,45.41999816894531,46.720001220703125,45.2400016784668,42.92441940307617
2007-11-06,2806400,45.040000915527344,45.34000015258789,45.349998474121094,44.349998474121094,42.84881591796875
2007-11-05,1383800,42.54999923706055,42.86000061035156,43.02000045776367,42.11000061035156,40.50507736206055
2007-11-02,2525800,43.65999984741211,42.939998626708984,43.7599983215332,42.04999923706055,40.58068084716797
2007-11-01,1906900,45.2599983215332,43.29999923706055,45.2599983215332,43.220001220703125,40.9209098815918
2007-10-31,2922400,45.61000061035156,46.45000076293945,46.68000030517578,45.459999084472656,43.897830963134766
2007-10-30,1241100,45.15999984741211,44.86000061035156,45.369998931884766,44.279998779296875,42.39518737792969
2007-10-29,1281700,46.08000183105469,45.689998626708984,46.40999984741211,45.209999084472656,43.1795768737793
2007-10-26,956300,45.720001220703125,45.7400016784668,45.970001220703125,45.290000915527344,43.22684097290039
2007-10-25,1928400,45.31999969482422,45.380001068115234,46.0,44.400001525878906,42.886619567871094
2007-10-24,1476000,44.400001525878906,44.630001068115234,44.709999084472656,43.65999984741211,42.177825927734375
2007-10-23,1850700,43.93000030517578,44.439998626708984,44.560001373291016,43.29999923706055,41.998260498046875
2007-10-22,1577300,42.79999923706055,42.959999084472656,43.029998779296875,41.9900016784668,40.599578857421875
2007-10-19,1952400,44.369998931884766,43.439998626708984,44.38999938964844,43.279998779296875,41.05321502685547
2007-10-18,1647700,43.7599983215332,44.0,44.09000015258789,43.52000045776367,41.58244705200195
2007-10-17,1537400,44.310001373291016,43.31999969482422,44.70000076293945,43.04999923706055,40.939796447753906
2007-10-16,1923800,44.040000915527344,43.4900016784668,44.040000915527344,43.060001373291016,41.1004638671875
2007-10-15,1891500,45.630001068115234,44.400001525878906,45.65999984741211,44.06999969482422,41.96046829223633
2007-10-12,1182700,45.11000061035156,44.91999816894531,45.150001525878906,44.36000061035156,42.451881408691406
2007-10-11,3846800,44.33000183105469,44.470001220703125,45.58000183105469,43.779998779296875,42.026615142822266
2007-10-10,1434800,44.439998626708984,43.810001373291016,44.5,43.58000183105469,41.40288162231445
2007-10-09,1676200,44.15999984741211,44.209999084472656,44.95000076293945,43.650001525878906,41.78089904785156
2007-10-08,1196700,44.060001373291016,44.11000061035156,44.220001220703125,43.75,41.6863899230957
2007-10-05,2667200,44.43000030517578,44.5,44.720001220703125,44.08000183105469,42.05497360229492
2007-10-04,3760200,43.63999938964844,44.40999984741211,44.59000015258789,43.25,41.969913482666016
2007-10-03,3942400,43.52000045776367,42.869998931884766,43.77000045776367,42.77000045776367,40.51453399658203
2007-10-02,9688700,43.66999816894531,43.31999969482422,44.130001068115234,43.27000045776367,40.939796447753906
2007-10-01,4601500,44.0,44.86000061035156,45.150001525878906,43.08000183105469,42.39518737792969
2007-09-28,1318600,47.84000015258789,46.88999938964844,47.91999816894531,46.56999969482422,44.31365203857422
2007-09-27,1288300,46.61000061035156,46.4900016784668,46.9900016784668,46.060001373291016,43.93563461303711
2007-09-26,1557600,46.77000045776367,45.7400016784668,46.880001068115234,45.56999969482422,43.22684097290039
2007-09-25,1372600,46.779998779296875,46.529998779296875,46.880001068115234,46.040000915527344,43.97343063354492
2007-09-24,983900,46.61000061035156,46.900001525878906,47.439998626708984,46.25,44.32309341430664
2007-09-21,1581100,47.75,46.84000015258789,47.81999969482422,46.619998931884766,44.26639938354492
2007-09-20,1661700,46.970001220703125,47.400001525878906,47.41999816894531,46.70000076293945,44.795631408691406
2007-09-19,1762100,46.720001220703125,46.0,47.0,45.630001068115234,43.4725456237793
2007-09-18,1901900,45.349998474121094,46.5,46.5,44.61000061035156,43.94508743286133
2007-09-17,1257400,44.560001373291016,44.630001068115234,45.15999984741211,44.290000915527344,42.177825927734375
2007-09-14,1384800,44.5,44.15999984741211,45.22999954223633,43.5,41.73365020751953
2007-09-13,1709500,44.560001373291016,44.47999954223633,44.70000076293945,43.81999969482422,42.03606414794922
2007-09-12,2995600,43.06999969482422,43.45000076293945,43.810001373291016,42.91999816894531,41.06266403198242
2007-09-11,1642300,41.7400016784668,41.70000076293945,41.9900016784668,41.27000045776367,39.40882110595703
2007-09-10,1652400,42.16999816894531,41.45000076293945,42.290000915527344,41.04999923706055,39.17255401611328
2007-09-07,2506500,42.459999084472656,41.65999984741211,42.939998626708984,41.310001373291016,39.37101745605469
2007-09-06,2116700,40.38999938964844,41.11000061035156,41.11000061035156,40.18000030517578,38.851234436035156
2007-09-05,1036900,40.5,39.83000183105469,40.5099983215332,39.31999969482422,37.64155960083008
2007-09-04,1474000,39.9900016784668,40.2599983215332,40.61000061035156,39.84000015258789,38.04793167114258
2007-08-31,988000,39.209999084472656,39.029998779296875,39.349998474121094,38.650001525878906,36.8855094909668
2007-08-30,825400,37.810001373291016,37.79999923706055,38.65999984741211,37.54999923706055,35.72309112548828
2007-08-29,569100,37.27000045776367,37.79999923706055,37.79999923706055,37.119998931884766,35.72309112548828
2007-08-28,691900,37.099998474121094,36.59000015258789,37.54999923706055,36.5099983215332,34.5795783996582
2007-08-27,872400,38.25,37.34000015258789,38.25,37.34000015258789,35.28837203979492
2007-08-24,1072600,37.5099983215332,38.029998779296875,38.09000015258789,37.150001525878906,35.940467834472656
2007-08-23,1717200,38.709999084472656,37.52000045776367,38.7400016784668,37.33000183105469,35.45847702026367
2007-08-22,1836900,37.0,37.790000915527344,37.84000015258789,36.75,35.71364974975586
2007-08-21,1448400,36.29999923706055,36.150001525878906,36.400001525878906,35.7599983215332,34.046234130859375
2007-08-20,1515300,36.5,35.9900016784668,36.63999938964844,35.59000015258789,33.89555740356445
2007-08-17,2477900,36.900001525878906,36.11000061035156,37.099998474121094,35.08000183105469,34.00856399536133
2007-08-16,2924300,36.040000915527344,33.79999923706055,36.33000183105469,33.79999923706055,31.832992553710938
2007-08-15,1303700,36.68000030517578,35.86000061035156,37.0099983215332,35.81999969482422,33.77311706542969
2007-08-14,965600,37.29999923706055,36.81999969482422,37.70000076293945,36.79999923706055,34.677242279052734
2007-08-13,1395900,37.869998931884766,37.650001525878906,38.0099983215332,37.25,35.458953857421875
2007-08-10,2605000,36.88999938964844,37.95000076293945,38.08000183105469,36.2599983215332,35.74148178100586
2007-08-09,1635500,37.5,37.45000076293945,38.220001220703125,37.0099983215332,35.27058410644531
2007-08-08,1891300,38.95000076293945,38.470001220703125,39.099998474121094,37.689998626708984,36.231224060058594
2007-08-07,1954900,37.54999923706055,38.689998626708984,38.849998474121094,37.29999923706055,36.43842315673828
2007-08-06,2323000,39.04999923706055,39.119998931884766,39.25,38.43000030517578,36.84339904785156
2007-08-03,1386400,41.22999954223633,39.880001068115234,41.630001068115234,39.880001068115234,37.55916976928711
2007-08-02,950600,41.29999923706055,41.5099983215332,41.849998474121094,41.060001373291016,39.09430694580078
2007-08-01,1461600,41.40999984741211,41.22999954223633,41.83000183105469,40.0,38.830604553222656
2007-07-31,1590100,42.06999969482422,42.15999984741211,43.31999969482422,42.040000915527344,39.706478118896484
2007-07-30,1426500,40.97999954223633,42.4900016784668,42.63999938964844,40.86000061035156,40.01728439331055
2007-07-27,1689300,41.5,41.0099983215332,42.130001068115234,40.619998931884766,38.62339401245117
2007-07-26,2335800,42.5099983215332,42.09000015258789,42.970001220703125,41.65999984741211,39.64055633544922
2007-07-25,1634800,44.52000045776367,43.810001373291016,44.560001373291016,43.0,41.260467529296875
2007-07-24,1205200,44.90999984741211,44.61000061035156,45.41999816894531,44.369998931884766,42.013912200927734
2007-07-23,1079600,45.720001220703125,45.369998931884766,45.779998779296875,45.11000061035156,42.72967529296875
2007-07-20,1983200,45.720001220703125,45.0,45.959999084472656,44.689998626708984,42.38121032714844
2007-07-19,1724400,45.119998931884766,45.16999816894531,45.290000915527344,44.220001220703125,42.54132080078125
2007-07-18,1834700,43.5,44.290000915527344,44.4900016784668,43.2599983215332,41.7125244140625
2007-07-17,706500,43.11000061035156,43.04999923706055,43.279998779296875,42.810001373291016,40.544681549072266
2007-07-16,1227100,43.130001068115234,42.869998931884766,43.220001220703125,42.41999816894531,40.37516403198242
2007-07-13,1146700,43.0099983215332,43.130001068115234,43.38999938964844,42.709999084472656,40.62002944946289
2007-07-12,1921600,41.68000030517578,42.720001220703125,42.900001525878906,41.58000183105469,40.233890533447266
2007-07-11,1051200,41.130001068115234,40.91999816894531,41.33000183105469,40.75,38.538639068603516
2007-07-10,1359100,41.2400016784668,41.119998931884766,41.81999969482422,40.869998931884766,38.727012634277344
2007-07-09,1665100,41.2599983215332,41.33000183105469,41.65999984741211,40.90999984741211,38.924781799316406
2007-07-06,2348200,38.709999084472656,40.880001068115234,41.029998779296875,38.709999084472656,38.5009765625
2007-07-05,1443000,37.95000076293945,38.709999084472656,38.849998474121094,37.849998474121094,36.457252502441406
2007-07-03,831600,38.72999954223633,38.56999969482422,39.08000183105469,38.27000045776367,36.325401306152344
2007-07-02,666700,38.380001068115234,38.70000076293945,38.709999084472656,38.040000915527344,36.44783401489258
2007-06-29,798600,37.83000183105469,37.81999969482422,38.099998474121094,37.63999938964844,35.61905288696289
2007-06-28,1210700,37.529998779296875,37.40999984741211,38.040000915527344,37.33000183105469,35.23291778564453
2007-06-27,1007000,37.20000076293945,38.040000915527344,38.040000915527344,37.099998474121094,35.82624053955078
2007-06-26,1692900,38.040000915527344,37.70000076293945,38.119998931884766,37.27000045776367,35.50603485107422
2007-06-25,965900,38.52000045776367,38.130001068115234,38.7599983215332,38.04999923706055,35.911006927490234
2007-06-22,1147200,39.13999938964844,38.970001220703125,39.34000015258789,38.81999969482422,36.70212936401367
2007-06-21,1139700,39.630001068115234,39.66999816894531,39.790000915527344,39.0,37.361385345458984
2007-06-20,1872900,40.91999816894531,39.779998779296875,40.91999816894531,39.5,37.464996337890625
2007-06-19,949600,40.2400016784668,40.959999084472656,41.04999923706055,40.13999938964844,38.57631301879883
2007-06-18,889000,41.0,40.70000076293945,41.31999969482422,40.61000061035156,38.331443786621094
2007-06-15,1576800,40.66999816894531,40.88999938964844,41.06999969482422,40.38999938964844,38.51039123535156
2007-06-14,1359700,40.380001068115234,40.38999938964844,40.90999984741211,40.220001220703125,38.03948974609375
2007-06-13,1321400,40.029998779296875,40.279998779296875,40.41999816894531,39.90999984741211,37.935890197753906
2007-06-12,880200,40.279998779296875,40.15999984741211,41.119998931884766,39.81999969482422,37.8228759765625
2007-06-11,953100,41.029998779296875,40.93000030517578,41.54999923706055,40.529998779296875,38.548072814941406
2007-06-08,1082000,41.0,40.4900016784668,41.0,39.619998931884766,38.133670806884766
2007-06-07,1075100,41.45000076293945,40.529998779296875,41.959999084472656,40.5,38.17134094238281
2007-06-06,926700,42.22999954223633,42.369998931884766,42.720001220703125,41.869998931884766,39.904258728027344
2007-06-05,790400,42.849998474121094,42.75,43.08000183105469,42.27000045776367,40.26215362548828
2007-06-04,835800,42.79999923706055,43.470001220703125,43.5099983215332,42.599998474121094,40.940250396728516
2007-06-01,1053200,42.119998931884766,43.130001068115234,43.130001068115234,42.02000045776367,40.62002944946289
2007-05-31,1419300,40.849998474121094,41.720001220703125,41.790000915527344,40.79999923706055,39.29208755493164
2007-05-30,1023700,40.5,41.290000915527344,41.34000015258789,40.470001220703125,38.887115478515625
2007-05-29,840700,41.83000183105469,41.38999938964844,41.97999954223633,41.2599983215332,38.981292724609375
2007-05-25,418100,41.970001220703125,42.2599983215332,42.40999984741211,41.849998474121094,39.8006706237793
2007-05-24,1102400,42.75,42.0099983215332,43.099998474121094,41.970001220703125,39.56521224975586
2007-05-23,604600,43.22999954223633,43.029998779296875,43.4900016784668,42.849998474121094,40.52585220336914
2007-05-22,763500,43.380001068115234,42.529998779296875,43.709999084472656,42.40999984741211,40.05494689941406
2007-05-21,796100,42.77000045776367,43.220001220703125,43.61000061035156,42.720001220703125,40.70479202270508
2007-05-18,958900,43.09000015258789,42.77000045776367,43.099998474121094,42.560001373291016,40.28099060058594
2007-05-17,610100,41.97999954223633,42.11000061035156,42.34000015258789,41.880001068115234,39.659393310546875
2007-05-16,1686800,42.36000061035156,42.59000015258789,42.95000076293945,42.13999938964844,40.111454010009766
2007-05-15,1488000,42.41999816894531,42.59000015258789,43.63999938964844,42.29999923706055,40.111454010009766
2007-05-14,1820300,43.29999923706055,42.869998931884766,44.630001068115234,39.61000061035156,40.37516403198242
2007-05-11,823600,42.79999923706055,43.13999938964844,43.380001068115234,42.70000076293945,40.629451751708984
2007-05-10,1539100,43.70000076293945,42.79999923706055,43.959999084472656,42.68000030517578,40.309234619140625
2007-05-09,1369100,43.91999816894531,44.36000061035156,44.790000915527344,43.790000915527344,41.77845001220703
2007-05-08,692500,44.5099983215332,44.060001373291016,44.54999923706055,43.79999923706055,41.49591064453125
2007-05-07,630000,44.79999923706055,44.95000076293945,45.25,44.7599983215332,42.33411407470703
2007-05-04,974800,45.16999816894531,44.20000076293945,45.25,44.029998779296875,41.62776184082031
2007-05-03,1064200,45.15999984741211,44.849998474121094,45.209999084472656,44.349998474121094,42.23994064331055
2007-05-02,877100,44.310001373291016,45.31999969482422,45.41999816894531,44.310001373291016,42.68259048461914
2007-05-01,838600,44.630001068115234,44.36000061035156,44.849998474121094,43.849998474121094,41.77845001220703
2007-04-30,673600,45.150001525878906,44.56999969482422,45.2599983215332,44.5099983215332,41.976234436035156
2007-04-27,416400,45.36000061035156,45.54999923706055,45.81999969482422,45.22999954223633,42.89920425415039
2007-04-26,631000,45.599998474121094,45.36000061035156,45.720001220703125,45.2400016784668,42.720252990722656
2007-04-25,627500,45.83000183105469,46.29999923706055,46.400001525878906,45.61000061035156,43.60555648803711
2007-04-24,910400,46.349998474121094,45.77000045776367,46.52000045776367,45.63999938964844,43.10639953613281
2007-04-23,1072500,47.869998931884766,46.29999923706055,47.9900016784668,46.15999984741211,43.60555648803711
2007-04-20,1167300,47.61000061035156,47.36000061035156,47.970001220703125,47.119998931884766,44.60386657714844
2007-04-19,1369000,47.150001525878906,46.09000015258789,47.40999984741211,45.97999954223633,43.40777587890625
2007-04-18,715100,48.11000061035156,47.7599983215332,48.33000183105469,47.36000061035156,44.98058319091797
2007-04-17,869200,48.66999816894531,47.79999923706055,48.709999084472656,47.63999938964844,45.01826858520508
2007-04-16,1439800,49.349998474121094,48.720001220703125,49.41999816894531,48.63999938964844,45.88471984863281
2007-04-13,1299600,47.619998931884766,48.650001525878906,48.650001525878906,47.279998779296875,45.81879806518555
2007-04-12,577500,46.77000045776367,46.75,46.959999084472656,46.4900016784668,44.02936935424805
2007-04-11,1189000,47.470001220703125,46.709999084472656,47.58000183105469,46.5099983215332,43.99170684814453
2007-04-10,808900,46.380001068115234,46.470001220703125,46.4900016784668,46.11000061035156,43.765655517578125
2007-04-09,364700,46.04999923706055,45.7599983215332,46.369998931884766,45.59000015258789,43.096981048583984
2007-04-05,368200,46.25,46.0,46.459999084472656,45.88999938964844,43.3230094909668
2007-04-04,741600,45.650001525878906,46.2599983215332,46.380001068115234,45.650001525878906,43.5678825378418
2007-04-03,890800,45.400001525878906,45.58000183105469,45.84000015258789,45.189998626708984,42.92745590209961
2007-04-02,1204700,44.959999084472656,45.29999923706055,45.33000183105469,44.7400016784668,42.66374969482422
2007-03-30,1091700,45.2599983215332,44.59000015258789,45.2599983215332,44.54999923706055,41.99506378173828
2007-03-29,905400,44.720001220703125,44.52000045776367,45.15999984741211,44.119998931884766,41.92914581298828
2007-03-28,676500,44.959999084472656,44.650001525878906,45.18000030517578,44.47999954223633,42.05158615112305
2007-03-27,778700,44.959999084472656,44.68000030517578,44.959999084472656,44.470001220703125,42.07982635498047
2007-03-26,946900,45.77000045776367,45.29999923706055,45.88999938964844,44.779998779296875,42.66374969482422
2007-03-23,745100,45.939998626708984,45.529998779296875,46.040000915527344,45.34000015258789,42.88035583496094
2007-03-22,890900,46.25,45.97999954223633,46.2599983215332,45.56999969482422,43.30418014526367
2007-03-21,820000,45.380001068115234,45.93000030517578,45.97999954223633,44.400001525878906,43.257080078125
2007-03-20,746300,45.15999984741211,44.56999969482422,45.15999984741211,44.34000015258789,41.976234436035156
2007-03-19,1106500,44.79999923706055,44.2599983215332,45.0,44.099998474121094,41.68426513671875
2007-03-16,1219600,43.529998779296875,43.880001068115234,44.099998474121094,43.349998474121094,41.32638931274414
2007-03-15,1159700,42.900001525878906,43.40999984741211,43.61000061035156,42.689998626708984,40.88373565673828
2007-03-14,1325600,41.65999984741211,42.279998779296875,42.29999923706055,41.18000030517578,39.81949996948242
2007-03-13,808800,42.939998626708984,41.90999984741211,43.34000015258789,41.90999984741211,39.471038818359375
2007-03-12,746100,42.65999984741211,43.189998626708984,43.33000183105469,42.52000045776367,40.676536560058594
2007-03-09,983200,43.849998474121094,42.560001373291016,43.869998931884766,42.459999084472656,40.08320236206055
2007-03-08,1135300,42.65999984741211,42.599998474121094,42.959999084472656,42.400001525878906,40.12087631225586
2007-03-07,993300,42.02000045776367,42.52000045776367,43.0,42.02000045776367,40.0455322265625
2007-03-06,1030400,42.45000076293945,43.029998779296875,43.099998474121094,42.2400016784668,40.206382751464844
2007-03-05,2036600,41.279998779296875,41.72999954223633,42.2599983215332,41.099998474121094,38.9916877746582
2007-03-02,1115300,43.02000045776367,42.5,43.790000915527344,42.310001373291016,39.71115493774414
2007-03-01,1974300,43.25,43.77000045776367,44.18000030517578,42.40999984741211,40.89781188964844
2007-02-28,1716700,44.099998474121094,44.13999938964844,44.20000076293945,43.22999954223633,41.2435302734375
2007-02-27,2917700,45.099998474121094,43.599998474121094,45.7400016784668,43.0,40.73897171020508
2007-02-26,955900,47.779998779296875,47.630001068115234,47.88999938964844,47.130001068115234,44.50452423095703
2007-02-23,950500,47.65999984741211,47.02000045776367,47.779998779296875,46.83000183105469,43.93455123901367
2007-02-22,1199900,47.779998779296875,47.33000183105469,48.0,47.04999923706055,44.22421646118164
2007-02-21,1454300,46.47999954223633,47.869998931884766,48.459999084472656,46.13999938964844,44.72876739501953
2007-02-20,886100,46.77000045776367,46.47999954223633,46.84000015258789,45.810001373291016,43.42998504638672
2007-02-16,960600,47.310001373291016,47.25,47.529998779296875,47.060001373291016,44.14945983886719
2007-02-15,1120200,47.95000076293945,47.939998626708984,48.0,47.209999084472656,44.79418182373047
2007-02-14,1264100,48.0,47.79999923706055,48.56999969482422,47.56999969482422,44.66336441040039
2007-02-13,983100,48.150001525878906,47.630001068115234,48.22999954223633,47.20000076293945,44.50452423095703
2007-02-12,754900,48.31999969482422,47.72999954223633,48.900001525878906,47.59000015258789,44.597965240478516
2007-02-09,1180700,48.90999984741211,48.310001373291016,49.34000015258789,47.95000076293945,45.1399040222168
2007-02-08,1496500,47.18000030517578,48.790000915527344,48.790000915527344,47.11000061035156,45.588401794433594
2007-02-07,656100,47.150001525878906,47.29999923706055,47.709999084472656,46.939998626708984,44.19617462158203
2007-02-06,855200,47.310001373291016,47.13999938964844,47.349998474121094,46.689998626708984,44.04668045043945
2007-02-05,991800,47.13999938964844,46.83000183105469,47.22999954223633,46.599998474121094,43.75702667236328
2007-02-02,1716600,47.47999954223633,47.16999816894531,47.70000076293945,46.619998931884766,44.074703216552734
2007-02-01,1407600,48.20000076293945,47.470001220703125,48.369998931884766,47.2400016784668,44.35502624511719
2007-01-31,1032000,46.5,47.0,47.58000183105469,46.439998626708984,43.91585922241211
2007-01-30,1224600,45.880001068115234,46.290000915527344,46.4900016784668,45.790000915527344,43.2524528503418
2007-01-29,1063200,46.29999923706055,46.16999816894531,47.15999984741211,46.02000045776367,43.14033508300781
2007-01-26,695400,46.88999938964844,47.5,47.66999816894531,46.599998474121094,44.383052825927734
2007-01-25,1157400,47.93000030517578,47.25,48.45000076293945,47.06999969482422,44.14945983886719
2007-01-24,1062700,47.68000030517578,48.4900016784668,48.630001068115234,46.939998626708984,45.3080940246582
2007-01-23,1235300,46.310001373291016,47.689998626708984,47.689998626708984,45.9900016784668,44.56059265136719
2007-01-22,975600,45.52000045776367,45.279998779296875,45.95000076293945,44.869998931884766,42.30873489379883
2007-01-19,1089600,45.0099983215332,45.209999084472656,45.4900016784668,44.7400016784668,42.243316650390625
2007-01-18,1355900,46.540000915527344,45.189998626708984,46.790000915527344,45.0099983215332,42.22463607788086
2007-01-17,895200,45.06999969482422,45.7400016784668,46.11000061035156,45.06999969482422,42.73854446411133
2007-01-16,1029900,45.400001525878906,45.2400016784668,45.58000183105469,44.59000015258789,42.27134704589844
2007-01-12,863900,44.599998474121094,45.470001220703125,45.52000045776367,44.33000183105469,42.486263275146484
2007-01-11,1228400,44.439998626708984,44.38999938964844,45.13999938964844,44.36000061035156,41.47713088989258
2007-01-10,970400,44.06999969482422,43.81999969482422,44.189998626708984,43.369998931884766,40.94453811645508
2007-01-09,1056700,44.79999923706055,44.45000076293945,44.84000015258789,43.54999923706055,41.533203125
2007-01-08,881800,44.5,44.400001525878906,44.72999954223633,43.4900016784668,41.486480712890625
2007-01-05,1419300,44.38999938964844,44.459999084472656,44.939998626708984,43.75,41.54254150390625
2007-01-04,1110900,45.29999923706055,44.88999938964844,45.459999084472656,44.70000076293945,41.94432067871094
2007-01-03,1113500,47.189998626708984,45.650001525878906,47.65999984741211,45.22999954223633,42.65445327758789
2006-12-29,477400,47.150001525878906,47.09000015258789,47.150001525878906,46.439998626708984,43.99995803833008
2006-12-28,544500,47.52000045776367,47.220001220703125,47.790000915527344,46.91999816894531,44.12142562866211
2006-12-27,675700,47.11000061035156,47.040000915527344,47.220001220703125,46.70000076293945,43.95323944091797
2006-12-26,372100,46.0,45.9900016784668,46.79999923706055,45.63999938964844,42.97214126586914
2006-12-22,477600,46.0,45.77000045776367,46.099998474121094,45.33000183105469,42.766578674316406
2006-12-21,1136400,46.58000183105469,45.5099983215332,46.689998626708984,45.40999984741211,42.52363586425781
2006-12-20,1372400,46.709999084472656,45.52000045776367,46.720001220703125,45.29999923706055,42.53297805786133
2006-12-19,911800,45.16999816894531,46.599998474121094,46.630001068115234,45.04999923706055,43.5421142578125
2006-12-18,1012800,46.34000015258789,45.66999816894531,46.47999954223633,45.52000045776367,42.67314529418945
2006-12-15,2339600,47.400001525878906,46.310001373291016,47.72999954223633,45.349998474121094,43.271148681640625
2006-12-14,969200,46.29999923706055,46.84000015258789,46.95000076293945,46.18000030517578,43.766357421875
2006-12-13,870300,46.02000045776367,46.529998779296875,46.810001373291016,45.79999923706055,43.47669982910156
2006-12-12,782500,45.68000030517578,46.2599983215332,46.599998474121094,45.650001525878906,43.224422454833984
2006-12-11,678300,46.38999938964844,46.810001373291016,47.25,46.349998474121094,43.738338470458984
2006-12-08,1014900,46.9900016784668,46.18000030517578,47.41999816894531,46.0,43.14967346191406
2006-12-07,992700,46.150001525878906,46.66999816894531,47.099998474121094,45.75,43.607521057128906
2006-12-06,932400,46.720001220703125,46.11000061035156,47.400001525878906,46.11000061035156,43.08427047729492
2006-12-05,1348100,47.2400016784668,46.91999816894531,47.560001373291016,46.189998626708984,43.84111404418945
2006-12-04,1078400,47.540000915527344,47.90999984741211,47.95000076293945,46.869998931884766,44.766143798828125
2006-12-01,1021500,48.7599983215332,47.75,48.90999984741211,47.470001220703125,44.61664962768555
2006-11-30,930300,47.63999938964844,48.220001220703125,48.22999954223633,47.459999084472656,45.0557975769043
2006-11-29,891400,47.04999923706055,46.939998626708984,47.349998474121094,46.369998931884766,43.85979461669922
2006-11-28,1155500,46.810001373291016,47.04999923706055,47.04999923706055,46.119998931884766,43.962581634521484
2006-11-27,1037100,47.400001525878906,46.560001373291016,47.400001525878906,46.27000045776367,43.504737854003906
2006-11-24,944300,46.400001525878906,46.650001525878906,47.38999938964844,46.400001525878906,43.588829040527344
2006-11-22,920400,45.5099983215332,45.11000061035156,45.93000030517578,44.619998931884766,42.1498908996582
2006-11-21,1003400,44.369998931884766,44.90999984741211,44.93000030517578,44.119998931884766,41.9630126953125
2006-11-20,1448500,43.709999084472656,43.27000045776367,43.79999923706055,42.900001525878906,40.430633544921875
2006-11-17,1713400,42.209999084472656,42.56999969482422,42.66999816894531,41.400001525878906,39.77656173706055
2006-11-16,1093800,44.5,42.47999954223633,44.619998931884766,42.47999954223633,39.69245529174805
2006-11-15,870900,43.619998931884766,44.38999938964844,44.849998474121094,43.380001068115234,41.47713088989258
2006-11-14,856800,44.599998474121094,43.97999954223633,44.68000030517578,43.33000183105469,41.09403610229492
2006-11-13,701300,43.369998931884766,43.91999816894531,44.02000045776367,43.150001525878906,41.0379753112793
2006-11-10,1212000,44.93000030517578,44.04999923706055,45.0,43.56999969482422,41.15945053100586
2006-11-09,1501300,44.119998931884766,45.11000061035156,45.119998931884766,43.56999969482422,42.1498908996582
2006-11-08,1063700,43.54999923706055,43.2400016784668,44.099998474121094,43.0,40.4025993347168
2006-11-07,577500,43.75,43.130001068115234,43.83000183105469,42.84000015258789,40.299808502197266
2006-11-06,791600,43.20000076293945,43.0099983215332,44.15999984741211,42.97999954223633,40.18767547607422
2006-11-03,872600,43.18000030517578,43.11000061035156,43.7599983215332,42.91999816894531,40.2811279296875
2006-11-02,749600,42.58000183105469,42.52000045776367,43.11000061035156,41.970001220703125,39.729835510253906
2006-11-01,1261000,43.41999816894531,42.58000183105469,43.45000076293945,41.97999954223633,39.78590774536133
2006-10-31,1489200,42.25,42.56999969482422,43.04999923706055,42.119998931884766,39.77656173706055
2006-10-30,1087400,41.970001220703125,41.459999084472656,42.40999984741211,41.439998626708984,38.73939514160156
2006-10-27,926300,42.02000045776367,41.540000915527344,42.56999969482422,41.540000915527344,38.814144134521484
2006-10-26,1224400,42.72999954223633,42.02000045776367,42.72999954223633,41.77000045776367,39.26264572143555
2006-10-25,1365200,41.599998474121094,42.650001525878906,42.689998626708984,41.150001525878906,39.851314544677734
2006-10-24,1724600,40.54999923706055,41.459999084472656,41.72999954223633,40.2400016784668,38.73939514160156
2006-10-23,1480900,39.29999923706055,40.66999816894531,40.75,39.2599983215332,38.00123596191406
2006-10-20,1568300,40.0099983215332,40.18000030517578,40.43000030517578,39.880001068115234,37.54339599609375
2006-10-19,1061800,39.0,39.88999938964844,39.88999938964844,38.810001373291016,37.27242660522461
2006-10-18,781300,39.29999923706055,38.560001373291016,39.470001220703125,38.40999984741211,36.029701232910156
2006-10-17,1032000,38.900001525878906,38.959999084472656,39.04999923706055,38.04999923706055,36.4034538269043
2006-10-16,1417700,39.16999816894531,39.2599983215332,39.349998474121094,38.47999954223633,36.68375778198242
2006-10-13,1134000,39.04999923706055,39.40999984741211,39.650001525878906,38.79999923706055,36.823917388916016
2006-10-12,959900,37.310001373291016,38.47999954223633,38.47999954223633,37.13999938964844,35.954952239990234
2006-10-11,1026000,37.58000183105469,37.29999923706055,38.189998626708984,37.189998626708984,34.85237503051758
2006-10-10,1040200,36.95000076293945,37.400001525878906,37.900001525878906,36.849998474121094,34.94581985473633
2006-10-09,1262000,37.630001068115234,37.0099983215332,37.779998779296875,36.90999984741211,34.581398010253906
2006-10-06,1442900,36.79999923706055,37.27000045776367,37.66999816894531,36.709999084472656,34.8243408203125
2006-10-05,2080100,36.959999084472656,37.36000061035156,37.790000915527344,36.810001373291016,34.90843200683594
2006-10-04,2766500,36.189998626708984,36.59000015258789,36.66999816894531,35.58000183105469,34.188961029052734
2006-10-03,1587500,37.20000076293945,36.189998626708984,37.20000076293945,36.189998626708984,33.815216064453125
2006-10-02,849200,38.13999938964844,38.150001525878906,38.68000030517578,38.06999969482422,35.64659881591797
2006-09-29,1457700,37.849998474121094,37.7400016784668,38.4900016784668,37.599998474121094,35.263511657714844
2006-09-28,1780000,38.599998474121094,38.470001220703125,39.0,38.310001373291016,35.94560623168945
2006-09-27,2252300,39.11000061035156,38.880001068115234,39.25,38.47999954223633,36.32870101928711
2006-09-26,2030100,39.0,39.20000076293945,39.40999984741211,38.68000030517578,36.62770462036133
2006-09-25,2087600,38.189998626708984,38.86000061035156,39.13999938964844,37.099998474121094,36.31001281738281
2006-09-22,1114100,38.95000076293945,38.2400016784668,38.95000076293945,38.119998931884766,35.73070526123047
2006-09-21,1360500,38.599998474121094,38.189998626708984,39.060001373291016,38.150001525878906,35.68397521972656
2006-09-20,1687100,38.75,38.560001373291016,39.43000030517578,38.459999084472656,36.029701232910156
2006-09-19,1679700,39.650001525878906,38.619998931884766,39.970001220703125,38.40999984741211,36.085758209228516
2006-09-18,1283300,39.650001525878906,40.709999084472656,40.779998779296875,39.599998474121094,38.038612365722656
2006-09-15,1864700,39.060001373291016,39.41999816894531,39.84000015258789,38.540000915527344,36.8332633972168
2006-09-14,2150400,40.5,38.939998626708984,40.599998474121094,38.439998626708984,36.38475799560547
2006-09-13,2111400,40.220001220703125,40.5099983215332,41.220001220703125,39.79999923706055,37.85173416137695
2006-09-12,2289700,40.16999816894531,40.540000915527344,41.18000030517578,39.95000076293945,37.87976837158203
2006-09-11,3288900,41.209999084472656,40.400001525878906,41.279998779296875,40.20000076293945,37.74895095825195
2006-09-08,1040400,43.900001525878906,43.68000030517578,44.36000061035156,43.560001373291016,40.813724517822266
2006-09-07,1217200,45.900001525878906,44.900001525878906,46.16999816894531,44.900001525878906,41.95366287231445
2006-09-06,623400,47.5099983215332,46.939998626708984,48.150001525878906,46.86000061035156,43.85979461669922
2006-09-05,818100,47.15999984741211,47.939998626708984,47.95000076293945,47.02000045776367,44.79418182373047
2006-09-01,704100,46.029998779296875,46.45000076293945,47.150001525878906,45.72999954223633,43.40195846557617
2006-08-31,666600,46.41999816894531,46.130001068115234,46.560001373291016,45.52000045776367,43.10296630859375
2006-08-30,926100,46.54999923706055,46.06999969482422,46.70000076293945,45.33000183105469,43.04689025878906
2006-08-29,1242800,45.70000076293945,46.11000061035156,46.16999816894531,45.5,43.08427047729492
2006-08-28,548200,47.0099983215332,46.380001068115234,47.06999969482422,46.380001068115234,43.3365478515625
2006-08-25,648000,47.7400016784668,47.18000030517578,47.81999969482422,47.130001068115234,44.084049224853516
2006-08-24,877400,48.15999984741211,47.33000183105469,48.790000915527344,47.290000915527344,44.22421646118164
2006-08-23,695200,49.25,48.66999816894531,49.70000076293945,48.59000015258789,45.47627639770508
2006-08-22,1182000,49.04999923706055,49.38999938964844,49.47999954223633,48.599998474121094,46.14902877807617
2006-08-21,1051000,48.5099983215332,50.08000183105469,50.2400016784668,48.349998474121094,46.79375457763672
2006-08-18,1478100,48.5099983215332,48.040000915527344,48.650001525878906,46.970001220703125,44.88762664794922
2006-08-17,956400,50.459999084472656,49.29999923706055,50.5099983215332,48.79999923706055,46.06493377685547
2006-08-16,1073900,49.95000076293945,50.16999816894531,50.529998779296875,49.81999969482422,46.877845764160156
2006-08-15,862000,49.45000076293945,48.88999938964844,49.59000015258789,48.7599983215332,45.40704345703125
2006-08-14,925100,49.15999984741211,48.68000030517578,49.90999984741211,48.54999923706055,45.21199417114258
2006-08-11,893300,50.630001068115234,49.15999984741211,51.0,49.15999984741211,45.65781021118164
2006-08-10,906900,50.45000076293945,50.41999816894531,50.88999938964844,49.900001525878906,46.82803726196289
2006-08-09,910900,49.97999954223633,50.63999938964844,50.9900016784668,49.36000061035156,47.03237533569336
2006-08-08,801100,50.29999923706055,49.43000030517578,50.5,49.189998626708984,45.908573150634766
2006-08-07,740500,49.79999923706055,50.4900016784668,50.72999954223633,49.560001373291016,46.893062591552734
2006-08-04,1164400,50.75,49.54999923706055,51.06999969482422,49.540000915527344,46.02002716064453
2006-08-03,959400,50.16999816894531,49.81999969482422,50.61000061035156,49.65999984741211,46.270782470703125
2006-08-02,1381000,50.45000076293945,50.86000061035156,50.9900016784668,49.25,47.23670196533203
2006-08-01,1161700,48.189998626708984,49.939998626708984,50.0,47.79999923706055,46.38223648071289
2006-07-31,830200,48.20000076293945,48.59000015258789,48.880001068115234,47.79999923706055,45.128421783447266
2006-07-28,1318500,47.75,48.36000061035156,48.459999084472656,47.31999969482422,44.91480255126953
2006-07-27,1365300,49.349998474121094,46.79999923706055,49.720001220703125,46.66999816894531,43.465946197509766
2006-07-26,1124000,47.599998474121094,48.75,48.75,47.11000061035156,45.277015686035156
2006-07-25,938400,46.54999923706055,47.86000061035156,47.91999816894531,45.939998626708984,44.45042037963867
2006-07-24,1268400,45.75,47.040000915527344,47.189998626708984,45.099998474121094,43.688838958740234
2006-07-21,1249900,47.97999954223633,45.880001068115234,48.09000015258789,45.880001068115234,42.611473083496094
2006-07-20,1145100,49.54999923706055,47.5,49.65999984741211,47.5,44.11606216430664
2006-07-19,1325900,46.47999954223633,48.88999938964844,49.0,46.380001068115234,45.40704345703125
2006-07-18,1179300,47.22999954223633,46.18000030517578,47.4900016784668,45.599998474121094,42.89010238647461
2006-07-17,871800,46.40999984741211,46.34000015258789,47.38999938964844,46.20000076293945,43.0387077331543
2006-07-14,687100,47.849998474121094,47.58000183105469,48.04999923706055,47.189998626708984,44.19036865234375
2006-07-13,1419700,49.20000076293945,47.25,49.25,47.20000076293945,43.88387680053711
2006-07-12,1333700,50.2599983215332,49.2599983215332,50.59000015258789,48.970001220703125,45.75068283081055
2006-07-11,919600,48.70000076293945,49.61000061035156,49.61000061035156,48.41999816894531,46.07574462890625
2006-07-10,712400,47.95000076293945,48.25,48.65999984741211,47.40999984741211,44.8126335144043
2006-07-07,851900,48.7599983215332,48.099998474121094,48.93000030517578,47.81999969482422,44.6733283996582
2006-07-06,1124200,47.81999969482422,48.77000045776367,49.150001525878906,47.369998931884766,45.29559326171875
2006-07-05,1526900,48.75,47.56999969482422,48.880001068115234,46.91999816894531,44.18108367919922
2006-07-03,802100,49.20000076293945,49.599998474121094,49.599998474121094,48.77000045776367,46.06645965576172
2006-06-30,1592500,48.16999816894531,48.119998931884766,48.470001220703125,47.5,44.69190216064453
2006-06-29,1367900,44.459999084472656,46.79999923706055,47.0,44.25,43.465946197509766
2006-06-28,1284100,44.95000076293945,43.9900016784668,44.95000076293945,43.77000045776367,40.85612487792969
2006-06-27,1445900,45.52000045776367,43.88999938964844,45.689998626708984,43.869998931884766,40.763248443603516
2006-06-26,1326900,44.939998626708984,44.810001373291016,45.18000030517578,44.529998779296875,41.61770248413086
2006-06-23,1207700,42.5,44.04999923706055,44.369998931884766,42.459999084472656,40.91184616088867
2006-06-22,1432000,43.75,43.33000183105469,44.20000076293945,42.58000183105469,40.24314880371094
2006-06-21,1658500,42.25,43.79999923706055,44.08000183105469,42.25,40.67965316772461
2006-06-20,1183600,42.040000915527344,42.720001220703125,43.31999969482422,41.41999816894531,39.676597595214844
2006-06-19,1271900,42.0,41.41999816894531,42.5,41.41999816894531,38.469215393066406
2006-06-16,1573500,41.9900016784668,42.130001068115234,42.5,41.650001525878906,39.128631591796875
2006-06-15,2736900,41.619998931884766,42.16999816894531,42.5,40.939998626708984,39.165771484375
2006-06-14,2015400,40.16999816894531,39.790000915527344,40.79999923706055,38.58000183105469,36.95532989501953
2006-06-13,3825100,37.2400016784668,39.09000015258789,39.75,37.16999816894531,36.30521011352539
2006-06-12,1363400,41.599998474121094,40.029998779296875,42.09000015258789,40.02000045776367,37.17823028564453
2006-06-09,1304300,41.75,41.38999938964844,42.439998626708984,41.06999969482422,38.44134521484375
2006-06-08,2856100,41.54999923706055,41.720001220703125,41.959999084472656,40.220001220703125,38.747840881347656
2006-06-07,1996800,42.45000076293945,43.0099983215332,44.72999954223633,42.45000076293945,39.94593048095703
2006-06-06,2268900,44.90999984741211,43.810001373291016,45.099998474121094,43.70000076293945,40.6889533996582
2006-06-05,1556400,46.9900016784668,46.06999969482422,47.88999938964844,45.91999816894531,42.78793716430664
2006-06-02,923200,46.79999923706055,46.68000030517578,47.060001373291016,46.16999816894531,43.35448455810547
2006-06-01,1603500,44.45000076293945,46.310001373291016,46.40999984741211,44.349998474121094,43.0108528137207
2006-05-31,1117300,46.68000030517578,46.22999954223633,46.95000076293945,45.5,42.9365348815918
2006-05-30,1112600,47.29999923706055,45.880001068115234,47.900001525878906,45.880001068115234,42.611473083496094
2006-05-26,703200,47.099998474121094,47.13999938964844,47.41999816894531,46.18000030517578,43.781715393066406
2006-05-25,1530000,46.290000915527344,47.029998779296875,47.04999923706055,45.349998474121094,43.67955017089844
2006-05-24,3009600,45.349998474121094,45.25,46.33000183105469,44.33000183105469,42.026363372802734
2006-05-23,1888300,47.310001373291016,47.08000183105469,48.2400016784668,46.36000061035156,43.72599411010742
2006-05-22,2586300,46.599998474121094,47.099998474121094,47.15999984741211,44.900001525878906,43.744564056396484
2006-05-19,2121200,47.939998626708984,48.099998474121094,48.45000076293945,46.0099983215332,44.6733283996582
2006-05-18,1594200,49.52000045776367,48.5,49.9900016784668,48.06999969482422,45.04483413696289
2006-05-17,2865600,50.5,48.61000061035156,51.88999938964844,48.47999954223633,45.146995544433594
2006-05-16,1865400,50.689998626708984,49.90999984741211,51.029998779296875,48.310001373291016,46.35437774658203
2006-05-15,2812900,50.58000183105469,50.29999923706055,51.099998474121094,49.810001373291016,46.71659469604492
2006-05-12,2293800,56.20000076293945,54.029998779296875,56.83000183105469,53.400001525878906,50.18086242675781
2006-05-11,2283900,58.220001220703125,56.86000061035156,58.36000061035156,56.380001068115234,52.80924606323242
2006-05-10,1763700,56.4900016784668,57.34000015258789,57.5099983215332,56.220001220703125,53.255062103271484
2006-05-09,1655900,55.150001525878906,56.5,56.5,54.59000015258789,52.47490692138672
2006-05-08,1263100,53.560001373291016,54.130001068115234,54.209999084472656,52.689998626708984,50.273746490478516
2006-05-05,1434600,55.970001220703125,55.02000045776367,56.150001525878906,54.43000030517578,51.10033416748047
2006-05-04,1481500,55.16999816894531,55.97999954223633,56.709999084472656,54.79999923706055,51.991943359375
2006-05-03,2691000,55.130001068115234,55.5,55.720001220703125,53.880001068115234,51.54613494873047
2006-05-02,2038300,54.689998626708984,54.779998779296875,55.25,53.59000015258789,50.87743377685547
2006-05-01,1171000,55.16999816894531,54.52000045776367,55.400001525878906,53.810001373291016,50.635955810546875
2006-04-28,1179100,53.709999084472656,54.68000030517578,54.75,53.709999084472656,50.78456115722656
2006-04-27,1727400,53.20000076293945,52.61000061035156,54.849998474121094,52.45000076293945,48.86202621459961
2006-04-26,1255100,52.95000076293945,53.790000915527344,54.5,52.880001068115234,49.95795822143555
2006-04-25,1058000,53.220001220703125,52.709999084472656,53.72999954223633,52.59000015258789,48.95489501953125
2006-04-24,1247500,52.779998779296875,52.75,53.34000015258789,52.349998474121094,48.992061614990234
2006-04-21,1809000,53.130001068115234,52.90999984741211,53.849998474121094,52.68000030517578,49.140655517578125
2006-04-20,2797100,55.2599983215332,51.97999954223633,55.29999923706055,51.97999954223633,48.27690887451172
2006-04-19,2300200,53.40999984741211,55.2599983215332,55.38999938964844,53.15999984741211,51.323238372802734
2006-04-18,1744600,53.25,53.099998474121094,53.25,52.33000183105469,49.31711959838867
2006-04-17,1790700,51.349998474121094,52.83000183105469,52.83000183105469,51.349998474121094,49.06634521484375
2006-04-13,1057600,50.25,50.689998626708984,50.689998626708984,49.75,47.07880783081055
2006-04-12,1966600,50.150001525878906,50.68000030517578,50.880001068115234,50.0,47.06952667236328
2006-04-11,7124100,51.66999816894531,49.70000076293945,51.9900016784668,49.5099983215332,46.15933609008789
2006-04-10,3580900,53.099998474121094,51.34000015258789,53.22999954223633,51.11000061035156,47.6825065612793
2006-04-07,2018400,52.7599983215332,52.83000183105469,53.70000076293945,52.75,49.06634521484375
2006-04-06,1232800,54.13999938964844,54.380001068115234,54.380001068115234,53.099998474121094,50.505924224853516
2006-04-05,1031700,54.34000015258789,54.40999984741211,54.5,53.279998779296875,50.53379821777344
2006-04-04,873600,53.91999816894531,54.290000915527344,54.5,53.38999938964844,50.4223518371582
2006-04-03,1011400,54.66999816894531,53.91999816894531,55.400001525878906,53.90999984741211,50.078697204589844
2006-03-31,1472500,53.400001525878906,54.119998931884766,54.29999923706055,52.70000076293945,50.26445388793945
2006-03-30,2259500,53.75,53.380001068115234,54.15999984741211,52.349998474121094,49.57716751098633
2006-03-29,1173300,50.79999923706055,52.279998779296875,52.5,50.77000045776367,48.5555305480957
2006-03-28,1747800,52.70000076293945,51.20000076293945,52.97999954223633,51.08000183105469,47.55247116088867
2006-03-27,2144100,51.099998474121094,53.290000915527344,53.77000045776367,51.099998474121094,49.49358367919922
2006-03-24,1818000,48.130001068115234,50.900001525878906,51.90999984741211,47.77000045776367,47.27384567260742
2006-03-23,1734100,48.20000076293945,48.43000030517578,49.0,48.099998474121094,44.97981643676758
2006-03-22,750100,48.0,48.33000183105469,48.95000076293945,47.939998626708984,44.88693618774414
2006-03-21,915000,49.099998474121094,48.7599983215332,50.25,48.5099983215332,45.28629684448242
2006-03-20,680700,50.16999816894531,49.599998474121094,50.34000015258789,49.2400016784668,46.06645965576172
2006-03-17,550500,50.400001525878906,50.15999984741211,50.540000915527344,49.65999984741211,46.58657455444336
2006-03-16,1024900,51.0,50.29999923706055,51.060001373291016,49.619998931884766,46.71659469604492
2006-03-15,1078700,50.58000183105469,51.099998474121094,51.119998931884766,49.810001373291016,47.459598541259766
2006-03-14,887100,49.09000015258789,49.59000015258789,50.13999938964844,48.93000030517578,46.05717468261719
2006-03-13,847500,49.0,48.529998779296875,49.439998626708984,48.31999969482422,45.07268142700195
2006-03-10,1608000,47.0,48.619998931884766,48.88999938964844,46.5099983215332,45.15627670288086
2006-03-09,1328000,49.2599983215332,47.83000183105469,49.779998779296875,47.83000183105469,44.42255783081055
2006-03-08,1864100,48.41999816894531,49.0099983215332,49.70000076293945,47.810001373291016,45.51849365234375
2006-03-07,1245000,49.720001220703125,49.52000045776367,50.099998474121094,48.38999938964844,45.992156982421875
2006-03-06,1608500,50.599998474121094,49.709999084472656,50.93000030517578,48.810001373291016,46.16862487792969
2006-03-03,1122900,51.90999984741211,51.65999984741211,52.22999954223633,51.540000915527344,47.979698181152344
2006-03-02,1609100,51.16999816894531,53.25,53.70000076293945,50.93000030517578,49.45643615722656
2006-03-01,1180600,51.849998474121094,51.369998931884766,51.90999984741211,51.150001525878906,47.71036911010742
2006-02-28,2118000,52.79999923706055,50.91999816894531,52.939998626708984,50.400001525878906,47.19917297363281
2006-02-27,857800,54.130001068115234,52.91999816894531,54.130001068115234,52.790000915527344,49.05303192138672
2006-02-24,1018600,53.5,54.119998931884766,54.349998474121094,52.790000915527344,50.16534423828125
2006-02-23,1292500,54.95000076293945,53.22999954223633,55.04999923706055,53.150001525878906,49.34038162231445
2006-02-22,943600,54.59000015258789,54.90999984741211,54.95000076293945,54.099998474121094,50.89761734008789
2006-02-21,1923900,53.060001373291016,54.5,54.95000076293945,53.060001373291016,50.51757049560547
2006-02-17,3341600,55.29999923706055,54.119998931884766,55.63999938964844,53.5,50.16534423828125
2006-02-16,1668800,54.0099983215332,55.119998931884766,56.150001525878906,53.779998779296875,51.09226608276367
2006-02-15,1790100,55.599998474121094,54.470001220703125,57.22999954223633,54.209999084472656,50.48976516723633
2006-02-14,1438000,56.36000061035156,56.59000015258789,57.11000061035156,56.099998474121094,52.45486068725586
2006-02-13,1122900,57.90999984741211,56.790000915527344,57.939998626708984,56.2400016784668,52.64024353027344
2006-02-10,2482400,60.779998779296875,58.45000076293945,60.81999969482422,57.900001525878906,54.17893981933594
2006-02-09,1872500,60.31999969482422,59.779998779296875,60.400001525878906,59.540000915527344,55.41176223754883
2006-02-08,1490800,57.150001525878906,57.400001525878906,58.16999816894531,56.220001220703125,53.20566177368164
2006-02-07,2260700,59.529998779296875,56.41999816894531,59.529998779296875,56.130001068115234,52.29727554321289
2006-02-06,1209200,60.0,61.08000183105469,61.130001068115234,59.93000030517578,56.61676788330078
2006-02-03,1453100,59.79999923706055,59.27000045776367,60.06999969482422,58.290000915527344,54.93901824951172
2006-02-02,1697600,61.91999816894531,60.650001525878906,62.20000076293945,60.38999938964844,56.21818542480469
2006-02-01,1266500,61.5,61.060001373291016,62.099998474121094,59.70000076293945,56.598228454589844
2006-01-31,1280300,60.5099983215332,61.18000030517578,61.5,60.4900016784668,56.7094612121582
2006-01-30,1267100,59.900001525878906,60.060001373291016,60.2400016784668,59.0099983215332,55.671295166015625
2006-01-27,1091300,60.5,59.849998474121094,60.849998474121094,59.34000015258789,55.47663497924805
2006-01-26,973600,57.33000183105469,59.369998931884766,59.369998931884766,57.2599983215332,55.03171157836914
2006-01-25,1169600,57.68000030517578,57.900001525878906,58.130001068115234,56.95000076293945,53.669132232666016
2006-01-24,1171200,56.5,56.279998779296875,56.849998474121094,55.25,52.16750717163086
2006-01-23,1568500,56.13999938964844,56.97999954223633,57.29999923706055,55.7599983215332,52.81636047363281
2006-01-20,1499400,56.650001525878906,55.630001068115234,56.95000076293945,55.02000045776367,51.56501388549805
2006-01-19,1112000,55.95000076293945,55.97999954223633,56.20000076293945,55.11000061035156,51.88941955566406
2006-01-18,1197500,54.560001373291016,54.189998626708984,55.209999084472656,53.88999938964844,50.230224609375
2006-01-17,1176200,54.959999084472656,55.310001373291016,56.18000030517578,54.709999084472656,51.268394470214844
2006-01-13,1624400,53.529998779296875,55.41999816894531,55.540000915527344,53.5,51.3703498840332
2006-01-12,740000,53.400001525878906,53.0099983215332,54.04999923706055,52.720001220703125,49.13645935058594
2006-01-11,831800,53.599998474121094,53.56999969482422,53.849998474121094,52.9900016784668,49.65553665161133
2006-01-10,736900,53.0,53.400001525878906,53.86000061035156,52.720001220703125,49.49795913696289
2006-01-09,1072000,53.779998779296875,53.650001525878906,54.470001220703125,53.400001525878906,49.72969436645508
2006-01-06,1700700,52.650001525878906,54.349998474121094,54.72999954223633,52.22999954223633,50.3785400390625
2006-01-05,1336100,51.5099983215332,51.290000915527344,51.58000183105469,50.880001068115234,47.54214096069336
2006-01-04,1297600,51.13999938964844,52.40999984741211,52.529998779296875,51.06999969482422,48.580299377441406
2006-01-03,1439200,50.0,52.349998474121094,52.52000045776367,50.0,48.52468490600586
2005-12-30,458900,49.75,49.33000183105469,49.75,49.16999816894531,45.72536087036133
2005-12-29,716700,49.0,49.849998474121094,49.880001068115234,48.630001068115234,46.207366943359375
2005-12-28,514600,48.29999923706055,48.79999923706055,48.83000183105469,47.900001525878906,45.234092712402344
2005-12-27,396000,48.79999923706055,47.59000015258789,48.849998474121094,47.52000045776367,44.112510681152344
2005-12-23,328900,47.83000183105469,48.0099983215332,48.93000030517578,47.83000183105469,44.5018196105957
2005-12-22,809000,48.209999084472656,48.45000076293945,49.38999938964844,47.58000183105469,44.9096565246582
2005-12-21,712000,45.90999984741211,47.439998626708984,47.470001220703125,45.689998626708984,43.97346115112305
2005-12-20,529700,46.849998474121094,45.790000915527344,47.09000015258789,45.22999954223633,42.44403839111328
2005-12-19,1046100,48.25,46.619998931884766,48.310001373291016,46.380001068115234,43.213382720947266
2005-12-16,822700,46.66999816894531,47.43000030517578,47.650001525878906,46.63999938964844,43.96419143676758
2005-12-15,743500,46.310001373291016,46.66999816894531,46.709999084472656,46.06999969482422,43.25972366333008
2005-12-14,852800,46.18000030517578,45.869998931884766,46.86000061035156,45.43000030517578,42.518192291259766
2005-12-13,1395800,46.79999923706055,46.900001525878906,47.58000183105469,46.400001525878906,43.47292709350586
2005-12-12,2066700,48.11000061035156,46.93000030517578,48.63999938964844,46.70000076293945,43.500728607177734
2005-12-09,1923800,47.790000915527344,46.70000076293945,47.79999923706055,45.720001220703125,43.28754425048828
2005-12-08,1523600,46.45000076293945,47.150001525878906,47.650001525878906,45.95000076293945,43.70466613769531
2005-12-07,1521400,45.29999923706055,45.97999954223633,46.130001068115234,45.27000045776367,42.620155334472656
2005-12-06,1324100,43.0099983215332,44.810001373291016,45.220001220703125,42.849998474121094,41.53564453125
2005-12-05,621000,43.349998474121094,43.33000183105469,43.849998474121094,42.79999923706055,40.163795471191406
2005-12-02,1274000,43.75,43.63999938964844,44.08000183105469,43.310001373291016,40.451141357421875
2005-12-01,860400,42.68000030517578,43.4900016784668,43.68000030517578,42.630001068115234,40.31209945678711
2005-11-30,807700,42.95000076293945,42.11000061035156,43.04999923706055,42.0,39.032936096191406
2005-11-29,935500,43.099998474121094,43.36000061035156,43.650001525878906,42.88999938964844,40.19160079956055
2005-11-28,676200,43.77000045776367,43.52000045776367,44.06999969482422,42.77000045776367,40.33991622924805
2005-11-25,251500,43.84000015258789,43.95000076293945,44.04999923706055,43.70000076293945,40.73847961425781
2005-11-23,712100,43.90999984741211,43.0,43.90999984741211,42.81999969482422,39.85790252685547
2005-11-22,845900,44.36000061035156,44.459999084472656,44.709999084472656,43.13999938964844,41.21122741699219
2005-11-21,672900,43.970001220703125,44.349998474121094,44.349998474121094,43.2599983215332,41.10926055908203
2005-11-18,644000,43.619998931884766,43.2599983215332,43.70000076293945,42.75,40.098899841308594
2005-11-17,1485100,43.5,43.59000015258789,43.95000076293945,42.9900016784668,40.404788970947266
2005-11-16,1078400,41.939998626708984,43.189998626708984,43.189998626708984,41.880001068115234,40.034019470214844
2005-11-15,529000,41.779998779296875,41.0,41.9900016784668,41.0,38.004051208496094
2005-11-14,562800,41.79999923706055,41.779998779296875,42.54999923706055,41.34000015258789,38.727054595947266
2005-11-11,726300,40.91999816894531,41.81999969482422,41.86000061035156,40.439998626708984,38.76412582397461
2005-11-10,830700,41.0,40.40999984741211,41.16999816894531,40.25,37.45716094970703
2005-11-09,884300,39.25,40.880001068115234,40.880001068115234,39.20000076293945,37.892818450927734
2005-11-08,681800,38.849998474121094,39.02000045776367,39.41999816894531,38.68000030517578,36.168731689453125
2005-11-07,542500,38.83000183105469,39.16999816894531,39.45000076293945,38.65999984741211,36.30776596069336
2005-11-04,583000,39.68000030517578,39.220001220703125,39.70000076293945,38.63999938964844,36.354122161865234
2005-11-03,502400,40.02000045776367,39.43000030517578,40.72999954223633,39.279998779296875,36.548770904541016
2005-11-02,539900,39.5,40.2599983215332,40.40999984741211,39.11000061035156,37.318119049072266
2005-11-01,743500,39.29999923706055,39.4900016784668,39.810001373291016,38.79999923706055,36.60439682006836
2005-10-31,1006400,39.540000915527344,39.099998474121094,40.27000045776367,38.75,36.24287414550781
2005-10-28,1146000,39.70000076293945,39.970001220703125,39.970001220703125,39.040000915527344,37.04932403564453
2005-10-27,1109000,41.900001525878906,40.54999923706055,42.09000015258789,40.38999938964844,37.58692932128906
2005-10-26,1283900,42.5,41.2599983215332,42.91999816894531,41.2599983215332,38.24505615234375
2005-10-25,987300,42.45000076293945,42.22999954223633,43.20000076293945,42.209999084472656,39.1441764831543
2005-10-24,838400,41.08000183105469,41.869998931884766,42.22999954223633,40.95000076293945,38.81047439575195
2005-10-21,859600,40.290000915527344,41.11000061035156,41.310001373291016,40.040000915527344,38.106014251708984
2005-10-20,904600,41.0,40.060001373291016,41.5,39.630001068115234,37.13273239135742
2005-10-19,924100,40.79999923706055,41.08000183105469,41.52000045776367,40.599998474121094,38.078208923339844
2005-10-18,597500,42.47999954223633,41.75,42.779998779296875,41.75,38.699249267578125
2005-10-17,631400,41.95000076293945,42.72999954223633,42.91999816894531,41.95000076293945,39.60763931274414
2005-10-14,795500,40.40999984741211,41.45000076293945,41.59000015258789,40.220001220703125,38.42116928100586
2005-10-13,744300,40.83000183105469,41.650001525878906,41.650001525878906,40.529998779296875,38.6065559387207
2005-10-12,1133000,43.72999954223633,42.0099983215332,44.15999984741211,41.900001525878906,38.940242767333984
2005-10-11,692000,44.40999984741211,43.97999954223633,44.45000076293945,43.599998474121094,40.76628875732422
2005-10-10,1024800,43.54999923706055,43.779998779296875,43.9900016784668,43.439998626708984,40.58091354370117
2005-10-07,1043300,41.599998474121094,42.959999084472656,43.0,41.54999923706055,39.820831298828125
2005-10-06,1026200,40.9900016784668,41.709999084472656,42.22999954223633,40.9900016784668,38.662174224853516
2005-10-05,1071800,41.400001525878906,40.529998779296875,41.45000076293945,40.529998779296875,37.56839370727539
2005-10-04,675400,42.20000076293945,41.61000061035156,42.310001373291016,41.52000045776367,38.569480895996094
2005-10-03,737000,42.04999923706055,42.0,42.189998626708984,41.56999969482422,38.930973052978516
2005-09-30,718500,43.33000183105469,42.439998626708984,43.630001068115234,42.38999938964844,39.33882141113281
2005-09-29,915800,42.83000183105469,43.2599983215332,43.70000076293945,42.599998474121094,40.098899841308594
2005-09-28,1098600,42.209999084472656,42.54999923706055,42.63999938964844,41.43000030517578,39.44078826904297
2005-09-27,1305100,42.97999954223633,42.20000076293945,43.279998779296875,41.65999984741211,39.116371154785156
2005-09-26,1858700,42.29999923706055,43.5,44.029998779296875,41.18000030517578,40.321372985839844
2005-09-23,870900,42.849998474121094,42.619998931884766,43.0,42.2400016784668,39.50566864013672
2005-09-22,1690600,43.650001525878906,43.93000030517578,44.130001068115234,42.65999984741211,40.719947814941406
2005-09-21,1040800,42.310001373291016,43.369998931884766,43.599998474121094,42.220001220703125,40.20087432861328
2005-09-20,1116500,43.150001525878906,41.709999084472656,43.4900016784668,41.70000076293945,38.662174224853516
2005-09-19,2090000,42.650001525878906,43.29999923706055,44.0,42.650001525878906,40.135986328125
2005-09-16,2387900,42.40999984741211,42.2400016784668,42.5,41.65999984741211,39.1534423828125
2005-09-15,1154200,40.40999984741211,40.4900016784668,40.68000030517578,39.900001525878906,37.53131866455078
2005-09-14,1223200,39.29999923706055,39.900001525878906,39.900001525878906,39.150001525878906,36.98443603515625
2005-09-13,566100,38.70000076293945,38.689998626708984,39.0,38.22999954223633,35.86283493041992
2005-09-12,664000,38.790000915527344,39.060001373291016,39.220001220703125,38.38999938964844,36.20580291748047
2005-09-09,1010800,37.529998779296875,38.779998779296875,38.900001525878906,37.36000061035156,35.94626998901367
2005-09-08,574900,36.59000015258789,37.08000183105469,37.099998474121094,36.52000045776367,34.3704948425293
2005-09-07,298900,36.25,36.349998474121094,36.47999954223633,36.11000061035156,33.69383239746094
2005-09-06,402500,36.63999938964844,36.5099983215332,36.650001525878906,36.18000030517578,33.84214401245117
2005-09-02,576700,36.560001373291016,36.63999938964844,36.95000076293945,36.40999984741211,33.9626350402832
2005-09-01,699800,35.880001068115234,36.310001373291016,36.5099983215332,35.75,33.656761169433594
2005-08-31,907600,34.869998931884766,35.4900016784668,35.619998931884766,34.77000045776367,32.89667510986328
2005-08-30,797900,34.58000183105469,35.20000076293945,35.40999984741211,34.58000183105469,32.62787628173828
2005-08-29,422700,35.970001220703125,35.45000076293945,35.970001220703125,35.400001525878906,32.859588623046875
2005-08-26,572200,35.310001373291016,35.34000015258789,35.54999923706055,35.0099983215332,32.757633209228516
2005-08-25,603900,35.279998779296875,35.439998626708984,35.66999816894531,35.11000061035156,32.85033416748047
2005-08-24,923000,35.720001220703125,35.279998779296875,35.72999954223633,35.0,32.7020149230957
2005-08-23,540400,35.849998474121094,35.619998931884766,35.849998474121094,35.58000183105469,33.017181396484375
2005-08-22,477100,36.0,35.619998931884766,36.0,35.599998474121094,33.017181396484375
2005-08-19,523100,35.88999938964844,35.54999923706055,35.88999938964844,35.290000915527344,32.9522819519043
2005-08-18,488400,35.869998931884766,35.52000045776367,35.88999938964844,35.400001525878906,32.92449188232422
2005-08-17,1046700,36.38999938964844,35.869998931884766,36.779998779296875,35.7400016784668,33.24890899658203
2005-08-16,559000,36.400001525878906,36.650001525878906,36.83000183105469,36.349998474121094,33.73184585571289
2005-08-15,729800,36.310001373291016,36.22999954223633,36.540000915527344,36.0,33.34527587890625
2005-08-12,765100,36.06999969482422,36.060001373291016,36.41999816894531,35.52000045776367,33.18882369995117
2005-08-11,1677200,34.63999938964844,35.91999816894531,36.08000183105469,34.54999923706055,33.059967041015625
2005-08-10,834000,34.54999923706055,34.459999084472656,34.70000076293945,34.439998626708984,31.716203689575195
2005-08-09,488100,34.439998626708984,34.4900016784668,34.619998931884766,34.11000061035156,31.743825912475586
2005-08-08,665000,34.54999923706055,34.439998626708984,34.900001525878906,34.119998931884766,31.697805404663086
2005-08-05,1008800,35.0,34.95000076293945,35.20000076293945,34.810001373291016,32.16720199584961
2005-08-04,897800,35.810001373291016,35.65999984741211,36.2400016784668,35.540000915527344,32.82067108154297
2005-08-03,1283800,34.900001525878906,35.810001373291016,36.2599983215332,34.900001525878906,32.95873260498047
2005-08-02,404500,34.29999923706055,34.70000076293945,34.93000030517578,34.29999923706055,31.937103271484375
2005-08-01,329700,34.79999923706055,34.459999084472656,34.849998474121094,34.349998474121094,31.716203689575195
2005-07-29,518300,34.70000076293945,34.380001068115234,34.900001525878906,34.2599983215332,31.642581939697266
2005-07-28,623100,34.45000076293945,34.54999923706055,34.70000076293945,34.290000915527344,31.799041748046875
2005-07-27,722900,34.52000045776367,34.34000015258789,34.65999984741211,34.09000015258789,31.605764389038086
2005-07-26,412900,34.95000076293945,34.790000915527344,35.04999923706055,34.650001525878906,32.01994323730469
2005-07-25,286700,35.95000076293945,35.529998779296875,35.9900016784668,35.45000076293945,32.701019287109375
2005-07-22,570300,36.0099983215332,35.9900016784668,36.2599983215332,35.849998474121094,33.124393463134766
2005-07-21,1163300,35.45000076293945,35.9900016784668,36.13999938964844,35.279998779296875,33.124393463134766
2005-07-20,576900,35.70000076293945,35.630001068115234,35.869998931884766,35.41999816894531,32.79304885864258
2005-07-19,520200,35.099998474121094,35.56999969482422,35.66999816894531,34.849998474121094,32.73782730102539
2005-07-18,401600,35.689998626708984,35.529998779296875,35.810001373291016,35.36000061035156,32.701019287109375
2005-07-15,760000,35.849998474121094,35.689998626708984,36.150001525878906,35.470001220703125,32.8482666015625
2005-07-14,521700,36.58000183105469,36.040000915527344,36.869998931884766,35.97999954223633,33.170406341552734
2005-07-13,256900,36.47999954223633,36.66999816894531,36.70000076293945,36.439998626708984,33.750247955322266
2005-07-12,464200,36.72999954223633,36.560001373291016,36.939998626708984,36.060001373291016,33.649009704589844
2005-07-11,487200,35.709999084472656,36.279998779296875,36.36000061035156,35.59000015258789,33.391300201416016
2005-07-08,344600,35.349998474121094,35.47999954223633,35.70000076293945,35.27000045776367,32.654998779296875
2005-07-07,778400,36.310001373291016,35.5099983215332,36.47999954223633,35.150001525878906,32.68259811401367
2005-07-06,462500,35.61000061035156,35.66999816894531,36.22999954223633,35.61000061035156,32.829872131347656
2005-07-05,424000,35.709999084472656,35.54999923706055,35.83000183105469,35.45000076293945,32.71941375732422
2005-07-01,617800,35.599998474121094,36.09000015258789,36.41999816894531,34.900001525878906,33.21642303466797
2005-06-30,626900,36.47999954223633,35.72999954223633,36.529998779296875,35.5099983215332,32.885093688964844
2005-06-29,650600,35.150001525878906,36.52000045776367,36.599998474121094,35.150001525878906,33.612186431884766
2005-06-28,475800,35.650001525878906,35.15999984741211,35.66999816894531,34.939998626708984,32.360477447509766
2005-06-27,599900,35.209999084472656,35.63999938964844,35.86000061035156,35.15999984741211,32.802249908447266
2005-06-24,602800,35.04999923706055,35.56999969482422,35.63999938964844,34.95000076293945,32.73782730102539
2005-06-23,662700,34.29999923706055,34.70000076293945,35.189998626708984,34.29999923706055,31.937103271484375
2005-06-22,849900,34.040000915527344,34.189998626708984,34.2599983215332,33.689998626708984,31.46770477294922
2005-06-21,723700,34.5,34.72999954223633,35.09000015258789,34.29999923706055,31.9647159576416
2005-06-20,666000,35.83000183105469,35.0,35.83000183105469,34.900001525878906,32.21321487426758
2005-06-17,701000,35.97999954223633,35.83000183105469,36.0,35.41999816894531,32.977134704589844
2005-06-16,587800,35.5,35.79999923706055,36.02000045776367,35.25,32.94951248168945
2005-06-15,619600,34.45000076293945,34.79999923706055,34.95000076293945,34.119998931884766,32.02914047241211
2005-06-14,555200,34.70000076293945,34.29999923706055,34.81999969482422,34.08000183105469,31.568952560424805
2005-06-13,570800,34.75,35.0,35.08000183105469,34.41999816894531,32.21321487426758
2005-06-10,705600,33.189998626708984,34.650001525878906,34.88999938964844,32.970001220703125,31.891082763671875
2005-06-09,356100,32.90999984741211,33.369998931884766,33.47999954223633,32.63999938964844,30.71300506591797
2005-06-08,597600,33.599998474121094,33.08000183105469,33.720001220703125,32.900001525878906,30.446094512939453
2005-06-07,624400,34.279998779296875,33.630001068115234,34.34000015258789,33.630001068115234,30.95229721069336
2005-06-06,670400,34.650001525878906,33.93000030517578,34.79999923706055,33.93000030517578,31.22840690612793
2005-06-03,678500,34.349998474121094,34.43000030517578,35.220001220703125,34.34000015258789,31.6886043548584
2005-06-02,985600,35.06999969482422,34.2599983215332,35.619998931884766,34.11000061035156,31.532148361206055
2005-06-01,947000,34.45000076293945,34.7400016784668,34.93000030517578,34.310001373291016,31.973915100097656
2005-05-31,1125500,33.400001525878906,34.34000015258789,34.38999938964844,33.15999984741211,31.605764389038086
2005-05-27,794600,32.5099983215332,33.79999923706055,33.849998474121094,32.5099983215332,31.108766555786133
2005-05-26,402600,32.83000183105469,32.43000030517578,32.9900016784668,32.43000030517578,29.847841262817383
2005-05-25,918600,32.38999938964844,32.83000183105469,32.83000183105469,32.099998474121094,30.21599578857422
2005-05-24,730200,31.920000076293945,32.04999923706055,32.119998931884766,31.6299991607666,29.498104095458984
2005-05-23,619000,31.850000381469727,31.959999084472656,32.150001525878906,31.700000762939453,29.415266036987305
2005-05-20,328200,31.850000381469727,31.850000381469727,31.899999618530273,31.510000228881836,29.314023971557617
2005-05-19,642100,32.400001525878906,32.11000061035156,32.400001525878906,31.850000381469727,29.55332374572754
2005-05-18,731300,32.9900016784668,32.79999923706055,32.9900016784668,32.40999984741211,30.18839454650879
2005-05-17,531800,31.389999389648438,32.20000076293945,32.34000015258789,31.3799991607666,29.636157989501953
2005-05-16,512600,30.950000762939453,31.170000076293945,31.25,30.829999923706055,28.688169479370117
2005-05-13,647500,30.59000015258789,31.0,31.190000534057617,30.510000228881836,28.531707763671875
2005-05-12,831900,31.600000381469727,30.610000610351562,31.809999465942383,30.5,28.172760009765625
2005-05-11,376500,31.700000762939453,31.59000015258789,31.850000381469727,31.510000228881836,29.07472801208496
2005-05-10,517500,32.47999954223633,31.700000762939453,32.65999984741211,31.600000381469727,29.17597198486328
2005-05-09,439000,32.04999923706055,32.29999923706055,32.540000915527344,32.0,29.728195190429688
2005-05-06,750400,32.0099983215332,32.70000076293945,32.70000076293945,31.760000228881836,30.096351623535156
2005-05-05,321900,33.04999923706055,33.0099983215332,33.290000915527344,32.79999923706055,30.38166046142578
2005-05-04,622600,32.650001525878906,32.93000030517578,33.11000061035156,32.54999923706055,30.308029174804688
2005-05-03,421800,31.920000076293945,32.540000915527344,32.77000045776367,31.899999618530273,29.949085235595703
2005-05-02,474000,31.780000686645508,31.920000076293945,31.979999542236328,31.399999618530273,29.378454208374023
2005-04-29,729200,31.450000762939453,31.780000686645508,32.720001220703125,31.450000762939453,29.249597549438477
2005-04-28,835500,32.11000061035156,31.510000228881836,32.11000061035156,31.3799991607666,29.001096725463867
2005-04-27,1136000,33.11000061035156,32.150001525878906,33.130001068115234,31.989999771118164,29.59014129638672
2005-04-26,443500,34.099998474121094,33.459999084472656,34.20000076293945,33.400001525878906,30.79582977294922
2005-04-25,711800,33.22999954223633,33.59000015258789,33.599998474121094,33.040000915527344,30.915485382080078
2005-04-22,580500,34.220001220703125,33.709999084472656,34.29999923706055,33.63999938964844,31.025922775268555
2005-04-21,661000,34.900001525878906,34.11000061035156,35.11000061035156,33.880001068115234,31.394079208374023
2005-04-20,593000,34.880001068115234,34.9900016784668,35.47999954223633,34.68000030517578,32.20402145385742
2005-04-19,778600,34.040000915527344,34.97999954223633,35.06999969482422,33.939998626708984,32.19480895996094
2005-04-18,668700,33.619998931884766,33.630001068115234,34.0,33.349998474121094,30.95229721069336
2005-04-15,757100,33.599998474121094,33.470001220703125,34.2400016784668,33.43000030517578,30.805038452148438
2005-04-14,903200,33.79999923706055,33.54999923706055,34.400001525878906,33.380001068115234,30.87866973876953
2005-04-13,546900,34.79999923706055,34.349998474121094,35.04999923706055,34.290000915527344,31.614971160888672
2005-04-12,422000,34.79999923706055,34.869998931884766,34.93000030517578,34.400001525878906,32.093563079833984
2005-04-11,459600,35.25,35.0099983215332,35.2599983215332,34.93000030517578,32.222408294677734
2005-04-08,524000,34.7400016784668,34.93000030517578,35.189998626708984,34.599998474121094,32.14878845214844
2005-04-07,406200,35.06999969482422,35.0099983215332,35.400001525878906,34.90999984741211,32.222408294677734
2005-04-06,317600,34.959999084472656,35.29999923706055,35.400001525878906,34.900001525878906,32.489322662353516
2005-04-05,409000,34.810001373291016,34.939998626708984,35.099998474121094,34.75,32.157989501953125
2005-04-04,579700,34.9900016784668,34.810001373291016,34.9900016784668,34.5099983215332,32.03834533691406
2005-04-01,611700,34.630001068115234,34.900001525878906,35.18000030517578,34.310001373291016,32.121177673339844
2005-03-31,534600,34.81999969482422,34.45000076293945,34.880001068115234,34.2400016784668,31.70701026916504
2005-03-30,587000,34.06999969482422,34.349998474121094,34.47999954223633,33.900001525878906,31.614971160888672
2005-03-29,1290300,34.709999084472656,34.16999816894531,34.97999954223633,34.04999923706055,31.449310302734375
2005-03-28,469700,34.869998931884766,34.709999084472656,35.150001525878906,34.66999816894531,31.94631004333496
2005-03-24,948100,35.25,34.93000030517578,35.650001525878906,34.779998779296875,32.14878845214844
2005-03-23,720800,36.0,35.4900016784668,36.13999938964844,35.400001525878906,32.66419982910156
2005-03-22,694500,37.0099983215332,36.060001373291016,37.060001373291016,36.0,33.18882369995117
2005-03-21,642500,37.5,37.02000045776367,37.5099983215332,36.849998474121094,34.0723762512207
2005-03-18,594900,37.79999923706055,37.9900016784668,38.290000915527344,37.79999923706055,34.965145111083984
2005-03-17,796500,38.849998474121094,38.45000076293945,38.9900016784668,38.31999969482422,35.388526916503906
2005-03-16,529000,38.349998474121094,38.61000061035156,38.66999816894531,38.02000045776367,35.5357780456543
2005-03-15,285700,37.79999923706055,37.5099983215332,37.79999923706055,37.38999938964844,34.52336120605469
2005-03-14,680800,38.099998474121094,37.61000061035156,38.099998474121094,37.400001525878906,34.61540603637695
2005-03-11,418000,38.619998931884766,38.20000076293945,38.689998626708984,38.099998474121094,35.158424377441406
2005-03-10,827000,38.84000015258789,38.439998626708984,39.0,38.220001220703125,35.379310607910156
2005-03-09,879400,38.599998474121094,38.38999938964844,38.790000915527344,37.779998779296875,35.33329772949219
2005-03-08,681700,37.599998474121094,38.2400016784668,38.33000183105469,37.279998779296875,35.19524002075195
2005-03-07,402800,37.04999923706055,37.02000045776367,37.290000915527344,36.810001373291016,34.0723762512207
2005-03-04,720100,36.849998474121094,37.27000045776367,37.56999969482422,36.7400016784668,34.302467346191406
2005-03-03,612500,36.400001525878906,36.22999954223633,36.5,36.18000030517578,33.34527587890625
2005-03-02,778100,35.25,36.0099983215332,36.09000015258789,35.209999084472656,33.14280319213867
2005-03-01,654900,35.70000076293945,35.310001373291016,35.79999923706055,35.20000076293945,32.498531341552734
2005-02-28,547500,36.279998779296875,35.970001220703125,36.310001373291016,35.77000045776367,33.10598373413086
2005-02-25,573500,36.0,36.16999816894531,36.349998474121094,35.79999923706055,33.29005432128906
2005-02-24,879000,36.5,35.880001068115234,36.5,35.61000061035156,33.02314758300781
2005-02-23,754500,36.560001373291016,36.52000045776367,36.720001220703125,36.02000045776367,33.612186431884766
2005-02-22,968800,36.5,36.81999969482422,36.81999969482422,36.060001373291016,33.888309478759766
2005-02-18,508500,35.650001525878906,35.65999984741211,35.869998931884766,35.4900016784668,32.82067108154297
2005-02-17,936700,34.79999923706055,35.650001525878906,35.650001525878906,34.75,32.811458587646484
2005-02-16,798100,34.7599983215332,35.06999969482422,35.279998779296875,34.560001373291016,32.27763366699219
2005-02-15,747700,35.29999923706055,35.31999969482422,35.650001525878906,35.15999984741211,32.227664947509766
2005-02-14,693900,35.599998474121094,35.4900016784668,35.619998931884766,35.150001525878906,32.38277816772461
2005-02-11,1196000,34.9900016784668,35.2400016784668,35.63999938964844,34.650001525878906,32.15467071533203
2005-02-10,1304800,33.25,34.4900016784668,34.58000183105469,32.86000061035156,31.470327377319336
2005-02-09,1178900,31.329999923706055,32.61000061035156,32.650001525878906,31.329999923706055,29.754934310913086
2005-02-08,629400,31.489999771118164,31.799999237060547,31.989999771118164,31.270000457763672,29.015850067138672
2005-02-07,743100,32.650001525878906,31.639999389648438,32.650001525878906,31.579999923706055,28.869857788085938
2005-02-04,663600,32.900001525878906,32.849998474121094,33.0,32.52000045776367,29.973922729492188
2005-02-03,616000,33.0,33.09000015258789,33.220001220703125,32.7599983215332,30.192909240722656
2005-02-02,495100,33.5,33.63999938964844,33.7400016784668,33.34000015258789,30.694746017456055
2005-02-01,682600,32.95000076293945,33.369998931884766,33.5,32.79999923706055,30.44839096069336
2005-01-31,1122500,32.79999923706055,32.77000045776367,32.93000030517578,32.5,29.900920867919922
2005-01-28,455400,32.599998474121094,32.25,32.650001525878906,32.0,29.42645263671875
2005-01-27,643100,31.850000381469727,32.0,32.11000061035156,31.75,29.198339462280273
2005-01-26,720400,32.5,32.459999084472656,32.529998779296875,32.25,29.618064880371094
2005-01-25,854900,32.84000015258789,32.040000915527344,32.84000015258789,31.950000762939453,29.234838485717773
2005-01-24,459400,33.58000183105469,33.06999969482422,33.75,32.9900016784668,30.17465591430664
2005-01-21,1074600,33.060001373291016,33.5,33.630001068115234,32.900001525878906,30.5670108795166
2005-01-20,615600,32.650001525878906,32.970001220703125,33.189998626708984,32.560001373291016,30.083415985107422
2005-01-19,733500,33.18000030517578,32.81999969482422,33.18000030517578,32.779998779296875,29.946548461914062
2005-01-18,947400,32.95000076293945,33.13999938964844,33.349998474121094,32.779998779296875,30.238529205322266
2005-01-14,632300,33.41999816894531,33.40999984741211,33.630001068115234,33.22999954223633,30.484886169433594
2005-01-13,991000,34.0,33.93000030517578,34.13999938964844,33.47999954223633,30.959362030029297
2005-01-12,979000,34.599998474121094,34.5099983215332,34.7599983215332,34.22999954223633,31.48858642578125
2005-01-11,665800,34.130001068115234,34.54999923706055,34.66999816894531,33.90999984741211,31.525075912475586
2005-01-10,645100,34.33000183105469,34.29999923706055,34.5,33.970001220703125,31.296960830688477
2005-01-07,728600,34.56999969482422,34.369998931884766,34.720001220703125,33.900001525878906,31.360841751098633
2005-01-06,791700,34.27000045776367,34.130001068115234,34.529998779296875,33.709999084472656,31.141855239868164
2005-01-05,841600,34.119998931884766,34.27000045776367,34.86000061035156,34.119998931884766,31.269596099853516
2005-01-04,1048800,35.02000045776367,34.029998779296875,35.16999816894531,33.849998474121094,31.05061149597168
2005-01-03,902600,35.75,35.040000915527344,35.7599983215332,35.029998779296875,31.972183227539062
2004-12-31,434900,36.369998931884766,36.349998474121094,36.619998931884766,36.130001068115234,33.16748809814453
2004-12-30,681900,36.5,36.16999816894531,36.54999923706055,36.11000061035156,33.00325393676758
2004-12-29,521500,36.29999923706055,36.5,36.52000045776367,35.93000030517578,33.30435562133789
2004-12-28,299000,37.150001525878906,36.790000915527344,37.25,36.65999984741211,33.56896209716797
2004-12-27,402800,36.939998626708984,37.349998474121094,37.459999084472656,36.880001068115234,34.079933166503906
2004-12-23,312900,36.7400016784668,36.709999084472656,37.20000076293945,36.66999816894531,33.4959602355957
2004-12-22,395600,36.779998779296875,36.709999084472656,36.83000183105469,36.4900016784668,33.4959602355957
2004-12-21,321800,36.290000915527344,36.63999938964844,36.75,36.290000915527344,33.43209457397461
2004-12-20,432000,36.0,36.209999084472656,36.45000076293945,35.79999923706055,33.03973388671875
2004-12-17,750600,36.029998779296875,35.54999923706055,36.31999969482422,35.54999923706055,32.437522888183594
2004-12-16,1307700,36.79999923706055,35.790000915527344,37.25,35.650001525878906,32.65652084350586
2004-12-15,646500,36.86000061035156,36.75,37.369998931884766,36.70000076293945,33.532470703125
2004-12-14,626400,36.689998626708984,36.68000030517578,36.7400016784668,36.06999969482422,33.46860122680664
2004-12-13,625100,36.619998931884766,36.790000915527344,37.41999816894531,36.400001525878906,33.56896209716797
2004-12-10,667000,36.470001220703125,36.40999984741211,37.18000030517578,36.25,33.22222900390625
2004-12-09,1008900,36.54999923706055,36.7599983215332,37.099998474121094,36.20000076293945,33.54159927368164
2004-12-08,1609100,36.36000061035156,37.31999969482422,37.34000015258789,35.959999084472656,34.05256271362305
2004-12-07,798000,38.27000045776367,37.869998931884766,39.02000045776367,37.86000061035156,34.554405212402344
2004-12-06,945700,38.099998474121094,38.75,39.2400016784668,37.75,35.357357025146484
2004-12-03,823700,38.77000045776367,39.189998626708984,39.790000915527344,38.52000045776367,35.75883865356445
2004-12-02,1074500,39.779998779296875,38.619998931884766,40.0,38.5,35.238739013671875
2004-12-01,705000,40.0,39.959999084472656,40.279998779296875,39.599998474121094,36.46142578125
2004-11-30,796100,40.25,39.90999984741211,40.5099983215332,39.52000045776367,36.415802001953125
2004-11-29,1102600,40.02000045776367,41.0099983215332,41.029998779296875,40.0,37.41950225830078
2004-11-26,401000,39.099998474121094,40.02000045776367,40.040000915527344,39.099998474121094,36.516178131103516
2004-11-24,843500,38.83000183105469,38.689998626708984,39.130001068115234,38.38999938964844,35.30261993408203
2004-11-23,681400,39.70000076293945,39.08000183105469,39.970001220703125,39.040000915527344,35.65847396850586
2004-11-22,482400,40.099998474121094,40.0,40.13999938964844,39.61000061035156,36.497920989990234
2004-11-19,1115800,40.5,40.040000915527344,40.540000915527344,39.810001373291016,36.534420013427734
2004-11-18,992700,41.099998474121094,40.150001525878906,41.25,39.77000045776367,36.63478469848633
2004-11-17,1249300,42.31999969482422,41.5,42.400001525878906,41.41999816894531,37.86659622192383
2004-11-16,911800,41.29999923706055,41.27000045776367,41.75,40.79999923706055,37.6567497253418
2004-11-15,916000,41.29999923706055,40.81999969482422,41.95000076293945,40.61000061035156,37.24612808227539
2004-11-12,1952000,39.5,40.779998779296875,41.06999969482422,39.5,37.20963668823242
2004-11-11,871100,38.529998779296875,39.0,39.0,38.20000076293945,35.585472106933594
2004-11-10,641100,38.5,38.189998626708984,38.65999984741211,37.779998779296875,34.84638595581055
2004-11-09,707000,38.599998474121094,38.2400016784668,38.72999954223633,38.2400016784668,34.89202880859375
2004-11-08,873800,38.529998779296875,38.459999084472656,38.79999923706055,38.130001068115234,35.09275436401367
2004-11-05,612700,36.95000076293945,38.150001525878906,38.27000045776367,36.83000183105469,34.80989456176758
2004-11-04,871600,37.349998474121094,37.18000030517578,37.650001525878906,37.150001525878906,33.9248161315918
2004-11-03,995100,36.25,36.27000045776367,36.310001373291016,35.77000045776367,33.09449005126953
2004-11-02,1089100,36.5,35.63999938964844,36.5099983215332,35.439998626708984,32.519649505615234
2004-11-01,598900,37.22999954223633,36.810001373291016,37.41999816894531,36.7599983215332,33.587223052978516
2004-10-29,772700,36.79999923706055,37.08000183105469,37.380001068115234,36.720001220703125,33.83357620239258
2004-10-28,1296200,36.79999923706055,36.61000061035156,37.709999084472656,36.599998474121094,33.404720306396484
2004-10-27,1259500,38.75,37.709999084472656,39.04999923706055,37.5,34.408416748046875
2004-10-26,792400,38.900001525878906,38.900001525878906,38.939998626708984,38.5,35.49423599243164
2004-10-25,1006000,38.02000045776367,38.79999923706055,38.95000076293945,38.02000045776367,35.40298843383789
2004-10-22,392800,37.650001525878906,37.5,38.0,37.29999923706055,34.216800689697266
2004-10-21,539300,37.47999954223633,37.56999969482422,37.720001220703125,37.029998779296875,34.280677795410156
2004-10-20,942200,37.75,37.709999084472656,38.04999923706055,37.599998474121094,34.408416748046875
2004-10-19,1192400,37.5,37.189998626708984,37.709999084472656,37.060001373291016,33.9339485168457
2004-10-18,1249300,37.720001220703125,36.619998931884766,37.720001220703125,36.529998779296875,33.41384506225586
2004-10-15,744700,36.849998474121094,36.869998931884766,37.369998931884766,36.61000061035156,33.64195251464844
2004-10-14,984900,36.349998474121094,36.470001220703125,36.720001220703125,36.0,33.2769775390625
2004-10-13,1538300,36.099998474121094,36.16999816894531,36.439998626708984,35.150001525878906,33.00325393676758
2004-10-12,628000,37.349998474121094,37.27000045776367,37.83000183105469,37.11000061035156,34.00694274902344
2004-10-11,468000,38.29999923706055,38.25,38.29999923706055,37.54999923706055,34.9011344909668
2004-10-08,855700,38.20000076293945,38.15999984741211,38.56999969482422,38.060001373291016,34.81900405883789
2004-10-07,571800,38.20000076293945,37.540000915527344,38.29999923706055,37.459999084472656,34.253299713134766
2004-10-06,762700,37.84000015258789,38.38999938964844,38.38999938964844,37.84000015258789,35.02887725830078
2004-10-05,1162200,37.2599983215332,38.209999084472656,38.400001525878906,36.9900016784668,34.86464309692383
2004-10-04,972700,37.380001068115234,37.119998931884766,37.5099983215332,36.75,33.87006759643555
2004-10-01,527500,38.31999969482422,38.29999923706055,38.65999984741211,38.04999923706055,34.94676208496094
2004-09-30,1200400,38.29999923706055,38.900001525878906,38.9900016784668,38.18000030517578,35.49423599243164
2004-09-29,994800,38.61000061035156,38.18000030517578,38.84000015258789,37.869998931884766,34.83727264404297
2004-09-28,1243100,38.060001373291016,38.439998626708984,38.83000183105469,38.02000045776367,35.074501037597656
2004-09-27,542300,37.650001525878906,37.79999923706055,38.09000015258789,37.25,34.49053192138672
2004-09-24,437700,38.0,37.779998779296875,38.04999923706055,37.41999816894531,34.47228240966797
2004-09-23,523200,37.75,37.900001525878906,38.2400016784668,37.689998626708984,34.58177947998047
2004-09-22,620600,37.40999984741211,37.52000045776367,37.869998931884766,37.31999969482422,34.23505401611328
2004-09-21,662900,37.25,37.900001525878906,38.08000183105469,37.099998474121094,34.58177947998047
2004-09-20,445700,36.040000915527344,36.619998931884766,36.79999923706055,36.040000915527344,33.41384506225586
2004-09-17,683700,36.650001525878906,36.150001525878906,36.869998931884766,36.0,32.98499298095703
2004-09-16,583900,36.83000183105469,36.41999816894531,36.83000183105469,36.349998474121094,33.231353759765625
2004-09-15,509100,37.0,36.529998779296875,37.08000183105469,36.36000061035156,33.33171081542969
2004-09-14,519100,35.91999816894531,36.81999969482422,36.869998931884766,35.880001068115234,33.596343994140625
2004-09-13,422600,35.93000030517578,35.84000015258789,36.130001068115234,35.58000183105469,32.70214080810547
2004-09-10,347800,35.709999084472656,35.34000015258789,35.959999084472656,35.29999923706055,32.245914459228516
2004-09-09,325100,34.900001525878906,35.16999816894531,35.2400016784668,34.75,32.090797424316406
2004-09-08,629600,34.790000915527344,34.900001525878906,35.47999954223633,34.56999969482422,31.84444808959961
2004-09-07,424400,34.939998626708984,34.790000915527344,34.939998626708984,34.43000030517578,31.74407386779785
2004-09-03,493800,34.75,34.939998626708984,35.310001373291016,34.68000030517578,31.880929946899414
2004-09-02,462800,35.400001525878906,35.439998626708984,35.63999938964844,35.2599983215332,32.337162017822266
2004-09-01,577000,35.40999984741211,35.900001525878906,36.0,35.16999816894531,32.75688171386719
2004-08-31,701000,34.93000030517578,35.5,35.599998474121094,34.83000183105469,32.391910552978516
2004-08-30,707700,35.189998626708984,34.599998474121094,35.709999084472656,34.560001373291016,31.570701599121094
2004-08-27,474700,34.95000076293945,35.2400016784668,35.25,34.7400016784668,32.15467071533203
2004-08-26,527600,35.650001525878906,35.130001068115234,35.650001525878906,35.060001373291016,32.05430221557617
2004-08-25,1306600,34.599998474121094,35.5,35.79999923706055,34.54999923706055,32.391910552978516
2004-08-24,937200,35.349998474121094,34.59000015258789,35.5,34.59000015258789,31.561582565307617
2004-08-23,1152900,37.2599983215332,35.93000030517578,37.31999969482422,35.689998626708984,32.78425216674805
2004-08-20,1502400,35.709999084472656,36.54999923706055,36.619998931884766,35.5,33.3499755859375
2004-08-19,1032900,34.5,35.70000076293945,35.70000076293945,34.5,32.57440185546875
2004-08-18,413800,33.7599983215332,33.95000076293945,34.119998931884766,33.7400016784668,30.977619171142578
2004-08-17,1087100,34.349998474121094,34.029998779296875,34.43000030517578,33.959999084472656,30.81683921813965
2004-08-16,853200,34.310001373291016,34.31999969482422,34.470001220703125,34.11000061035156,31.079450607299805
2004-08-13,607100,33.150001525878906,33.75,33.84000015258789,33.130001068115234,30.563282012939453
2004-08-12,1072600,32.04999923706055,32.61000061035156,32.97999954223633,31.850000381469727,29.53091812133789
2004-08-11,679700,32.20000076293945,32.0,32.400001525878906,31.75,28.978515625
2004-08-10,771200,33.099998474121094,32.900001525878906,33.47999954223633,32.83000183105469,29.793529510498047
2004-08-09,449700,33.099998474121094,33.09000015258789,33.099998474121094,32.459999084472656,29.965599060058594
2004-08-06,1081900,33.25,33.0,33.650001525878906,33.0,29.884096145629883
2004-08-05,599400,32.900001525878906,32.45000076293945,33.25,32.33000183105469,29.38602638244629
2004-08-04,751100,32.90999984741211,32.97999954223633,33.20000076293945,32.810001373291016,29.865982055664062
2004-08-03,842800,33.189998626708984,32.97999954223633,33.5,32.95000076293945,29.865982055664062
2004-08-02,411000,33.060001373291016,33.150001525878906,33.31999969482422,32.779998779296875,30.01993179321289
2004-07-30,516500,32.849998474121094,32.790000915527344,33.43000030517578,32.63999938964844,29.693927764892578
2004-07-29,517900,32.040000915527344,32.04999923706055,32.38999938964844,31.8700008392334,29.02379035949707
2004-07-28,863200,31.200000762939453,31.950000762939453,31.950000762939453,30.950000762939453,28.933231353759766
2004-07-27,839800,30.40999984741211,30.770000457763672,31.18000030517578,30.25,27.864652633666992
2004-07-26,799200,31.049999237060547,30.1299991607666,31.190000534057617,29.969999313354492,27.285079956054688
2004-07-23,668000,31.6299991607666,31.049999237060547,31.690000534057617,30.90999984741211,28.118213653564453
2004-07-22,648600,31.899999618530273,31.889999389648438,32.06999969482422,31.649999618530273,28.878902435302734
2004-07-21,706500,31.75,31.530000686645508,32.0,31.489999771118164,28.55289077758789
2004-07-20,623600,31.93000030517578,31.899999618530273,32.16999816894531,31.520000457763672,28.887962341308594
2004-07-19,910400,32.75,32.16999816894531,32.75,31.510000228881836,29.13245964050293
2004-07-16,583800,33.900001525878906,32.81999969482422,33.959999084472656,32.81999969482422,29.721094131469727
2004-07-15,342900,33.400001525878906,33.56999969482422,33.900001525878906,33.209999084472656,30.4002685546875
2004-07-14,601500,34.150001525878906,33.619998931884766,34.20000076293945,33.619998931884766,30.445554733276367
2004-07-13,583600,33.45000076293945,33.45000076293945,33.4900016784668,32.939998626708984,30.291601181030273
2004-07-12,515000,34.43000030517578,33.91999816894531,34.43000030517578,33.86000061035156,30.717227935791016
2004-07-09,504100,34.099998474121094,34.43000030517578,34.540000915527344,33.599998474121094,31.1790714263916
2004-07-08,1536400,33.900001525878906,34.150001525878906,34.400001525878906,33.40999984741211,30.925508499145508
2004-07-07,1334600,32.95000076293945,34.290000915527344,34.290000915527344,32.900001525878906,31.05229377746582
2004-07-06,478000,32.79999923706055,32.400001525878906,32.84000015258789,32.060001373291016,29.34075355529785
2004-07-02,544000,32.75,32.849998474121094,32.91999816894531,32.47999954223633,29.748258590698242
2004-07-01,971200,32.88999938964844,32.41999816894531,32.939998626708984,32.220001220703125,29.358854293823242
2004-06-30,953600,32.529998779296875,32.15999984741211,32.68000030517578,31.850000381469727,29.1234073638916
2004-06-29,1015700,31.829999923706055,31.81999969482422,32.22999954223633,31.559999465942383,28.815507888793945
2004-06-28,689600,32.70000076293945,31.520000457763672,33.04999923706055,31.520000457763672,28.54383659362793
2004-06-25,429700,32.5,32.4900016784668,32.63999938964844,32.2400016784668,29.42224884033203
2004-06-24,674200,32.599998474121094,32.81999969482422,32.95000076293945,32.5,29.721094131469727
2004-06-23,663100,32.0,31.899999618530273,32.029998779296875,31.649999618530273,28.887962341308594
2004-06-22,597900,31.450000762939453,31.540000915527344,31.90999984741211,31.329999923706055,28.56195068359375
2004-06-21,604800,31.780000686645508,31.229999542236328,31.780000686645508,31.110000610351562,28.281219482421875
2004-06-18,1779300,31.739999771118164,31.600000381469727,32.040000915527344,31.559999465942383,28.616281509399414
2004-06-17,1487800,30.959999084472656,31.06999969482422,31.149999618530273,29.90999984741211,28.13632583618164
2004-06-16,1532500,31.290000915527344,31.0,31.309999465942383,30.540000915527344,28.072933197021484
2004-06-15,608200,30.979999542236328,31.790000915527344,31.790000915527344,30.899999618530273,28.788345336914062
2004-06-14,851300,31.40999984741211,30.649999618530273,31.459999084472656,30.649999618530273,27.755983352661133
2004-06-10,664500,32.189998626708984,32.290000915527344,32.68000030517578,32.13999938964844,29.241134643554688
2004-06-09,959900,33.0,31.8799991607666,33.09000015258789,31.799999237060547,28.869844436645508
2004-06-08,511500,34.0,33.79999923706055,34.060001373291016,33.45000076293945,30.608558654785156
2004-06-07,572500,34.0,34.400001525878906,34.599998474121094,34.0,31.151905059814453
2004-06-04,698900,33.040000915527344,34.279998779296875,34.29999923706055,33.040000915527344,31.043235778808594
2004-06-03,606000,34.400001525878906,33.52000045776367,34.560001373291016,33.52000045776367,30.354999542236328
2004-06-02,881600,34.61000061035156,34.5099983215332,34.70000076293945,33.90999984741211,31.25152015686035
2004-06-01,892500,35.5,34.38999938964844,35.599998474121094,34.209999084472656,31.14284896850586
2004-05-28,853300,35.4900016784668,35.02000045776367,35.5,34.939998626708984,31.71335792541504
2004-05-27,889200,35.45000076293945,35.33000183105469,35.68000030517578,35.150001525878906,31.994089126586914
2004-05-26,926900,34.970001220703125,34.83000183105469,34.970001220703125,34.27000045776367,31.541303634643555
2004-05-25,996700,34.15999984741211,34.58000183105469,34.810001373291016,34.0099983215332,31.314905166625977
2004-05-24,670900,33.25,33.75,33.75,33.02000045776367,30.563282012939453
2004-05-21,831600,33.790000915527344,33.2599983215332,33.790000915527344,32.959999084472656,30.119537353515625
2004-05-20,607700,32.84000015258789,32.459999084472656,32.939998626708984,32.060001373291016,29.395078659057617
2004-05-19,1397700,32.2599983215332,32.84000015258789,33.13999938964844,32.0,29.739198684692383
2004-05-18,911300,30.799999237060547,31.719999313354492,31.729999542236328,30.760000228881836,28.724956512451172
2004-05-17,979900,32.11000061035156,31.399999618530273,32.470001220703125,31.399999618530273,28.435165405273438
2004-05-14,934600,31.649999618530273,31.75,32.040000915527344,31.399999618530273,28.752120971679688
2004-05-13,628800,31.510000228881836,31.780000686645508,32.13999938964844,31.309999465942383,28.779287338256836
2004-05-12,1109700,33.150001525878906,31.93000030517578,33.75,31.670000076293945,28.91512680053711
2004-05-11,1088800,32.0,32.619998931884766,32.65999984741211,31.6200008392334,29.539976119995117
2004-05-10,1957700,30.450000762939453,32.34000015258789,32.72999954223633,30.450000762939453,29.286409378051758
2004-05-07,1482100,32.18000030517578,30.780000686645508,32.349998474121094,30.709999084472656,27.873708724975586
2004-05-06,1568500,33.0,32.04999923706055,33.150001525878906,32.02000045776367,29.02379035949707
2004-05-05,1123700,34.11000061035156,33.16999816894531,34.11000061035156,32.95000076293945,30.038034439086914
2004-05-04,1562800,33.150001525878906,34.20000076293945,34.4900016784668,32.900001525878906,30.97079086303711
2004-05-03,715500,31.5,31.860000610351562,32.16999816894531,31.299999237060547,28.851730346679688
2004-04-30,690000,32.25,31.420000076293945,32.45000076293945,31.100000381469727,28.453279495239258
2004-04-29,1412100,31.25,31.34000015258789,31.979999542236328,31.079999923706055,28.38083267211914
2004-04-28,2189600,32.790000915527344,30.770000457763672,32.790000915527344,30.520000457763672,27.864652633666992
2004-04-27,640700,33.529998779296875,33.08000183105469,33.790000915527344,32.95000076293945,29.95653533935547
2004-04-26,800900,33.5,33.400001525878906,34.099998474121094,33.310001373291016,30.246326446533203
2004-04-23,934100,34.0,33.209999084472656,34.0,33.20000076293945,30.074260711669922
2004-04-22,1206000,33.849998474121094,34.150001525878906,34.150001525878906,33.40999984741211,30.925508499145508
2004-04-21,2153400,33.08000183105469,33.79999923706055,34.25,32.95000076293945,30.608558654785156
2004-04-20,1516400,36.150001525878906,34.27000045776367,36.25,34.18000030517578,31.034175872802734
2004-04-19,690200,37.0,36.65999984741211,37.099998474121094,35.91999816894531,33.198509216308594
2004-04-16,1152400,37.150001525878906,36.7599983215332,37.369998931884766,36.7599983215332,33.2890739440918
2004-04-15,832400,36.150001525878906,36.77000045776367,37.189998626708984,36.150001525878906,33.298118591308594
2004-04-14,1461300,35.75,36.4900016784668,37.439998626708984,35.70000076293945,33.044551849365234
2004-04-13,2049800,38.75,37.29999923706055,38.95000076293945,36.88999938964844,33.778079986572266
2004-04-12,804000,40.08000183105469,40.06999969482422,40.459999084472656,39.400001525878906,36.28653335571289
2004-04-08,1153700,39.95000076293945,40.02000045776367,40.2400016784668,39.95000076293945,36.24125671386719
2004-04-07,564900,40.150001525878906,40.75,41.099998474121094,40.119998931884766,36.90232467651367
2004-04-06,769200,40.59000015258789,40.31999969482422,40.79999923706055,40.25,36.51292037963867
2004-04-05,752500,41.15999984741211,40.369998931884766,41.15999984741211,40.04999923706055,36.55820846557617
2004-04-02,1120300,41.380001068115234,41.15999984741211,41.599998474121094,40.95000076293945,37.27360534667969
2004-04-01,1179200,42.439998626708984,42.09000015258789,42.689998626708984,41.810001373291016,38.11580276489258
2004-03-31,1099100,42.58000183105469,42.27000045776367,42.79999923706055,41.790000915527344,38.2787971496582
2004-03-30,746600,41.59000015258789,41.81999969482422,42.41999816894531,41.27000045776367,37.87129211425781
2004-03-29,729900,41.33000183105469,41.439998626708984,41.5,40.54999923706055,37.52717971801758
2004-03-26,1000300,41.70000076293945,40.9900016784668,41.900001525878906,40.97999954223633,37.119659423828125
2004-03-25,568100,40.18000030517578,41.220001220703125,41.2599983215332,40.099998474121094,37.327945709228516
2004-03-24,651300,41.0099983215332,40.08000183105469,41.08000183105469,40.02000045776367,36.29559326171875
2004-03-23,731500,41.38999938964844,41.41999816894531,41.54999923706055,40.900001525878906,37.509056091308594
2004-03-22,857200,42.11000061035156,41.20000076293945,42.380001068115234,40.97999954223633,37.309837341308594
2004-03-19,956600,41.79999923706055,41.470001220703125,41.849998474121094,40.70000076293945,37.554344177246094
2004-03-18,1557700,41.5,41.16999816894531,41.880001068115234,41.029998779296875,37.28266906738281
2004-03-17,1366000,39.650001525878906,40.59000015258789,40.59000015258789,39.16999816894531,36.75743103027344
2004-03-16,1124700,39.75,40.0099983215332,40.650001525878906,38.9900016784668,36.23218536376953
2004-03-15,1095800,40.91999816894531,40.400001525878906,41.060001373291016,40.25,36.58538055419922
2004-03-12,1062000,40.75,41.33000183105469,41.439998626708984,40.20000076293945,37.42756652832031
2004-03-11,904900,41.150001525878906,41.650001525878906,41.849998474121094,40.599998474121094,37.717350006103516
2004-03-10,836300,42.349998474121094,41.150001525878906,42.380001068115234,41.150001525878906,37.26456832885742
2004-03-09,996000,42.279998779296875,42.77000045776367,42.9900016784668,42.2599983215332,38.731590270996094
2004-03-08,634600,42.90999984741211,42.279998779296875,43.33000183105469,42.27000045776367,38.287872314453125
2004-03-05,691000,43.38999938964844,43.439998626708984,43.439998626708984,42.75,39.33832931518555
2004-03-04,611700,41.5,42.70000076293945,42.720001220703125,41.5,38.668209075927734
2004-03-03,1082700,41.34000015258789,41.810001373291016,42.27000045776367,40.959999084472656,37.862239837646484
2004-03-02,1148800,43.0,42.099998474121094,43.47999954223633,42.099998474121094,38.124855041503906
2004-03-01,1274600,43.45000076293945,43.619998931884766,43.95000076293945,42.66999816894531,39.501346588134766
2004-02-27,1283600,42.310001373291016,42.95000076293945,43.52000045776367,42.2599983215332,38.894596099853516
2004-02-26,1322100,41.290000915527344,42.20000076293945,42.95000076293945,41.209999084472656,38.21541213989258
2004-02-25,1223000,42.150001525878906,41.88999938964844,42.20000076293945,40.939998626708984,37.93468475341797
2004-02-24,1461300,41.45000076293945,41.97999954223633,42.41999816894531,41.25,38.01618576049805
2004-02-23,1012200,41.20000076293945,40.77000045776367,41.25,40.5,36.920440673828125
2004-02-20,2249500,40.70000076293945,40.61000061035156,41.06999969482422,40.08000183105469,36.77554702758789
2004-02-19,3207700,41.41999816894531,40.689998626708984,41.41999816894531,40.08000183105469,36.847999572753906
2004-02-18,1078900,44.150001525878906,42.08000183105469,44.150001525878906,42.08000183105469,38.106746673583984
2004-02-17,832500,43.70000076293945,44.77000045776367,44.86000061035156,43.52000045776367,40.11259841918945
2004-02-13,891300,43.650001525878906,43.20000076293945,44.0,42.75,38.705928802490234
2004-02-12,619200,43.599998474121094,42.790000915527344,43.7400016784668,42.650001525878906,38.338584899902344
2004-02-11,690300,42.5,43.150001525878906,43.79999923706055,42.29999923706055,38.661128997802734
2004-02-10,641200,43.0,42.29999923706055,43.0,41.79999923706055,37.89955139160156
2004-02-09,769000,42.599998474121094,42.5,42.709999084472656,42.150001525878906,38.078758239746094
2004-02-06,1058900,41.79999923706055,42.349998474121094,42.61000061035156,41.79999923706055,37.94435501098633
2004-02-05,633700,40.900001525878906,41.25,41.77000045776367,40.849998474121094,36.95878982543945
2004-02-04,670100,41.75,41.040000915527344,42.04999923706055,40.779998779296875,36.770626068115234
2004-02-03,796500,42.0,41.560001373291016,42.25,41.4900016784668,37.23654556274414
2004-02-02,1160600,41.16999816894531,41.36000061035156,41.36000061035156,39.900001525878906,37.057334899902344
2004-01-30,767700,40.650001525878906,40.33000183105469,40.79999923706055,40.18000030517578,36.13450241088867
2004-01-29,1394500,40.65999984741211,39.91999816894531,40.970001220703125,39.279998779296875,35.767147064208984
2004-01-28,1664900,42.04999923706055,40.59000015258789,42.900001525878906,40.52000045776367,36.3674430847168
2004-01-27,884500,41.59000015258789,41.720001220703125,42.529998779296875,41.459999084472656,37.37989044189453
2004-01-26,999200,41.29999923706055,41.06999969482422,41.650001525878906,40.349998474121094,36.797508239746094
2004-01-23,639800,42.150001525878906,41.150001525878906,42.34000015258789,41.119998931884766,36.86917495727539
2004-01-22,812400,43.29999923706055,42.04999923706055,43.81999969482422,42.04999923706055,37.675559997558594
2004-01-21,686600,42.72999954223633,42.81999969482422,43.43000030517578,42.04999923706055,38.36545944213867
2004-01-20,1258700,42.77000045776367,42.70000076293945,43.25,42.5,38.25794219970703
2004-01-16,1266500,41.29999923706055,41.619998931884766,42.25,40.65999984741211,37.290287017822266
2004-01-15,2108500,41.599998474121094,41.150001525878906,42.189998626708984,40.560001373291016,36.86917495727539
2004-01-14,1308800,43.20000076293945,42.369998931884766,43.869998931884766,41.599998474121094,37.9622688293457
2004-01-13,1303600,45.0099983215332,43.849998474121094,45.5,43.38999938964844,39.28831100463867
2004-01-12,826900,46.5,45.72999954223633,46.5,45.349998474121094,40.972740173339844
2004-01-09,635400,46.540000915527344,46.79999923706055,47.52000045776367,46.20000076293945,41.931419372558594
2004-01-08,593500,46.70000076293945,46.540000915527344,46.7599983215332,45.79999923706055,41.6984748840332
2004-01-07,865700,46.880001068115234,45.779998779296875,46.900001525878906,45.72999954223633,41.017520904541016
2004-01-06,663200,48.20000076293945,46.880001068115234,48.25,46.529998779296875,42.00309753417969
2004-01-05,632100,47.54999923706055,47.79999923706055,47.97999954223633,47.310001373291016,42.82738494873047
2004-01-02,390400,46.47999954223633,46.529998779296875,47.150001525878906,46.47999954223633,41.68951416015625
2003-12-31,560300,47.130001068115234,46.70000076293945,47.439998626708984,45.900001525878906,41.84182357788086
2003-12-30,664800,47.70000076293945,47.099998474121094,47.79999923706055,46.83000183105469,42.20021057128906
2003-12-29,1063500,46.400001525878906,47.54999923706055,47.68000030517578,46.369998931884766,42.6033935546875
2003-12-26,465900,45.0,45.4900016784668,45.689998626708984,44.93000030517578,40.7577018737793
2003-12-24,442400,44.79999923706055,44.81999969482422,45.400001525878906,44.540000915527344,40.15740203857422
2003-12-23,791600,44.150001525878906,44.689998626708984,44.7400016784668,43.70000076293945,40.040931701660156
2003-12-22,749500,44.54999923706055,44.150001525878906,44.97999954223633,44.119998931884766,39.55710220336914
2003-12-19,1086600,45.0,44.29999923706055,45.45000076293945,44.290000915527344,39.691497802734375
2003-12-18,1036000,45.220001220703125,45.880001068115234,46.040000915527344,44.689998626708984,41.10712814331055
2003-12-17,1262000,45.9900016784668,46.4900016784668,46.54999923706055,45.68000030517578,41.65366744995117
2003-12-16,708000,47.4900016784668,46.27000045776367,47.650001525878906,46.2599983215332,41.45654296875
2003-12-15,860200,46.459999084472656,47.290000915527344,47.75,46.459999084472656,42.370452880859375
2003-12-12,1053800,47.310001373291016,46.83000183105469,48.130001068115234,46.7400016784668,41.95830535888672
2003-12-11,1536800,45.369998931884766,47.060001373291016,47.36000061035156,45.0099983215332,42.16437911987305
2003-12-10,1300600,47.349998474121094,45.279998779296875,47.939998626708984,45.15999984741211,40.56953811645508
2003-12-09,801400,48.9900016784668,47.349998474121094,49.04999923706055,47.31999969482422,42.42420196533203
2003-12-08,735400,48.279998779296875,48.650001525878906,48.709999084472656,47.90999984741211,43.588966369628906
2003-12-05,892200,47.04999923706055,48.939998626708984,49.13999938964844,47.04999923706055,43.84879684448242
2003-12-04,1239700,47.75,47.650001525878906,48.70000076293945,47.650001525878906,42.6929931640625
2003-12-03,635400,49.099998474121094,49.279998779296875,49.70000076293945,48.95000076293945,44.15342712402344
2003-12-02,1074500,49.38999938964844,49.400001525878906,49.95000076293945,48.86000061035156,44.260948181152344
2003-12-01,1211500,48.70000076293945,49.38999938964844,49.38999938964844,47.29999923706055,44.25197982788086
2003-11-28,429600,47.36000061035156,47.970001220703125,47.970001220703125,47.33000183105469,42.97970962524414
2003-11-26,1103500,46.25,46.79999923706055,47.2400016784668,46.150001525878906,41.931419372558594
2003-11-25,818900,44.70000076293945,45.97999954223633,46.04999923706055,44.650001525878906,41.19672775268555
2003-11-24,830600,45.150001525878906,45.119998931884766,45.2599983215332,44.70000076293945,40.42619323730469
2003-11-21,804300,45.599998474121094,45.75,46.0,45.349998474121094,40.99066162109375
2003-11-20,795200,46.099998474121094,45.58000183105469,46.099998474121094,45.380001068115234,40.83834457397461
2003-11-19,1287600,45.79999923706055,45.900001525878906,45.900001525878906,45.0,41.12505340576172
2003-11-18,1468400,43.84000015258789,46.0,46.0,43.83000183105469,41.21464538574219
2003-11-17,1652800,44.099998474121094,43.84000015258789,44.36000061035156,43.29999923706055,39.27935028076172
2003-11-14,1006900,44.0,44.5,44.650001525878906,44.0,39.870689392089844
2003-11-13,1891900,43.54999923706055,43.91999816894531,44.459999084472656,43.150001525878906,39.35102844238281
2003-11-12,1433800,41.279998779296875,43.43000030517578,43.43000030517578,41.099998474121094,38.91199493408203
2003-11-11,764900,41.0,40.79999923706055,41.459999084472656,40.40999984741211,36.55560302734375
2003-11-10,1150400,41.0,40.7599983215332,41.65999984741211,40.65999984741211,36.51976013183594
2003-11-07,1440100,39.0,41.099998474121094,41.099998474121094,38.84000015258789,36.82438659667969
2003-11-06,749100,39.70000076293945,39.27000045776367,39.779998779296875,38.900001525878906,35.18477249145508
2003-11-05,616300,39.59000015258789,39.880001068115234,40.20000076293945,39.529998779296875,35.73130416870117
2003-11-04,741600,39.25,39.54999923706055,39.90999984741211,39.0,35.43562698364258
2003-11-03,1301500,39.119998931884766,38.81999969482422,39.599998474121094,38.099998474121094,34.78157424926758
2003-10-31,823700,38.79999923706055,38.63999938964844,39.5,38.2599983215332,34.62030029296875
2003-10-30,1161500,39.810001373291016,38.540000915527344,40.20000076293945,38.36000061035156,34.53070831298828
2003-10-29,1287800,39.150001525878906,39.810001373291016,39.9900016784668,39.08000183105469,35.66859436035156
2003-10-28,759600,39.560001373291016,39.25,39.560001373291016,38.81999969482422,35.166847229003906
2003-10-27,796000,39.13999938964844,39.880001068115234,39.880001068115234,38.959999084472656,35.73130416870117
2003-10-24,1470500,39.20000076293945,39.68000030517578,39.869998931884766,39.099998474121094,35.5521125793457
2003-10-23,640000,38.900001525878906,38.599998474121094,38.95000076293945,38.310001373291016,34.584468841552734
2003-10-22,1003300,39.9900016784668,39.029998779296875,39.9900016784668,39.02000045776367,34.96973419189453
2003-10-21,1885800,37.900001525878906,39.470001220703125,39.470001220703125,37.849998474121094,35.363956451416016
2003-10-20,696300,37.650001525878906,37.5,37.79999923706055,37.439998626708984,33.59889221191406
2003-10-17,1062000,38.189998626708984,37.22999954223633,38.189998626708984,37.11000061035156,33.35698318481445
2003-10-16,1126600,37.33000183105469,38.20000076293945,38.61000061035156,37.33000183105469,34.22608184814453
2003-10-15,716500,37.400001525878906,37.31999969482422,38.150001525878906,37.16999816894531,33.4376220703125
2003-10-14,609700,37.61000061035156,37.540000915527344,38.08000183105469,37.5099983215332,33.634735107421875
2003-10-13,667200,36.779998779296875,37.81999969482422,38.0,36.560001373291016,33.8856086730957
2003-10-10,489500,37.400001525878906,36.900001525878906,37.47999954223633,36.900001525878906,33.061309814453125
2003-10-09,1201500,36.54999923706055,37.0099983215332,37.0099983215332,36.130001068115234,33.15986633300781
2003-10-08,809600,36.459999084472656,36.88999938964844,37.459999084472656,36.27000045776367,33.052337646484375
2003-10-07,959900,36.5,36.439998626708984,36.70000076293945,36.2599983215332,32.64915466308594
2003-10-06,1118000,36.20000076293945,36.04999923706055,36.47999954223633,35.83000183105469,32.29973602294922
2003-10-03,1925300,37.79999923706055,36.29999923706055,38.27000045776367,35.900001525878906,32.52372360229492
2003-10-02,833800,37.79999923706055,38.310001373291016,38.380001068115234,37.40999984741211,34.324642181396484
2003-10-01,927300,37.75,37.86000061035156,37.97999954223633,37.0099983215332,33.92144775390625
2003-09-30,1382400,38.38999938964844,37.70000076293945,39.20000076293945,37.70000076293945,33.77809143066406
2003-09-29,1251500,37.150001525878906,37.7400016784668,38.4900016784668,36.83000183105469,33.813934326171875
2003-09-26,1614900,38.27000045776367,36.95000076293945,38.400001525878906,36.79999923706055,33.106109619140625
2003-09-25,1686700,41.29999923706055,38.900001525878906,41.4900016784668,38.900001525878906,34.8532600402832
2003-09-24,788900,41.20000076293945,41.08000183105469,41.56999969482422,40.540000915527344,36.80648422241211
2003-09-23,1111000,40.38999938964844,41.38999938964844,41.38999938964844,40.029998779296875,37.0842170715332
2003-09-22,1088300,41.0,40.65999984741211,41.290000915527344,40.38999938964844,36.43016052246094
2003-09-19,1053500,39.52000045776367,40.04999923706055,40.7400016784668,39.45000076293945,35.88361740112305
2003-09-18,625300,39.970001220703125,39.29999923706055,40.38999938964844,39.04999923706055,35.211639404296875
2003-09-17,712900,38.849998474121094,39.41999816894531,39.540000915527344,38.810001373291016,35.319156646728516
2003-09-16,625400,38.75,38.779998779296875,38.900001525878906,38.060001373291016,34.74573516845703
2003-09-15,798700,39.08000183105469,38.59000015258789,39.189998626708984,38.59000015258789,34.57550048828125
2003-09-12,1083500,40.04999923706055,39.08000183105469,40.5,39.08000183105469,35.014530181884766
2003-09-11,1320700,39.29999923706055,39.97999954223633,40.0,38.31999969482422,35.82089614868164
2003-09-10,934300,39.970001220703125,39.0099983215332,39.970001220703125,39.0099983215332,34.951805114746094
2003-09-09,1555700,40.75,39.779998779296875,40.900001525878906,39.77000045776367,35.6417121887207
2003-09-08,575900,39.599998474121094,39.529998779296875,39.630001068115234,39.0099983215332,35.417720794677734
2003-09-05,1117900,39.02000045776367,39.5099983215332,39.810001373291016,38.77000045776367,35.39979553222656
2003-09-04,870200,37.29999923706055,38.54999923706055,38.77000045776367,37.2599983215332,34.53965377807617
2003-09-03,941000,37.7599983215332,37.529998779296875,38.0,37.25,33.62577438354492
2003-09-02,982300,37.79999923706055,37.77000045776367,38.349998474121094,37.380001068115234,33.8408088684082
2003-08-29,849600,38.59000015258789,37.56999969482422,38.88999938964844,37.56999969482422,33.661617279052734
2003-08-28,565600,38.099998474121094,38.02000045776367,38.380001068115234,37.93000030517578,34.064796447753906
2003-08-27,1074700,37.220001220703125,38.400001525878906,38.439998626708984,37.220001220703125,34.4052848815918
2003-08-26,665000,35.79999923706055,36.45000076293945,36.45000076293945,35.79999923706055,32.65813446044922
2003-08-25,782800,36.54999923706055,35.97999954223633,36.689998626708984,35.5,32.23702621459961
2003-08-22,855700,36.79999923706055,36.5,37.08000183105469,36.470001220703125,32.70292663574219
2003-08-21,1274200,38.439998626708984,36.939998626708984,38.439998626708984,36.91999816894531,33.09716033935547
2003-08-20,1199800,37.900001525878906,38.439998626708984,38.439998626708984,37.779998779296875,34.44110107421875
2003-08-19,1027700,37.02000045776367,38.02000045776367,38.02000045776367,36.70000076293945,33.61143493652344
2003-08-18,805600,36.75,36.9900016784668,37.209999084472656,36.599998474121094,32.70087432861328
2003-08-15,490200,37.209999084472656,37.29999923706055,37.599998474121094,37.11000061035156,32.97492980957031
2003-08-14,1335300,36.95000076293945,37.310001373291016,37.650001525878906,36.83000183105469,32.983768463134766
2003-08-13,1163700,36.27000045776367,36.599998474121094,36.88999938964844,35.7599983215332,32.35608673095703
2003-08-12,989900,36.189998626708984,36.279998779296875,36.56999969482422,35.91999816894531,32.07319641113281
2003-08-11,2150200,35.95000076293945,36.810001373291016,36.97999954223633,35.0,32.54174041748047
2003-08-08,1748000,33.61000061035156,35.34000015258789,35.34000015258789,33.400001525878906,31.242197036743164
2003-08-07,653000,33.560001373291016,33.599998474121094,33.66999816894531,33.0099983215332,29.703954696655273
2003-08-06,909000,32.689998626708984,33.56999969482422,33.56999969482422,32.52000045776367,29.677427291870117
2003-08-05,1124000,32.400001525878906,32.70000076293945,32.75,32.150001525878906,28.90831184387207
2003-08-04,591500,32.349998474121094,32.54999923706055,33.150001525878906,32.189998626708984,28.775705337524414
2003-08-01,1134700,32.099998474121094,32.150001525878906,32.790000915527344,31.850000381469727,28.422086715698242
2003-07-31,542200,32.9900016784668,33.029998779296875,33.4900016784668,32.66999816894531,29.200050354003906
2003-07-30,433500,32.88999938964844,33.29999923706055,33.29999923706055,32.7599983215332,29.43874168395996
2003-07-29,741500,33.2400016784668,33.209999084472656,33.689998626708984,33.099998474121094,29.359176635742188
2003-07-28,723300,34.599998474121094,34.16999816894531,34.709999084472656,33.560001373291016,30.207857131958008
2003-07-25,857500,34.439998626708984,34.619998931884766,34.619998931884766,33.70000076293945,30.605684280395508
2003-07-24,1449400,33.4900016784668,34.61000061035156,34.61000061035156,33.31999969482422,30.596843719482422
2003-07-23,1480000,32.31999969482422,33.7400016784668,33.7400016784668,32.31999969482422,29.827722549438477
2003-07-22,769100,31.950000762939453,32.08000183105469,32.13999938964844,31.6299991607666,28.360204696655273
2003-07-21,1095600,30.93000030517578,32.18000030517578,32.4900016784668,30.860000610351562,28.4486141204834
2003-07-18,808300,30.6299991607666,30.700000762939453,30.700000762939453,30.399999618530273,27.140214920043945
2003-07-17,512700,30.399999618530273,30.6200008392334,30.899999618530273,30.25,27.069494247436523
2003-07-16,1431300,30.59000015258789,30.020000457763672,30.700000762939453,29.889999389648438,26.5390682220459
2003-07-15,895700,32.79999923706055,30.770000457763672,32.88999938964844,30.770000457763672,27.202106475830078
2003-07-14,514700,32.81999969482422,32.7400016784668,33.13999938964844,32.54999923706055,28.94367790222168
2003-07-11,511400,31.860000610351562,32.20000076293945,32.33000183105469,31.75,28.466291427612305
2003-07-10,692700,31.350000381469727,31.860000610351562,32.25,31.299999237060547,28.165712356567383
2003-07-09,373400,31.5,31.139999389648438,31.700000762939453,31.1299991607666,27.529199600219727
2003-07-08,635800,31.709999084472656,31.25,32.02000045776367,31.200000762939453,27.62644386291504
2003-07-07,749900,32.0,31.979999542236328,32.099998474121094,31.65999984741211,28.271800994873047
2003-07-03,284200,32.970001220703125,32.5,33.09000015258789,32.5,28.731510162353516
2003-07-02,696100,33.27000045776367,32.9900016784668,33.59000015258789,32.790000915527344,29.164691925048828
2003-07-01,835300,32.38999938964844,33.27000045776367,33.279998779296875,32.220001220703125,29.41222381591797
2003-06-30,547300,31.0,31.899999618530273,32.0,30.920000076293945,28.201078414916992
2003-06-27,441400,31.0,31.059999465942383,31.309999465942383,30.81999969482422,27.45848274230957
2003-06-26,440400,30.65999984741211,31.190000534057617,31.190000534057617,30.600000381469727,27.573406219482422
2003-06-25,572400,30.75,30.8700008392334,31.399999618530273,30.729999542236328,27.290510177612305
2003-06-24,820400,31.399999618530273,30.670000076293945,31.399999618530273,30.559999465942383,27.11370086669922
2003-06-23,630900,31.989999771118164,31.399999618530273,32.150001525878906,31.399999618530273,27.759052276611328
2003-06-20,755300,32.59000015258789,32.150001525878906,32.84000015258789,32.029998779296875,28.422086715698242
2003-06-19,948200,33.38999938964844,32.970001220703125,33.560001373291016,32.75,29.147005081176758
2003-06-18,628900,32.68000030517578,32.7599983215332,32.95000076293945,32.349998474121094,28.96135902404785
2003-06-17,1274300,31.950000762939453,33.099998474121094,33.20000076293945,31.729999542236328,29.261932373046875
2003-06-16,723400,31.639999389648438,31.959999084472656,31.959999084472656,31.360000610351562,28.254119873046875
2003-06-13,959900,30.579999923706055,31.34000015258789,31.770000457763672,30.469999313354492,27.70600700378418
2003-06-12,561600,30.459999084472656,30.479999542236328,30.8700008392334,30.219999313354492,26.94573402404785
2003-06-11,539900,30.3700008392334,30.360000610351562,30.59000015258789,30.170000076293945,26.839645385742188
2003-06-10,870300,30.190000534057617,30.360000610351562,30.399999618530273,29.770000457763672,26.839645385742188
2003-06-09,578300,30.780000686645508,30.450000762939453,31.0,30.450000762939453,26.919206619262695
2003-06-06,761600,30.649999618530273,30.59000015258789,31.239999771118164,30.299999237060547,27.0429744720459
2003-06-05,1482900,30.200000762939453,30.959999084472656,31.200000762939453,29.899999618530273,27.370071411132812
2003-06-04,724300,29.360000610351562,29.600000381469727,29.770000457763672,29.299999237060547,26.167770385742188
2003-06-03,671300,29.489999771118164,29.219999313354492,29.600000381469727,29.15999984741211,25.831829071044922
2003-06-02,680200,28.260000228881836,29.200000762939453,29.489999771118164,28.260000228881836,25.814159393310547
2003-05-30,897300,28.56999969482422,29.1200008392334,29.1200008392334,28.149999618530273,25.74342918395996
2003-05-29,1353800,28.5,29.09000015258789,29.3799991607666,28.5,25.716909408569336
2003-05-28,1764500,28.899999618530273,28.889999389648438,29.920000076293945,28.8799991607666,25.54009437561035
2003-05-27,812000,30.399999618530273,30.149999618530273,30.690000534057617,29.739999771118164,26.65399169921875
2003-05-23,606900,30.299999237060547,29.90999984741211,30.299999237060547,29.899999618530273,26.44182586669922
2003-05-22,1172000,30.889999389648438,29.920000076293945,30.889999389648438,29.8700008392334,26.45067024230957
2003-05-21,1299600,30.299999237060547,30.899999618530273,30.90999984741211,30.229999542236328,27.317035675048828
2003-05-20,872500,30.860000610351562,30.670000076293945,30.860000610351562,30.229999542236328,27.11370086669922
2003-05-19,1533700,30.399999618530273,30.68000030517578,31.0,30.059999465942383,27.122541427612305
2003-05-16,1465000,30.399999618530273,29.649999618530273,30.600000381469727,29.649999618530273,26.211973190307617
2003-05-15,573100,30.709999084472656,30.6299991607666,31.0,30.31999969482422,27.078332901000977
2003-05-14,904400,30.75,30.1299991607666,31.0,30.100000381469727,26.636310577392578
2003-05-13,554800,31.020000457763672,30.520000457763672,31.3799991607666,30.399999618530273,26.981096267700195
2003-05-12,678100,31.110000610351562,31.350000381469727,31.450000762939453,31.010000228881836,27.71485137939453
2003-05-09,588100,30.850000381469727,30.889999389648438,30.979999542236328,30.149999618530273,27.30819320678711
2003-05-08,719900,30.959999084472656,31.020000457763672,31.25,30.600000381469727,27.423118591308594
2003-05-07,1085100,30.84000015258789,30.610000610351562,30.969999313354492,30.389999389648438,27.06066131591797
2003-05-06,666100,30.290000915527344,30.549999237060547,30.700000762939453,29.850000381469727,27.007614135742188
2003-05-05,595000,29.75,30.290000915527344,30.299999237060547,29.6299991607666,26.777767181396484
2003-05-02,686400,29.649999618530273,29.239999771118164,29.8700008392334,29.0,25.849512100219727
2003-05-01,671700,28.200000762939453,29.31999969482422,29.59000015258789,28.200000762939453,25.92023277282715
2003-04-30,1021400,28.260000228881836,28.219999313354492,28.84000015258789,27.950000762939453,24.94778823852539
2003-04-29,828200,28.299999237060547,27.940000534057617,28.299999237060547,27.700000762939453,24.700254440307617
2003-04-28,574400,28.450000762939453,28.56999969482422,28.850000381469727,28.229999542236328,25.2572021484375
2003-04-25,499200,28.799999237060547,28.3799991607666,29.1299991607666,28.25,25.089229583740234
2003-04-24,1076500,31.09000015258789,28.56999969482422,31.09000015258789,28.520000457763672,25.2572021484375
2003-04-23,1015900,30.100000381469727,30.100000381469727,30.700000762939453,29.959999084472656,26.609792709350586
2003-04-22,694700,30.0,29.65999984741211,30.139999389648438,29.399999618530273,26.220813751220703
2003-04-21,648300,29.020000457763672,29.75,29.760000228881836,28.899999618530273,26.300378799438477
2003-04-17,863600,28.899999618530273,28.719999313354492,29.280000686645508,28.639999389648438,25.38981056213379
2003-04-16,682800,28.350000381469727,28.65999984741211,28.950000762939453,28.1200008392334,25.33677101135254
2003-04-15,578000,28.149999618530273,28.549999237060547,28.639999389648438,27.90999984741211,25.239524841308594
2003-04-14,324500,28.0,27.989999771118164,28.200000762939453,27.809999465942383,24.74445915222168
2003-04-11,832800,27.889999389648438,28.09000015258789,28.479999542236328,27.729999542236328,24.832862854003906
2003-04-10,1069200,28.149999618530273,28.06999969482422,28.389999389648438,27.860000610351562,24.815181732177734
2003-04-09,1490600,27.690000534057617,28.299999237060547,28.34000015258789,27.399999618530273,25.01850700378418
2003-04-08,1348200,27.5,27.700000762939453,27.75,27.219999313354492,24.48808479309082
2003-04-07,1669600,27.6299991607666,27.5,27.639999389648438,27.3799991607666,24.311269760131836
2003-04-04,926800,27.950000762939453,28.649999618530273,28.850000381469727,27.81999969482422,25.327924728393555
2003-04-03,969300,28.200000762939453,28.5,28.6200008392334,28.200000762939453,25.195314407348633
2003-04-02,978800,29.059999465942383,28.950000762939453,29.059999465942383,28.65999984741211,25.593141555786133
2003-04-01,775700,29.639999389648438,29.489999771118164,29.899999618530273,29.34000015258789,26.070528030395508
2003-03-31,1228500,29.8700008392334,30.18000030517578,30.520000457763672,29.56999969482422,26.680517196655273
2003-03-28,1344600,27.100000381469727,29.690000534057617,29.690000534057617,27.100000381469727,26.247337341308594
2003-03-27,1207600,28.469999313354492,27.399999618530273,28.639999389648438,27.399999618530273,24.22286605834961
2003-03-26,434300,29.25,29.290000915527344,29.3700008392334,28.8799991607666,25.89371681213379
2003-03-25,769900,29.06999969482422,29.399999618530273,29.489999771118164,29.0,25.990957260131836
2003-03-24,852300,29.200000762939453,28.65999984741211,29.450000762939453,28.65999984741211,25.33677101135254
2003-03-21,1275700,29.06999969482422,28.299999237060547,29.229999542236328,27.90999984741211,25.01850700378418
2003-03-20,640600,30.0,29.190000534057617,30.34000015258789,29.1200008392334,25.805313110351562
2003-03-19,621800,29.959999084472656,30.25,30.399999618530273,29.68000030517578,26.742401123046875
2003-03-18,635500,29.950000762939453,29.81999969482422,30.09000015258789,29.309999465942383,26.362258911132812
2003-03-17,863800,30.899999618530273,29.739999771118164,30.959999084472656,29.459999084472656,26.291540145874023
2003-03-14,741400,29.200000762939453,30.190000534057617,30.350000381469727,29.1200008392334,26.689359664916992
2003-03-13,1267000,28.450000762939453,29.209999084472656,29.59000015258789,28.25,25.822988510131836
2003-03-12,1078600,27.440000534057617,28.299999237060547,28.56999969482422,27.399999618530273,25.01850700378418
2003-03-11,1188400,29.0,27.5,29.190000534057617,27.5,24.311269760131836
2003-03-10,1305200,30.600000381469727,29.15999984741211,30.950000762939453,28.899999618530273,25.778789520263672
2003-03-07,985300,32.0,30.399999618530273,32.0,30.399999618530273,26.875009536743164
2003-03-06,535800,32.060001373291016,31.6299991607666,32.290000915527344,31.610000610351562,27.96238136291504
2003-03-05,474100,31.950000762939453,32.189998626708984,32.27000045776367,31.700000762939453,28.45745086669922
2003-03-04,588200,32.0,31.75,32.290000915527344,31.65999984741211,28.068470001220703
2003-03-03,967400,31.899999618530273,31.700000762939453,32.380001068115234,31.510000228881836,28.024267196655273
2003-02-28,923700,31.459999084472656,32.52000045776367,32.790000915527344,31.309999465942383,28.749183654785156
2003-02-27,1076500,31.610000610351562,31.6299991607666,31.969999313354492,30.809999465942383,27.96238136291504
2003-02-26,1295300,31.989999771118164,31.510000228881836,32.040000915527344,31.260000228881836,27.856298446655273
2003-02-25,1281600,32.4900016784668,32.0,32.75,31.829999923706055,28.289478302001953
2003-02-24,897900,32.91999816894531,32.27000045776367,33.0,32.209999084472656,28.528173446655273
2003-02-21,1254800,33.779998779296875,32.11000061035156,33.779998779296875,32.11000061035156,28.3867244720459
2003-02-20,908500,33.400001525878906,33.209999084472656,33.66999816894531,33.20000076293945,29.359176635742188
2003-02-19,1119700,32.25,32.849998474121094,32.9900016784668,32.150001525878906,29.040918350219727
2003-02-18,1010300,32.189998626708984,32.79999923706055,32.79999923706055,31.950000762939453,28.293283462524414
2003-02-14,1047800,32.970001220703125,32.31999969482422,33.189998626708984,31.799999237060547,27.879230499267578
2003-02-13,1275600,32.220001220703125,33.08000183105469,33.56999969482422,32.0,28.534809112548828
2003-02-12,1800200,32.70000076293945,31.65999984741211,33.09000015258789,31.600000381469727,27.309913635253906
2003-02-11,1405500,31.610000610351562,33.34000015258789,33.689998626708984,31.600000381469727,28.75908851623535
2003-02-10,1411800,32.5,31.829999923706055,32.880001068115234,31.81999969482422,27.456562042236328
2003-02-07,1726500,33.20000076293945,32.86000061035156,34.16999816894531,32.5,28.345035552978516
2003-02-06,1117700,34.650001525878906,34.099998474121094,35.5,33.86000061035156,29.414663314819336
2003-02-05,2436200,36.380001068115234,34.25,36.7599983215332,34.150001525878906,29.544050216674805
2003-02-04,1889100,36.0099983215332,36.439998626708984,37.31999969482422,35.709999084472656,31.433141708374023
2003-02-03,823500,35.099998474121094,34.849998474121094,35.209999084472656,34.63999938964844,30.061613082885742
2003-01-31,1130600,35.90999984741211,35.31999969482422,36.06999969482422,34.79999923706055,30.46703338623047
2003-01-30,1608800,35.0099983215332,36.34000015258789,36.45000076293945,35.0099983215332,31.346885681152344
2003-01-29,1166700,36.900001525878906,36.25,37.11000061035156,36.040000915527344,31.26926040649414
2003-01-28,1565100,36.63999938964844,36.900001525878906,37.099998474121094,36.189998626708984,31.829954147338867
2003-01-27,1727600,38.34000015258789,37.369998931884766,38.689998626708984,37.20000076293945,32.2353630065918
2003-01-24,2313900,36.939998626708984,38.349998474121094,38.5,36.83000183105469,33.080711364746094
2003-01-23,1834900,36.0,36.70000076293945,36.779998779296875,35.75,31.65742301940918
2003-01-22,1031200,34.70000076293945,35.349998474121094,35.59000015258789,34.70000076293945,30.492902755737305
2003-01-21,881900,33.900001525878906,34.619998931884766,35.099998474121094,33.900001525878906,29.863216400146484
2003-01-17,1386100,35.099998474121094,34.689998626708984,35.5099983215332,34.380001068115234,29.923595428466797
2003-01-16,1341800,34.2400016784668,35.09000015258789,35.4900016784668,34.0099983215332,30.26864242553711
2003-01-15,1063000,33.61000061035156,34.0099983215332,34.86000061035156,33.61000061035156,29.337020874023438
2003-01-14,1526500,35.720001220703125,34.220001220703125,35.97999954223633,34.20000076293945,29.518173217773438
2003-01-13,863200,35.7599983215332,35.5099983215332,36.31999969482422,35.349998474121094,30.630929946899414
2003-01-10,972000,35.0099983215332,35.75,35.93000030517578,34.63999938964844,30.837947845458984
2003-01-09,1150600,35.310001373291016,34.95000076293945,35.31999969482422,34.5,30.14786720275879
2003-01-08,1657900,34.65999984741211,35.5,35.790000915527344,34.22999954223633,30.622299194335938
2003-01-07,996700,35.04999923706055,34.59000015258789,35.470001220703125,34.459999084472656,29.83734130859375
2003-01-06,1517600,36.97999954223633,35.2599983215332,36.97999954223633,35.150001525878906,30.4152774810791
2003-01-03,1294900,34.86000061035156,35.810001373291016,36.47999954223633,34.619998931884766,30.88970947265625
2003-01-02,904600,33.810001373291016,34.869998931884766,34.900001525878906,33.79999923706055,30.0788631439209
2002-12-31,693300,34.84000015258789,34.2599983215332,35.099998474121094,34.2599983215332,29.552677154541016
2002-12-30,1921600,34.810001373291016,34.84000015258789,35.130001068115234,34.119998931884766,30.0529842376709
2002-12-27,1188800,34.29999923706055,34.810001373291016,35.33000183105469,34.20000076293945,30.02711296081543
2002-12-26,915300,33.220001220703125,34.54999923706055,34.54999923706055,33.209999084472656,29.802825927734375
2002-12-24,396800,33.9900016784668,33.209999084472656,33.9900016784668,33.20000076293945,28.646944046020508
2002-12-23,819500,32.529998779296875,33.75,33.849998474121094,32.5,29.11275291442871
2002-12-20,1065100,32.040000915527344,32.20000076293945,32.54999923706055,31.309999465942383,27.775720596313477
2002-12-19,1486200,32.9900016784668,32.040000915527344,33.38999938964844,31.780000686645508,27.637706756591797
2002-12-18,1909700,31.709999084472656,33.0,33.0,31.5,28.465805053710938
2002-12-17,1909800,34.150001525878906,31.81999969482422,34.20000076293945,31.700000762939453,27.447935104370117
2002-12-16,1193800,33.95000076293945,34.15999984741211,34.2400016784668,33.2400016784668,29.46641731262207
2002-12-13,2156800,32.66999816894531,33.9900016784668,34.11000061035156,32.459999084472656,29.319782257080078
2002-12-12,2107900,29.979999542236328,32.66999816894531,32.72999954223633,29.850000381469727,28.18113899230957
2002-12-11,794300,29.969999313354492,30.049999237060547,30.389999389648438,29.440000534057617,25.92112922668457
2002-12-10,1175900,31.31999969482422,29.81999969482422,31.329999923706055,29.799999237060547,25.722732543945312
2002-12-09,1017300,31.489999771118164,31.31999969482422,31.639999389648438,30.90999984741211,27.016633987426758
2002-12-06,1147500,29.899999618530273,30.950000762939453,30.989999771118164,29.81999969482422,26.69747543334961
2002-12-05,607000,28.989999771118164,29.549999237060547,29.709999084472656,28.65999984741211,25.48983383178711
2002-12-04,979200,29.440000534057617,29.200000762939453,29.450000762939453,28.40999984741211,25.187931060791016
2002-12-03,998600,27.25,28.799999237060547,28.940000534057617,27.15999984741211,24.842880249023438
2002-12-02,546100,26.15999984741211,26.799999237060547,26.799999237060547,26.149999618530273,23.1176815032959
2002-11-29,205900,26.5,26.610000610351562,26.889999389648438,26.25,22.95379066467285
2002-11-27,438900,26.760000228881836,26.559999465942383,27.350000381469727,26.1200008392334,22.910659790039062
2002-11-26,465600,26.06999969482422,26.6200008392334,26.75,26.059999465942383,22.962411880493164
2002-11-25,543100,26.690000534057617,26.3700008392334,26.770000457763672,26.299999237060547,22.746763229370117
2002-11-22,892300,27.049999237060547,26.899999618530273,27.65999984741211,26.700000762939453,23.203947067260742
2002-11-21,615100,28.059999465942383,27.40999984741211,28.3700008392334,27.110000610351562,23.643871307373047
2002-11-20,509400,28.549999237060547,28.229999542236328,28.649999618530273,28.110000610351562,24.351200103759766
2002-11-19,486000,29.75,28.479999542236328,29.81999969482422,28.479999542236328,24.566850662231445
2002-11-18,445200,29.850000381469727,29.399999618530273,29.8700008392334,29.360000610351562,25.360445022583008
2002-11-15,508500,28.65999984741211,29.850000381469727,29.850000381469727,28.65999984741211,25.74860954284668
2002-11-14,456000,28.5,28.520000457763672,28.950000762939453,28.350000381469727,24.60135269165039
2002-11-13,756800,29.100000381469727,27.90999984741211,29.25,27.549999237060547,24.07517433166504
2002-11-12,680300,28.1200008392334,28.6200008392334,28.68000030517578,27.950000762939453,24.6876220703125
2002-11-11,407100,28.799999237060547,28.309999465942383,28.84000015258789,27.799999237060547,24.420204162597656
2002-11-08,532400,28.639999389648438,28.790000915527344,29.3700008392334,28.450000762939453,24.83425521850586
2002-11-07,581100,28.479999542236328,28.639999389648438,28.829999923706055,27.920000076293945,24.70486831665039
2002-11-06,552000,27.170000076293945,28.350000381469727,28.399999618530273,27.170000076293945,24.454713821411133
2002-11-05,365700,27.989999771118164,27.360000610351562,28.0,27.1200008392334,23.600740432739258
2002-11-04,489700,26.899999618530273,27.920000076293945,27.920000076293945,26.790000915527344,24.083791732788086
2002-11-01,910700,26.75,27.15999984741211,27.290000915527344,26.559999465942383,23.428218841552734
2002-10-31,414100,25.670000076293945,25.170000076293945,26.100000381469727,25.15999984741211,21.711641311645508
2002-10-30,448200,25.40999984741211,25.670000076293945,25.8700008392334,25.260000228881836,22.142942428588867
2002-10-29,1066700,24.989999771118164,25.350000381469727,26.190000534057617,24.959999084472656,21.866910934448242
2002-10-28,406600,24.3799991607666,24.559999465942383,24.84000015258789,24.209999084472656,21.185462951660156
2002-10-25,251000,24.290000915527344,23.899999618530273,24.489999771118164,23.899999618530273,20.616138458251953
2002-10-24,465400,23.260000228881836,23.8799991607666,24.309999465942383,23.18000030517578,20.598880767822266
2002-10-23,478000,24.649999618530273,23.809999465942383,24.670000076293945,23.700000762939453,20.538509368896484
2002-10-22,807100,24.0,24.719999313354492,24.719999313354492,23.5,21.323474884033203
2002-10-21,392400,23.510000228881836,23.649999618530273,23.889999389648438,23.40999984741211,20.400495529174805
2002-10-18,525300,23.8799991607666,23.5,23.959999084472656,23.309999465942383,20.271100997924805
2002-10-17,723900,23.010000228881836,23.790000915527344,23.8700008392334,23.0,20.52126121520996
2002-10-16,869600,24.489999771118164,23.809999465942383,24.81999969482422,23.809999465942383,20.538509368896484
2002-10-15,744400,25.100000381469727,24.09000015258789,25.100000381469727,23.600000381469727,20.780031204223633
2002-10-14,547800,25.25,25.09000015258789,25.469999313354492,25.09000015258789,21.64263916015625
2002-10-11,654100,23.600000381469727,24.979999542236328,24.979999542236328,23.399999618530273,21.547748565673828
2002-10-10,1148700,24.020000457763672,23.700000762939453,24.100000381469727,22.5,20.443620681762695
2002-10-09,542300,24.010000228881836,23.760000228881836,24.950000762939453,23.760000228881836,20.495380401611328
2002-10-08,759000,25.229999542236328,24.09000015258789,25.229999542236328,23.739999771118164,20.780031204223633
2002-10-07,452600,26.790000915527344,25.809999465942383,26.790000915527344,25.399999618530273,22.26371192932129
2002-10-04,589200,25.899999618530273,26.799999237060547,27.149999618530273,25.829999923706055,23.1176815032959
2002-10-03,408600,26.200000762939453,26.0,26.68000030517578,25.770000457763672,22.427602767944336
2002-10-02,788600,26.219999313354492,25.850000381469727,26.68000030517578,25.850000381469727,22.298213958740234
2002-10-01,639200,26.559999465942383,26.0,26.989999771118164,26.0,22.427602767944336
2002-09-30,688600,27.299999237060547,26.649999618530273,27.5,26.6299991607666,22.988292694091797
2002-09-27,619200,26.18000030517578,25.950000762939453,26.969999313354492,25.920000076293945,22.38447380065918
2002-09-26,1191100,26.43000030517578,26.170000076293945,26.670000076293945,25.350000381469727,22.574243545532227
2002-09-25,1005100,28.040000915527344,26.93000030517578,28.25,26.579999923706055,23.22981834411621
2002-09-24,1034900,28.360000610351562,28.450000762939453,28.899999618530273,27.5,24.540977478027344
2002-09-23,828400,28.440000534057617,27.780000686645508,28.649999618530273,27.770000457763672,23.96303367614746
2002-09-20,1337200,27.530000686645508,28.200000762939453,28.440000534057617,27.40999984741211,24.32532501220703
2002-09-19,720300,27.600000381469727,28.40999984741211,28.549999237060547,26.940000534057617,24.5064697265625
2002-09-18,1278300,27.790000915527344,27.030000686645508,28.149999618530273,26.549999237060547,23.31607437133789
2002-09-17,1312200,26.899999618530273,27.260000228881836,28.049999237060547,26.829999923706055,23.51447868347168
2002-09-16,1064800,27.479999542236328,28.510000228881836,28.989999771118164,27.270000457763672,24.59272575378418
2002-09-13,1309500,27.440000534057617,27.899999618530273,27.899999618530273,26.950000762939453,24.066545486450195
2002-09-12,1781000,25.59000015258789,27.479999542236328,27.5,25.510000228881836,23.704252243041992
2002-09-11,535900,24.799999237060547,25.510000228881836,25.940000534057617,24.75,22.004928588867188
2002-09-10,1274000,26.399999618530273,25.25,26.40999984741211,25.100000381469727,21.780649185180664
2002-09-09,2021400,26.0,27.09000015258789,27.299999237060547,25.860000610351562,23.36783790588379
2002-09-06,1246200,24.479999542236328,25.200000762939453,25.360000610351562,24.25,21.737524032592773
2002-09-05,912200,23.760000228881836,24.479999542236328,24.600000381469727,23.75,21.116451263427734
2002-09-04,790400,23.25,22.950000762939453,23.5,22.920000076293945,19.796672821044922
2002-09-03,792000,23.399999618530273,23.3700008392334,23.549999237060547,23.020000457763672,20.158967971801758
2002-08-30,387900,23.440000534057617,23.219999313354492,23.799999237060547,23.219999313354492,20.02957534790039
2002-08-29,755400,22.940000534057617,23.510000228881836,23.510000228881836,22.670000076293945,20.279726028442383
2002-08-28,534300,22.850000381469727,22.899999618530273,22.899999618530273,22.270000457763672,19.753543853759766
2002-08-27,506300,22.200000762939453,22.979999542236328,23.170000076293945,22.139999389648438,19.822551727294922
2002-08-26,524800,21.549999237060547,22.350000381469727,22.350000381469727,21.540000915527344,19.279109954833984
2002-08-23,407600,21.979999542236328,21.1299991607666,22.200000762939453,21.1299991607666,18.22673988342285
2002-08-22,844500,21.0,22.049999237060547,22.06999969482422,20.84000015258789,19.020328521728516
2002-08-21,504000,21.43000030517578,21.31999969482422,21.510000228881836,20.399999618530273,18.390634536743164
2002-08-20,640200,21.850000381469727,22.100000381469727,22.649999618530273,21.850000381469727,18.49440574645996
2002-08-19,661500,22.690000534057617,22.15999984741211,22.889999389648438,21.299999237060547,18.544612884521484
2002-08-16,479000,23.979999542236328,22.700000762939453,23.979999542236328,22.700000762939453,18.996519088745117
2002-08-15,513100,22.940000534057617,23.700000762939453,23.899999618530273,22.540000915527344,19.833370208740234
2002-08-14,608700,23.489999771118164,22.899999618530273,23.559999465942383,22.260000228881836,19.16388511657715
2002-08-13,351200,22.760000228881836,23.049999237060547,23.209999084472656,22.540000915527344,19.289409637451172
2002-08-12,516900,23.90999984741211,22.65999984741211,24.040000915527344,22.65999984741211,18.963041305541992
2002-08-09,743600,22.399999618530273,23.65999984741211,24.200000762939453,22.399999618530273,19.79989242553711
2002-08-08,438800,22.799999237060547,22.020000457763672,22.799999237060547,21.799999237060547,18.427453994750977
2002-08-07,1084700,23.3700008392334,22.5,23.549999237060547,22.059999465942383,18.829147338867188
2002-08-06,837400,20.459999084472656,21.8799991607666,21.8799991607666,20.450000762939453,18.31029510498047
2002-08-05,734000,22.739999771118164,20.399999618530273,22.860000610351562,20.3799991607666,17.071760177612305
2002-08-02,631400,22.149999618530273,22.25,22.540000915527344,21.700000762939453,18.619932174682617
2002-08-01,831200,20.979999542236328,22.209999084472656,22.209999084472656,20.450000762939453,18.586456298828125
2002-07-31,876400,22.450000762939453,21.0,22.489999771118164,20.799999237060547,17.57386589050293
2002-07-30,1044300,22.34000015258789,22.260000228881836,22.899999618530273,21.6299991607666,18.6283016204834
2002-07-29,1013400,20.25,21.959999084472656,22.1200008392334,20.1299991607666,18.37724494934082
2002-07-26,1547600,20.889999389648438,20.760000228881836,20.899999618530273,19.75,17.373027801513672
2002-07-25,812800,23.09000015258789,21.649999618530273,23.09000015258789,21.649999618530273,18.117822647094727
2002-07-24,1388200,20.799999237060547,23.360000610351562,23.360000610351562,20.5,19.548837661743164
2002-07-23,1487200,24.860000610351562,22.229999542236328,24.860000610351562,21.799999237060547,18.603195190429688
2002-07-22,902300,27.1200008392334,25.459999084472656,27.18000030517578,25.299999237060547,21.306224822998047
2002-07-19,1175800,28.239999771118164,27.700000762939453,28.239999771118164,26.010000228881836,23.180776596069336
2002-07-18,592300,26.8799991607666,26.799999237060547,27.049999237060547,26.489999771118164,22.427602767944336
2002-07-17,600000,26.950000762939453,26.579999923706055,27.5,26.420000076293945,22.243497848510742
2002-07-16,627200,27.59000015258789,27.350000381469727,28.100000381469727,27.229999542236328,22.887876510620117
2002-07-15,1546800,28.979999542236328,27.600000381469727,29.239999771118164,27.0,23.097084045410156
2002-07-12,714000,28.389999389648438,29.079999923706055,29.5,27.6200008392334,24.335622787475586
2002-07-11,1280200,28.969999313354492,28.209999084472656,30.200000762939453,28.059999465942383,23.607559204101562
2002-07-10,1382700,28.15999984741211,29.3700008392334,29.399999618530273,27.799999237060547,24.57831573486328
2002-07-09,890500,27.110000610351562,28.790000915527344,28.84000015258789,27.110000610351562,24.092939376831055
2002-07-08,583300,25.860000610351562,26.700000762939453,26.940000534057617,25.709999084472656,22.343923568725586
2002-07-05,182400,25.829999923706055,25.65999984741211,26.200000762939453,25.65999984741211,21.473602294921875
2002-07-03,677800,25.6200008392334,26.25,26.600000381469727,25.600000381469727,21.96733283996582
2002-07-02,1396800,27.280000686645508,25.469999313354492,28.0,25.469999313354492,21.314594268798828
2002-07-01,771100,26.149999618530273,27.59000015258789,27.59000015258789,26.049999237060547,23.088714599609375
2002-06-28,1268700,26.5,26.079999923706055,26.889999389648438,25.510000228881836,21.825069427490234
2002-06-27,1342300,27.350000381469727,26.1299991607666,27.850000381469727,25.950000762939453,21.866912841796875
2002-06-26,1233400,29.729999542236328,27.899999618530273,29.739999771118164,27.899999618530273,23.348134994506836
2002-06-25,794000,28.59000015258789,28.690000534057617,28.860000610351562,27.530000686645508,24.009254455566406
2002-06-24,1180600,29.440000534057617,28.700000762939453,30.5,28.110000610351562,24.017620086669922
2002-06-21,874200,29.389999389648438,28.84000015258789,29.489999771118164,28.399999618530273,24.134784698486328
2002-06-20,1159500,28.739999771118164,29.59000015258789,29.59000015258789,28.309999465942383,24.762414932250977
2002-06-19,888000,29.0,28.399999618530273,29.75,28.31999969482422,23.766565322875977
2002-06-18,660800,28.010000228881836,29.5,29.5,27.899999618530273,24.687101364135742
2002-06-17,585100,29.290000915527344,27.600000381469727,29.299999237060547,27.600000381469727,23.097084045410156
2002-06-14,660000,29.049999237060547,29.549999237060547,30.469999313354492,28.510000228881836,24.728944778442383
2002-06-13,711900,29.270000457763672,28.520000457763672,29.549999237060547,28.5,23.86699104309082
2002-06-12,1308800,29.649999618530273,29.270000457763672,30.389999389648438,29.010000228881836,24.494626998901367
2002-06-11,1922100,27.75,29.399999618530273,29.399999618530273,27.100000381469727,24.60341453552246
2002-06-10,1314900,28.75,28.229999542236328,29.450000762939453,28.110000610351562,23.624303817749023
2002-06-07,1215900,31.969999313354492,29.3700008392334,32.13999938964844,29.309999465942383,24.57831573486328
2002-06-06,936200,31.309999465942383,31.729999542236328,32.13999938964844,31.309999465942383,26.55327796936035
2002-06-05,1042700,31.3700008392334,31.700000762939453,32.18000030517578,31.049999237060547,26.528173446655273
2002-06-04,1440100,34.400001525878906,33.349998474121094,34.65999984741211,33.25,27.908977508544922
2002-06-03,1058300,31.739999771118164,33.83000183105469,33.91999816894531,31.739999771118164,28.310667037963867
2002-05-31,1257300,32.599998474121094,32.060001373291016,32.79999923706055,30.600000381469727,26.829439163208008
2002-05-30,1196100,33.70000076293945,31.760000228881836,33.709999084472656,31.760000228881836,26.578384399414062
2002-05-29,1348500,34.290000915527344,33.119998931884766,34.58000183105469,33.060001373291016,27.716501235961914
2002-05-28,1464200,32.709999084472656,34.290000915527344,34.29999923706055,32.040000915527344,28.695615768432617
2002-05-24,855000,33.88999938964844,32.65999984741211,33.88999938964844,32.61000061035156,27.33155059814453
2002-05-23,1535800,32.13999938964844,32.95000076293945,33.290000915527344,31.639999389648438,27.574237823486328
2002-05-22,1819000,33.29999923706055,32.25,33.54999923706055,32.099998474121094,26.988445281982422
2002-05-21,1427800,31.979999542236328,32.439998626708984,32.540000915527344,31.649999618530273,27.14743995666504
2002-05-20,1501500,30.799999237060547,31.639999389648438,32.2599983215332,30.610000610351562,26.477964401245117
2002-05-17,906700,29.34000015258789,30.950000762939453,30.950000762939453,29.209999084472656,25.900537490844727
2002-05-16,750000,28.8799991607666,29.079999923706055,29.389999389648438,28.799999237060547,24.335622787475586
2002-05-15,668500,28.790000915527344,28.299999237060547,29.280000686645508,28.25,23.682884216308594
2002-05-14,1234200,29.100000381469727,28.780000686645508,29.440000534057617,28.68000030517578,24.08456802368164
2002-05-13,759200,29.170000076293945,29.950000762939453,30.049999237060547,28.600000381469727,25.06368637084961
2002-05-10,735900,29.15999984741211,29.5,29.6299991607666,28.760000228881836,24.687101364135742
2002-05-09,715500,28.540000915527344,29.200000762939453,29.3700008392334,28.1200008392334,24.436046600341797
2002-05-08,1672100,29.75,28.56999969482422,29.899999618530273,28.479999542236328,23.90882682800293
2002-05-07,1311300,30.290000915527344,30.0,30.700000762939453,29.700000762939453,25.105525970458984
2002-05-06,620800,29.3700008392334,29.90999984741211,29.989999771118164,29.010000228881836,25.03020668029785
2002-05-03,888100,28.6299991607666,29.3700008392334,29.579999923706055,28.6299991607666,24.57831573486328
2002-05-02,681600,28.389999389648438,27.799999237060547,28.690000534057617,27.799999237060547,23.264453887939453
2002-05-01,1193800,26.299999237060547,28.59000015258789,28.739999771118164,26.299999237060547,23.925569534301758
2002-04-30,848300,27.3799991607666,26.81999969482422,27.450000762939453,26.649999618530273,22.444339752197266
2002-04-29,682400,27.729999542236328,27.850000381469727,28.149999618530273,27.309999465942383,23.306297302246094
2002-04-26,1500200,26.399999618530273,27.950000762939453,27.979999542236328,26.15999984741211,23.38998031616211
2002-04-25,1286000,27.0,26.0,27.270000457763672,25.860000610351562,21.75812339782715
2002-04-24,657900,26.0,25.979999542236328,26.399999618530273,25.850000381469727,21.74138832092285
2002-04-23,780000,24.799999237060547,25.700000762939453,25.860000610351562,24.709999084472656,21.507061004638672
2002-04-22,436500,25.170000076293945,25.43000030517578,25.649999618530273,24.899999618530273,21.28111457824707
2002-04-19,699300,24.75,25.100000381469727,25.56999969482422,24.649999618530273,21.004959106445312
2002-04-18,1005000,25.399999618530273,24.5,26.06999969482422,24.360000610351562,20.502843856811523
2002-04-17,757500,24.479999542236328,25.149999618530273,25.149999618530273,24.260000228881836,21.046798706054688
2002-04-16,437900,23.719999313354492,23.260000228881836,23.989999771118164,23.260000228881836,19.465150833129883
2002-04-15,279200,23.850000381469727,23.649999618530273,24.1200008392334,23.520000457763672,19.791519165039062
2002-04-12,352900,23.540000915527344,23.790000915527344,23.850000381469727,23.110000610351562,19.90868377685547
2002-04-11,868700,23.75,23.450000762939453,24.530000686645508,23.450000762939453,19.624149322509766
2002-04-10,1181500,22.850000381469727,23.860000610351562,24.049999237060547,22.850000381469727,19.967262268066406
2002-04-09,500400,22.989999771118164,22.5,22.989999771118164,22.5,18.829147338867188
2002-04-08,776300,23.700000762939453,23.209999084472656,23.860000610351562,22.84000015258789,19.423307418823242
2002-04-05,418400,23.690000534057617,23.600000381469727,23.860000610351562,23.25,19.74968147277832
2002-04-04,697800,23.75,24.100000381469727,24.100000381469727,23.5,20.168106079101562
2002-04-03,681500,24.420000076293945,24.079999923706055,24.639999389648438,23.93000030517578,20.1513729095459
2002-04-02,1171600,25.440000534057617,24.829999923706055,25.479999542236328,24.6299991607666,20.779006958007812
2002-04-01,1174600,25.239999771118164,25.010000228881836,25.610000610351562,24.850000381469727,20.929643630981445
2002-03-28,537900,25.690000534057617,25.18000030517578,25.690000534057617,24.989999771118164,21.0718994140625
2002-03-27,1318900,24.239999771118164,25.760000228881836,26.020000457763672,24.239999771118164,21.55727767944336
2002-03-26,777100,24.469999313354492,23.8700008392334,24.479999542236328,23.799999237060547,19.975629806518555
2002-03-25,932200,23.530000686645508,24.81999969482422,24.969999313354492,23.530000686645508,20.77063751220703
2002-03-22,618600,22.68000030517578,23.520000457763672,23.780000686645508,22.6299991607666,19.682735443115234
2002-03-21,369200,22.600000381469727,22.309999465942383,22.889999389648438,22.25,18.670141220092773
2002-03-20,441700,22.209999084472656,22.65999984741211,22.8799991607666,22.100000381469727,18.963041305541992
2002-03-19,508300,21.920000076293945,21.90999984741211,22.18000030517578,21.770000457763672,18.335407257080078
2002-03-18,1001700,20.899999618530273,21.889999389648438,21.889999389648438,20.790000915527344,18.318668365478516
2002-03-15,731000,21.0,21.149999618530273,21.350000381469727,20.729999542236328,17.69939613342285
2002-03-14,253300,21.260000228881836,21.760000228881836,21.899999618530273,21.190000534057617,18.209875106811523
2002-03-13,369700,22.100000381469727,21.43000030517578,22.100000381469727,21.420000076293945,17.933713912963867
2002-03-12,390400,21.90999984741211,21.889999389648438,22.389999389648438,21.81999969482422,18.318668365478516
2002-03-11,399700,21.559999465942383,21.760000228881836,22.049999237060547,21.559999465942383,18.209875106811523
2002-03-08,718300,21.469999313354492,21.299999237060547,21.600000381469727,21.100000381469727,17.824922561645508
2002-03-07,778800,23.0,21.649999618530273,23.1299991607666,21.540000915527344,18.117822647094727
2002-03-06,390300,22.670000076293945,23.670000076293945,23.739999771118164,22.65999984741211,19.80826187133789
2002-03-05,300900,23.0,22.65999984741211,23.399999618530273,22.65999984741211,18.963041305541992
2002-03-04,305700,23.239999771118164,22.799999237060547,23.450000762939453,22.530000686645508,19.080198287963867
2002-03-01,518500,22.979999542236328,23.040000915527344,23.600000381469727,22.540000915527344,19.281047821044922
2002-02-28,424500,23.110000610351562,23.5,23.829999923706055,23.040000915527344,19.665996551513672
2002-02-27,321000,23.489999771118164,23.139999389648438,23.489999771118164,23.010000228881836,19.364728927612305
2002-02-26,748100,22.459999084472656,23.739999771118164,23.809999465942383,22.459999084472656,19.866836547851562
2002-02-25,363800,22.75,22.469999313354492,22.850000381469727,22.360000610351562,18.804040908813477
2002-02-22,369400,23.15999984741211,22.979999542236328,23.290000915527344,22.75,19.230836868286133
2002-02-21,696900,22.34000015258789,23.06999969482422,23.110000610351562,22.34000015258789,19.306154251098633
2002-02-20,807500,22.510000228881836,22.40999984741211,22.739999771118164,22.100000381469727,18.753826141357422
2002-02-19,1282700,24.299999237060547,22.959999084472656,24.549999237060547,22.799999237060547,18.83584213256836
2002-02-15,995800,24.860000610351562,24.399999618530273,25.350000381469727,23.860000610351562,19.798309326171875
2002-02-14,463500,23.100000381469727,24.18000030517578,24.25,23.100000381469727,19.61979866027832
2002-02-13,342400,23.290000915527344,23.170000076293945,23.59000015258789,22.8700008392334,18.800277709960938
2002-02-12,744600,22.700000762939453,23.389999389648438,23.389999389648438,22.610000610351562,18.978784561157227
2002-02-11,675200,22.309999465942383,22.34000015258789,23.239999771118164,22.299999237060547,18.126813888549805
2002-02-08,1216700,23.290000915527344,23.489999771118164,24.25,23.049999237060547,19.059925079345703
2002-02-07,1076000,22.440000534057617,23.649999618530273,23.719999313354492,22.34000015258789,19.18975067138672
2002-02-06,1817100,24.0,22.530000686645508,24.229999542236328,22.280000686645508,18.28097915649414
2002-02-05,1343300,22.600000381469727,23.68000030517578,23.75,22.40999984741211,19.214092254638672
2002-02-04,644900,22.0,22.309999465942383,22.59000015258789,21.829999923706055,18.102466583251953
2002-02-01,1352700,20.75,21.489999771118164,21.5,20.520000457763672,17.437114715576172
2002-01-31,243200,20.84000015258789,20.639999389648438,20.889999389648438,20.200000762939453,16.747419357299805
2002-01-30,369700,20.1299991607666,20.639999389648438,20.93000030517578,20.1299991607666,16.747419357299805
2002-01-29,501900,19.760000228881836,20.559999465942383,20.68000030517578,19.760000228881836,16.68250846862793
2002-01-28,229600,19.899999618530273,19.790000915527344,19.959999084472656,19.65999984741211,16.05772590637207
2002-01-25,608400,18.950000762939453,19.940000534057617,19.959999084472656,18.75,16.179443359375
2002-01-24,513400,19.5,19.639999389648438,19.639999389648438,19.219999313354492,15.936007499694824
2002-01-23,514400,19.729999542236328,19.6200008392334,19.989999771118164,19.510000228881836,15.919781684875488
2002-01-22,389600,19.350000381469727,19.549999237060547,19.799999237060547,19.049999237060547,15.862987518310547
2002-01-18,676900,20.170000076293945,19.93000030517578,20.170000076293945,19.770000457763672,16.17131805419922
2002-01-17,590400,20.899999618530273,20.270000457763672,20.989999771118164,20.270000457763672,16.447195053100586
2002-01-16,899500,20.1200008392334,20.40999984741211,20.8700008392334,20.059999465942383,16.560792922973633
2002-01-15,459500,19.700000762939453,20.010000228881836,20.18000030517578,19.600000381469727,16.236234664916992
2002-01-14,684100,19.59000015258789,19.889999389648438,20.200000762939453,19.59000015258789,16.13886833190918
2002-01-11,806200,19.75,19.84000015258789,19.969999313354492,19.59000015258789,16.098295211791992
2002-01-10,1016400,20.0,19.780000686645508,20.0,19.549999237060547,16.049606323242188
2002-01-09,2068800,19.219999313354492,19.399999618530273,19.479999542236328,19.0,15.741273880004883
2002-01-08,860000,18.709999084472656,18.719999313354492,18.81999969482422,18.600000381469727,15.189519882202148
2002-01-07,400200,18.639999389648438,18.709999084472656,19.0,18.5,15.181401252746582
2002-01-04,315300,18.520000457763672,18.639999389648438,18.850000381469727,18.520000457763672,15.12460994720459
2002-01-03,788600,18.309999465942383,18.610000610351562,18.780000686645508,18.260000228881836,15.100264549255371
2002-01-02,515800,17.850000381469727,18.030000686645508,18.09000015258789,17.6200008392334,14.629651069641113
2001-12-31,396300,17.520000457763672,18.059999465942383,18.219999313354492,17.510000228881836,14.653993606567383
2001-12-28,415200,17.799999237060547,17.670000076293945,17.8799991607666,17.610000610351562,14.337545394897461
2001-12-27,604200,17.799999237060547,17.799999237060547,17.940000534057617,17.350000381469727,14.443026542663574
2001-12-26,92400,18.020000457763672,18.079999923706055,18.200000762939453,17.860000610351562,14.670220375061035
2001-12-24,92100,18.010000228881836,18.010000228881836,18.280000686645508,18.0,14.613423347473145
2001-12-21,934900,18.170000076293945,18.299999237060547,18.489999771118164,18.170000076293945,14.848726272583008
2001-12-20,404000,18.25,18.40999984741211,18.799999237060547,18.25,14.937983512878418
2001-12-19,506800,19.010000228881836,18.270000457763672,19.09000015258789,18.260000228881836,14.824386596679688
2001-12-18,429600,18.559999465942383,19.270000457763672,19.450000762939453,18.559999465942383,15.635793685913086
2001-12-17,183900,18.700000762939453,18.450000762939453,18.700000762939453,18.15999984741211,14.970438957214355
2001-12-14,739700,18.25,18.729999542236328,18.780000686645508,18.110000610351562,15.197637557983398
2001-12-13,348000,17.950000762939453,18.09000015258789,18.18000030517578,17.889999389648438,14.67833137512207
2001-12-12,908100,17.889999389648438,18.100000381469727,18.299999237060547,17.700000762939453,14.686447143554688
2001-12-11,1140800,17.5,17.790000915527344,17.850000381469727,17.260000228881836,14.434915542602539
2001-12-10,888600,17.389999389648438,17.889999389648438,17.889999389648438,17.309999465942383,14.516051292419434
2001-12-07,856000,17.489999771118164,17.290000915527344,17.899999618530273,17.270000457763672,14.029210090637207
2001-12-06,790100,17.649999618530273,17.610000610351562,17.850000381469727,17.600000381469727,14.288861274719238
2001-12-05,1036000,17.200000762939453,17.360000610351562,17.510000228881836,17.200000762939453,14.086010932922363
2001-12-04,555400,17.06999969482422,16.969999313354492,17.06999969482422,16.81999969482422,13.76955795288086
2001-12-03,668200,16.8799991607666,17.079999923706055,17.09000015258789,16.65999984741211,13.858817100524902
2001-11-30,960300,16.739999771118164,16.889999389648438,16.989999771118164,16.600000381469727,13.704646110534668
2001-11-29,1880500,16.549999237060547,16.610000610351562,17.049999237060547,16.549999237060547,13.477453231811523
2001-11-28,550400,17.549999237060547,17.579999923706055,17.799999237060547,17.43000030517578,14.264514923095703
2001-11-27,403100,17.350000381469727,17.899999618530273,17.899999618530273,17.34000015258789,14.52416706085205
2001-11-26,216000,17.299999237060547,17.5,17.59000015258789,17.270000457763672,14.199606895446777
2001-11-23,79700,17.1200008392334,17.079999923706055,17.1200008392334,16.989999771118164,13.858817100524902
2001-11-21,314400,17.5,17.399999618530273,17.600000381469727,17.350000381469727,14.118464469909668
2001-11-20,270300,17.1299991607666,17.5,17.5,17.1299991607666,14.199606895446777
2001-11-19,795100,17.700000762939453,17.1299991607666,17.739999771118164,16.8700008392334,13.899384498596191
2001-11-16,1136700,17.90999984741211,17.739999771118164,18.219999313354492,17.600000381469727,14.394338607788086
2001-11-15,681800,17.5,17.670000076293945,17.700000762939453,17.25,14.337545394897461
2001-11-14,2216100,17.6299991607666,17.75,17.940000534057617,17.549999237060547,14.402456283569336
2001-11-13,658400,16.90999984741211,17.049999237060547,17.049999237060547,16.799999237060547,13.834470748901367
2001-11-12,437800,17.049999237060547,16.899999618530273,17.270000457763672,16.899999618530273,13.712759971618652
2001-11-09,270300,16.760000228881836,16.84000015258789,16.84000015258789,16.579999923706055,13.664078712463379
2001-11-08,550100,17.25,16.75,17.350000381469727,16.75,13.591049194335938
2001-11-07,295800,17.049999237060547,17.1299991607666,17.31999969482422,17.0,13.899384498596191
2001-11-06,448300,16.899999618530273,17.049999237060547,17.239999771118164,16.899999618530273,13.834470748901367
2001-11-05,282200,17.010000228881836,16.850000381469727,17.010000228881836,16.760000228881836,13.67219352722168
2001-11-02,530300,16.889999389648438,17.010000228881836,17.18000030517578,16.700000762939453,13.802014350891113
2001-11-01,538900,16.8700008392334,16.649999618530273,16.8700008392334,16.549999237060547,13.509910583496094
2001-10-31,361500,16.75,16.59000015258789,16.920000076293945,16.549999237060547,13.461223602294922
2001-10-30,768100,16.5,16.610000610351562,16.860000610351562,16.399999618530273,13.477453231811523
2001-10-29,599900,16.649999618530273,16.25,16.649999618530273,16.200000762939453,13.185346603393555
2001-10-26,497400,16.489999771118164,16.469999313354492,16.59000015258789,16.3799991607666,13.36385726928711
2001-10-25,544100,16.139999389648438,16.15999984741211,16.489999771118164,16.059999465942383,13.112319946289062
2001-10-24,469600,15.979999542236328,15.680000305175781,16.0,15.670000076293945,12.722848892211914
2001-10-23,340200,15.75,15.510000228881836,15.779999732971191,15.380000114440918,12.584906578063965
2001-10-22,620800,15.770000457763672,15.630000114440918,15.960000038146973,15.609999656677246,12.68227767944336
2001-10-19,559300,16.139999389648438,15.600000381469727,16.139999389648438,15.59000015258789,12.65793228149414
2001-10-18,525600,16.760000228881836,16.149999618530273,16.760000228881836,16.110000610351562,13.104207038879395
2001-10-17,619200,16.75,16.760000228881836,16.889999389648438,16.649999618530273,13.599164009094238
2001-10-16,473700,16.350000381469727,16.43000030517578,16.549999237060547,16.219999313354492,13.331403732299805
2001-10-15,386600,16.489999771118164,16.510000228881836,16.75,16.3799991607666,13.396312713623047
2001-10-12,755400,16.040000915527344,16.260000228881836,16.549999237060547,15.949999809265137,13.193463325500488
2001-10-11,869300,16.309999465942383,15.699999809265137,16.309999465942383,15.699999809265137,12.7390718460083
2001-10-10,713500,16.549999237060547,16.309999465942383,16.690000534057617,16.309999465942383,13.234031677246094
2001-10-09,588300,16.799999237060547,16.290000915527344,16.799999237060547,16.219999313354492,13.217803001403809
2001-10-08,370000,17.190000534057617,16.700000762939453,17.190000534057617,16.700000762939453,13.550482749938965
2001-10-05,569600,16.549999237060547,16.610000610351562,16.75,16.40999984741211,13.477453231811523
2001-10-04,722600,16.59000015258789,16.350000381469727,16.790000915527344,16.170000076293945,13.266487121582031
2001-10-03,466200,16.559999465942383,16.25,16.59000015258789,16.170000076293945,13.185346603393555
2001-10-02,920100,16.31999969482422,16.6299991607666,17.200000762939453,16.299999237060547,13.493681907653809
2001-10-01,567100,15.800000190734863,16.040000915527344,16.1299991607666,15.600000381469727,13.0149507522583
2001-09-28,317300,16.010000228881836,15.960000038146973,16.200000762939453,15.949999809265137,12.95003890991211
2001-09-27,435700,16.09000015258789,15.949999809265137,16.200000762939453,15.8100004196167,12.941925048828125
2001-09-26,1064700,15.899999618530273,16.1299991607666,16.350000381469727,15.600000381469727,13.08797836303711
2001-09-25,372000,15.710000038146973,15.510000228881836,15.949999809265137,15.5,12.584906578063965
2001-09-24,940700,16.0,15.390000343322754,16.0,15.279999732971191,12.487536430358887
2001-09-21,1229400,16.399999618530273,16.010000228881836,16.739999771118164,16.010000228881836,12.990607261657715
2001-09-20,868200,16.389999389648438,16.399999618530273,16.540000915527344,16.110000610351562,13.30705738067627
2001-09-19,1326100,16.469999313354492,16.6200008392334,16.850000381469727,16.290000915527344,13.48556900024414
2001-09-18,875300,16.469999313354492,16.540000915527344,16.649999618530273,16.25,13.420656204223633
2001-09-17,695700,16.739999771118164,16.520000457763672,17.239999771118164,16.459999084472656,13.404427528381348
2001-09-10,347500,15.649999618530273,15.819999694824219,15.829999923706055,15.600000381469727,12.836441993713379
2001-09-07,563700,15.699999809265137,15.449999809265137,15.829999923706055,15.350000381469727,12.536222457885742
2001-09-06,1111100,15.75,15.210000038146973,15.800000190734863,15.199999809265137,12.341483116149902
2001-09-05,1691600,15.989999771118164,16.0,16.399999618530273,15.989999771118164,12.98249626159668
2001-09-04,220100,17.510000228881836,17.190000534057617,17.530000686645508,17.09000015258789,13.948071479797363
2001-08-31,170500,17.6200008392334,17.850000381469727,17.899999618530273,17.600000381469727,14.48359489440918
2001-08-30,89800,17.670000076293945,17.979999542236328,17.979999542236328,17.65999984741211,14.589078903198242
2001-08-29,109100,18.09000015258789,17.670000076293945,18.09000015258789,17.6200008392334,14.337545394897461
2001-08-28,163500,17.84000015258789,17.770000457763672,17.950000762939453,17.510000228881836,14.418682098388672
2001-08-27,210700,18.100000381469727,17.889999389648438,18.100000381469727,17.75,14.516051292419434
2001-08-24,456200,17.899999618530273,17.90999984741211,18.049999237060547,17.790000915527344,14.532280921936035
2001-08-23,260300,17.979999542236328,17.969999313354492,18.049999237060547,17.950000762939453,14.580962181091309
2001-08-22,180900,17.979999542236328,17.75,18.100000381469727,17.59000015258789,14.402456283569336
2001-08-21,408400,17.950000762939453,18.18000030517578,18.190000534057617,17.809999465942383,14.407083511352539
2001-08-20,387100,17.889999389648438,18.030000686645508,18.030000686645508,17.729999542236328,14.288212776184082
2001-08-17,775200,17.950000762939453,17.959999084472656,18.25,17.68000030517578,14.232739448547363
2001-08-16,433500,18.0,17.979999542236328,18.059999465942383,17.799999237060547,14.24858570098877
2001-08-15,606900,18.139999389648438,18.0,18.18000030517578,17.860000610351562,14.264437675476074
2001-08-14,369100,18.18000030517578,18.079999923706055,18.34000015258789,18.079999923706055,14.327835083007812
2001-08-13,532300,18.479999542236328,18.389999389648438,18.600000381469727,18.219999313354492,14.57349681854248
2001-08-10,668800,18.649999618530273,18.459999084472656,18.700000762939453,18.299999237060547,14.628971099853516
2001-08-09,668500,18.110000610351562,19.0,19.139999389648438,18.110000610351562,15.05690860748291
2001-08-08,275600,18.059999465942383,18.0,18.06999969482422,17.93000030517578,14.264437675476074
2001-08-07,79600,18.149999618530273,18.049999237060547,18.149999618530273,17.969999313354492,14.304059028625488
2001-08-06,115300,18.200000762939453,18.34000015258789,18.399999618530273,18.149999618530273,14.533872604370117
2001-08-03,113400,18.489999771118164,18.170000076293945,18.520000457763672,18.15999984741211,14.399155616760254
2001-08-02,183500,18.010000228881836,18.100000381469727,18.290000915527344,17.950000762939453,14.343684196472168
2001-08-01,332200,18.09000015258789,17.8799991607666,18.100000381469727,17.770000457763672,14.169336318969727
2001-07-31,179600,17.65999984741211,17.760000228881836,18.040000915527344,17.65999984741211,14.07424545288086
2001-07-30,172300,17.920000076293945,17.719999313354492,18.18000030517578,17.709999084472656,14.042546272277832
2001-07-27,267900,17.81999969482422,17.84000015258789,18.049999237060547,17.420000076293945,14.137639045715332
2001-07-26,256000,18.110000610351562,17.979999542236328,18.450000762939453,17.979999542236328,14.24858570098877
2001-07-25,302000,18.799999237060547,18.700000762939453,18.940000534057617,18.5,14.819165229797363
2001-07-24,448900,18.65999984741211,19.049999237060547,19.18000030517578,18.65999984741211,15.096529006958008
2001-07-23,100000,18.700000762939453,18.889999389648438,18.979999542236328,18.600000381469727,14.969734191894531
2001-07-20,341200,18.709999084472656,18.610000610351562,19.170000076293945,18.610000610351562,14.747842788696289
2001-07-19,441300,18.989999771118164,18.920000076293945,19.18000030517578,18.729999542236328,14.993509292602539
2001-07-18,411500,18.799999237060547,19.100000381469727,19.149999618530273,18.399999618530273,15.13615608215332
2001-07-17,80500,18.06999969482422,18.190000534057617,18.34000015258789,18.020000457763672,14.415010452270508
2001-07-16,126900,18.110000610351562,18.0,18.25,17.719999313354492,14.264437675476074
2001-07-13,98900,18.290000915527344,18.139999389648438,18.399999618530273,18.0,14.375380516052246
2001-07-12,95200,18.200000762939453,18.459999084472656,18.59000015258789,18.170000076293945,14.628971099853516
2001-07-11,322300,18.510000228881836,18.459999084472656,18.950000762939453,18.309999465942383,14.628971099853516
2001-07-10,253000,18.170000076293945,18.25,18.329999923706055,18.010000228881836,14.462552070617676
2001-07-09,91400,17.790000915527344,17.790000915527344,17.790000915527344,17.510000228881836,14.0980224609375
2001-07-06,136000,17.290000915527344,17.510000228881836,17.540000915527344,17.219999313354492,13.876124382019043
2001-07-05,244000,17.489999771118164,17.299999237060547,17.75,17.100000381469727,13.709707260131836
2001-07-03,124800,17.75,17.799999237060547,17.989999771118164,17.75,14.105941772460938
2001-07-02,196100,17.959999084472656,17.770000457763672,18.049999237060547,17.719999313354492,14.082164764404297
2001-06-29,242000,18.25,17.90999984741211,18.40999984741211,17.899999618530273,14.193114280700684
2001-06-28,148000,18.700000762939453,17.799999237060547,18.700000762939453,17.760000228881836,14.105941772460938
2001-06-27,339800,18.75,18.709999084472656,18.959999084472656,18.65999984741211,14.827086448669434
2001-06-26,417500,18.799999237060547,18.75,19.0,18.600000381469727,14.858789443969727
2001-06-25,192000,18.700000762939453,18.399999618530273,18.84000015258789,18.34000015258789,14.581425666809082
2001-06-22,88600,18.450000762939453,18.239999771118164,18.5,18.09000015258789,14.454632759094238
2001-06-21,150400,18.06999969482422,18.030000686645508,18.200000762939453,17.950000762939453,14.288212776184082
2001-06-20,226200,18.149999618530273,18.079999923706055,18.18000030517578,17.899999618530273,14.327835083007812
2001-06-19,274700,18.690000534057617,18.399999618530273,18.700000762939453,18.399999618530273,14.581425666809082
2001-06-18,351900,18.6200008392334,18.280000686645508,18.780000686645508,18.139999389648438,14.486328125
2001-06-15,326600,19.010000228881836,18.6200008392334,19.200000762939453,18.40999984741211,14.755767822265625
2001-06-14,493000,18.799999237060547,19.25,19.389999389648438,18.610000610351562,15.255020141601562
2001-06-13,460300,18.950000762939453,19.0,19.040000915527344,18.5,15.05690860748291
2001-06-12,320000,18.8799991607666,18.899999618530273,18.989999771118164,18.770000457763672,14.977657318115234
2001-06-11,232500,18.950000762939453,18.6299991607666,18.950000762939453,18.59000015258789,14.763691902160645
2001-06-08,476400,18.5,19.350000381469727,19.389999389648438,18.399999618530273,15.334268569946289
2001-06-07,278700,18.110000610351562,18.1200008392334,18.299999237060547,18.020000457763672,14.359535217285156
2001-06-06,336000,18.510000228881836,18.110000610351562,18.75,18.110000610351562,14.351611137390137
2001-06-05,236900,18.5,18.700000762939453,18.700000762939453,18.270000457763672,14.819165229797363
2001-06-04,256300,18.950000762939453,18.200000762939453,18.950000762939453,18.059999465942383,14.422930717468262
2001-06-01,243100,18.09000015258789,18.190000534057617,18.350000381469727,17.90999984741211,14.415010452270508
2001-05-31,339200,18.200000762939453,18.100000381469727,18.450000762939453,17.989999771118164,14.343684196472168
2001-05-30,478500,18.799999237060547,18.1299991607666,18.889999389648438,18.1299991607666,14.367454528808594
2001-05-29,247400,19.200000762939453,19.049999237060547,19.200000762939453,18.799999237060547,15.096529006958008
2001-05-25,328400,18.75,19.450000762939453,19.5,18.700000762939453,15.413515090942383
2001-05-24,546400,19.600000381469727,18.5,20.0,18.399999618530273,14.660670280456543
2001-05-23,419200,19.799999237060547,19.299999237060547,19.809999465942383,19.020000457763672,15.29464340209961
2001-05-22,441700,20.5,20.020000457763672,20.649999618530273,19.850000381469727,15.865222930908203
2001-05-21,783800,21.200000762939453,21.149999618530273,21.479999542236328,20.59000015258789,16.760711669921875
2001-05-18,1174000,20.489999771118164,20.899999618530273,22.34000015258789,20.049999237060547,16.562597274780273
2001-05-17,391900,20.5,20.489999771118164,20.729999542236328,20.260000228881836,16.23768424987793
2001-05-16,694500,19.899999618530273,20.190000534057617,20.5,19.809999465942383,15.999945640563965
2001-05-15,207400,19.389999389648438,19.399999618530273,19.700000762939453,19.200000762939453,15.373891830444336
2001-05-14,215000,19.020000457763672,19.5,19.5,19.020000457763672,15.453136444091797
2001-05-11,296200,19.559999465942383,18.959999084472656,19.559999465942383,18.899999618530273,15.025202751159668
2001-05-10,619200,19.709999084472656,19.8799991607666,20.100000381469727,19.399999618530273,15.754280090332031
2001-05-09,1191800,18.450000762939453,19.959999084472656,20.06999969482422,18.280000686645508,15.817671775817871
2001-05-08,89400,17.799999237060547,17.93000030517578,17.969999313354492,17.520000457763672,14.208964347839355
2001-05-07,164300,17.479999542236328,17.90999984741211,18.170000076293945,17.350000381469727,14.193114280700684
2001-05-04,210900,17.649999618530273,17.479999542236328,17.889999389648438,17.200000762939453,13.852350234985352
2001-05-03,187900,18.399999618530273,17.700000762939453,18.5,17.600000381469727,14.02669620513916
2001-05-02,266800,18.399999618530273,18.290000915527344,18.399999618530273,18.010000228881836,14.494251251220703
2001-05-01,244300,17.799999237060547,18.450000762939453,18.540000915527344,17.600000381469727,14.62104606628418
2001-04-30,158000,18.100000381469727,18.100000381469727,18.200000762939453,17.75,14.343684196472168
2001-04-27,312100,17.649999618530273,17.950000762939453,18.100000381469727,17.649999618530273,14.224813461303711
2001-04-26,562700,17.5,18.299999237060547,18.299999237060547,17.260000228881836,14.502175331115723
2001-04-25,339900,17.200000762939453,16.729999542236328,17.200000762939453,16.700000762939453,13.258001327514648
2001-04-24,333700,16.200000762939453,17.5,17.5,16.200000762939453,13.868203163146973
2001-04-23,149400,15.920000076293945,15.989999771118164,16.040000915527344,15.859999656677246,12.671574592590332
2001-04-20,368900,16.25,15.9399995803833,16.25,15.699999809265137,12.631950378417969
2001-04-19,228800,16.549999237060547,16.399999618530273,16.690000534057617,16.309999465942383,12.996485710144043
2001-04-18,486500,16.049999237060547,16.540000915527344,16.540000915527344,16.049999237060547,13.107430458068848
2001-04-17,292200,16.40999984741211,16.489999771118164,16.690000534057617,16.25,13.067811012268066
2001-04-16,174200,16.399999618530273,16.8799991607666,16.899999618530273,16.350000381469727,13.376867294311523
2001-04-12,149100,16.25,16.3799991607666,16.399999618530273,16.049999237060547,12.98063850402832
2001-04-11,257700,16.3799991607666,16.25,16.600000381469727,16.190000534057617,12.877615928649902
2001-04-10,215400,16.489999771118164,16.1299991607666,16.489999771118164,16.100000381469727,12.782520294189453
2001-04-09,175200,16.5,16.260000228881836,16.700000762939453,16.110000610351562,12.885544776916504
2001-04-06,240800,15.649999618530273,16.18000030517578,16.190000534057617,15.649999618530273,12.822144508361816
2001-04-05,236000,15.739999771118164,15.699999809265137,15.789999961853027,15.399999618530273,12.44175910949707
2001-04-04,635500,14.5,15.739999771118164,15.789999961853027,14.5,12.473458290100098
2001-04-03,474100,14.25,14.25,14.350000381469727,14.0,11.292678833007812
2001-04-02,299300,14.399999618530273,13.970000267028809,14.399999618530273,13.970000267028809,11.070788383483887
2001-03-30,242100,14.010000228881836,14.449999809265137,14.479999542236328,14.010000228881836,11.451175689697266
2001-03-29,268700,14.649999618530273,14.279999732971191,14.729999542236328,14.260000228881836,11.316450119018555
2001-03-28,264100,14.699999809265137,14.5,14.75,14.319999694824219,11.490797996520996
2001-03-27,618700,15.800000190734863,14.960000038146973,15.800000190734863,14.8100004196167,11.855331420898438
2001-03-26,154100,15.5,15.350000381469727,15.5,15.199999809265137,12.164395332336426
2001-03-23,163100,15.5,15.279999732971191,15.630000114440918,15.25,12.108922958374023
2001-03-22,282400,14.800000190734863,15.100000381469727,15.220000267028809,14.710000038146973,11.966277122497559
2001-03-21,208600,14.710000038146973,14.699999809265137,14.890000343322754,14.510000228881836,11.649288177490234
2001-03-20,377800,14.890000343322754,14.75,14.979999542236328,14.399999618530273,11.688915252685547
2001-03-19,446700,14.850000381469727,14.699999809265137,15.069999694824219,14.630000114440918,11.649288177490234
2001-03-16,233800,15.350000381469727,14.40999984741211,15.350000381469727,14.40999984741211,11.419471740722656
2001-03-15,247200,16.010000228881836,15.260000228881836,16.010000228881836,15.25,12.093072891235352
2001-03-14,346900,16.149999618530273,16.3799991607666,16.559999465942383,16.0,12.98063850402832
2001-03-13,574000,16.950000762939453,16.329999923706055,16.950000762939453,16.25,12.941014289855957
2001-03-12,556000,17.059999465942383,17.190000534057617,17.489999771118164,16.899999618530273,13.622539520263672
2001-03-09,677700,17.5,16.809999465942383,17.75,16.799999237060547,13.321396827697754
2001-03-08,894300,16.25,17.229999542236328,17.25,16.1299991607666,13.654236793518066
2001-03-07,158500,16.399999618530273,16.260000228881836,16.5,16.110000610351562,12.885544776916504
2001-03-06,289100,16.5,16.059999465942383,16.5,16.059999465942383,12.727046012878418
2001-03-05,266800,15.899999618530273,16.690000534057617,16.690000534057617,15.869999885559082,13.226304054260254
2001-03-02,468300,15.550000190734863,15.75,16.100000381469727,15.539999961853027,12.481382369995117
2001-03-01,254200,16.020000457763672,16.020000457763672,16.399999618530273,15.850000381469727,12.69534969329834
2001-02-28,344400,16.399999618530273,16.25,16.5,16.010000228881836,12.877615928649902
2001-02-27,755400,18.139999389648438,17.010000228881836,18.139999389648438,17.010000228881836,13.479891777038574
2001-02-26,1023200,16.09000015258789,17.190000534057617,17.200000762939453,15.75,13.622539520263672
2001-02-23,875100,14.960000038146973,15.899999618530273,16.239999771118164,14.869999885559082,12.600251197814941
2001-02-22,765000,14.010000228881836,14.859999656677246,14.989999771118164,13.960000038146973,11.776083946228027
2001-02-21,354200,13.630000114440918,14.0,14.0,13.609999656677246,11.094560623168945
2001-02-20,251100,14.100000381469727,13.8100004196167,14.15999984741211,13.770000457763672,10.613927841186523
2001-02-16,507000,13.699999809265137,14.050000190734863,14.100000381469727,13.699999809265137,10.798385620117188
2001-02-15,216500,13.859999656677246,13.619999885559082,14.050000190734863,13.609999656677246,10.467901229858398
2001-02-14,110300,13.880000114440918,13.720000267028809,14.199999809265137,13.720000267028809,10.544757843017578
2001-02-13,196100,14.100000381469727,13.880000114440918,14.199999809265137,13.880000114440918,10.667728424072266
2001-02-12,141700,13.510000228881836,13.65999984741211,13.90999984741211,13.510000228881836,10.49864387512207
2001-02-09,310400,13.210000038146973,13.329999923706055,13.579999923706055,13.149999618530273,10.245018005371094
2001-02-08,340900,13.800000190734863,13.210000038146973,13.84000015258789,13.210000038146973,10.152788162231445
2001-02-07,258000,13.960000038146973,13.819999694824219,13.960000038146973,13.710000038146973,10.621612548828125
2001-02-06,158900,13.890000343322754,13.989999771118164,14.0,13.75,10.752270698547363
2001-02-05,295200,13.819999694824219,14.0600004196167,14.1899995803833,13.710000038146973,10.806073188781738
2001-02-02,321500,14.010000228881836,13.819999694824219,14.010000228881836,13.800000190734863,10.621612548828125
2001-02-01,419600,14.300000190734863,14.34000015258789,14.449999809265137,14.050000190734863,11.021269798278809
2001-01-31,228700,14.220000267028809,14.40999984741211,14.520000457763672,14.119999885559082,11.075068473815918
2001-01-30,322100,14.3100004196167,14.260000228881836,14.359999656677246,14.180000305175781,10.959787368774414
2001-01-29,271400,14.65999984741211,14.319999694824219,14.65999984741211,14.260000228881836,11.005900382995605
2001-01-26,377600,14.3125,14.5625,14.5625,14.25,11.192279815673828
2001-01-25,228400,14.4375,14.5,14.625,14.4375,11.144244194030762
2001-01-24,324300,14.6875,14.4375,14.6875,14.4375,11.096205711364746
2001-01-23,387900,14.8125,14.9375,15.25,14.5625,11.480491638183594
2001-01-22,1001600,14.375,15.375,15.4375,14.1875,11.816739082336426
2001-01-19,312900,14.1875,14.375,14.375,14.125,11.048171043395996
2001-01-18,428400,13.9375,14.125,14.3125,13.875,10.856026649475098
2001-01-17,237100,14.0,14.0,14.125,13.75,10.759957313537598
2001-01-16,112500,14.1875,14.0625,14.25,14.0625,10.807990074157715
2001-01-12,123700,14.3125,14.3125,14.4375,14.125,11.00013542175293
2001-01-11,178500,14.4375,14.125,14.4375,14.125,10.856026649475098
2001-01-10,92600,14.375,14.125,14.5,14.125,10.856026649475098
2001-01-09,143600,14.5,14.5,14.875,14.4375,11.144244194030762
2001-01-08,122200,14.625,14.5,14.625,14.375,11.144244194030762
2001-01-05,143000,14.3125,14.375,14.75,14.3125,11.048171043395996
2001-01-04,127100,14.375,14.3125,14.6875,14.3125,11.00013542175293
2001-01-03,266300,14.5,14.4375,14.875,14.375,11.096205711364746
2001-01-02,274700,14.9375,14.5,15.125,14.5,11.144244194030762
2000-12-29,165900,14.875,14.9375,15.0625,14.8125,11.480491638183594
2000-12-28,296400,15.125,15.0625,15.25,14.9375,11.576560974121094
2000-12-27,178500,15.375,15.0625,15.375,14.875,11.576560974121094
2000-12-26,164200,15.25,14.875,15.25,14.875,11.432456970214844
2000-12-22,172600,15.125,15.125,15.3125,15.0,11.62459945678711
2000-12-21,445800,14.875,15.25,15.375,14.8125,11.720666885375977
2000-12-20,399500,14.375,14.6875,14.75,14.3125,11.288349151611328
2000-12-19,151200,14.125,14.0625,14.25,13.9375,10.807990074157715
2000-12-18,211200,14.1875,13.875,14.1875,13.875,10.663887977600098
2000-12-15,339900,13.6875,14.125,14.125,13.5625,10.856026649475098
2000-12-14,98500,13.875,13.5625,13.875,13.3125,10.423709869384766
2000-12-13,181900,14.0,13.8125,14.0625,13.6875,10.615850448608398
2000-12-12,147300,14.0,14.0,14.125,14.0,10.759957313537598
2000-12-11,209000,13.9375,14.0,14.0625,13.625,10.759957313537598
2000-12-08,314300,13.9375,14.0625,14.125,13.5625,10.807990074157715
2000-12-07,251500,14.4375,14.0625,14.4375,13.9375,10.807990074157715
2000-12-06,396000,13.4375,14.25,14.4375,13.3125,10.952099800109863
2000-12-05,488900,13.125,13.1875,13.3125,13.0625,10.13549518585205
2000-12-04,520200,13.0,13.3125,13.375,12.8125,10.231568336486816
2000-12-01,385700,12.4375,12.5625,12.75,12.25,9.655138969421387
2000-11-30,367400,12.75,12.375,12.8125,12.375,9.51103401184082
2000-11-29,139500,12.9375,12.8125,12.9375,12.75,9.847283363342285
2000-11-28,386500,13.0625,12.9375,13.125,12.75,9.943353652954102
2000-11-27,625100,12.6875,13.1875,13.1875,12.6875,10.13549518585205
2000-11-24,278100,13.25,12.9375,13.25,12.8125,9.943353652954102
2000-11-22,517100,12.75,13.3125,13.3125,12.75,10.231568336486816
2000-11-21,267900,12.75,12.8125,12.9375,12.625,9.847283363342285
2000-11-20,156800,12.875,12.875,13.125,12.75,9.895318984985352
2000-11-17,320000,13.1875,12.8125,13.3125,12.8125,9.847283363342285
2000-11-16,205200,13.4375,13.25,13.4375,13.125,10.183530807495117
2000-11-15,150500,13.4375,13.3125,13.5,13.25,10.231568336486816
2000-11-14,162300,13.5,13.375,13.5625,13.375,10.27960205078125
2000-11-13,209800,13.5,13.625,13.9375,13.5,10.471745491027832
2000-11-10,153600,13.5625,13.6875,13.75,13.5625,10.51977825164795
2000-11-09,188900,13.5,13.75,14.0625,13.5,10.567814826965332
2000-11-08,246800,14.25,14.0,14.25,13.5,10.759957313537598
2000-11-07,246900,14.25,14.125,14.4375,14.0,10.856026649475098
2000-11-06,71300,14.1875,14.125,14.25,14.0625,10.856026649475098
2000-11-03,125000,14.125,14.1875,14.1875,13.8125,10.904064178466797
2000-11-02,206800,14.375,14.0625,14.5,14.0625,10.807990074157715
2000-11-01,99400,14.4375,14.3125,14.5625,14.25,11.00013542175293
2000-10-31,216300,14.375,14.375,14.5,14.25,11.048171043395996
2000-10-30,265800,14.5,14.5,14.8125,14.4375,11.144244194030762
2000-10-27,190500,14.4375,14.625,14.6875,14.1875,11.240314483642578
2000-10-26,582500,14.875,14.5625,14.9375,14.25,11.192279815673828
2000-10-25,115300,15.4375,15.25,15.4375,15.0,11.720666885375977
2000-10-24,126200,16.0,15.75,16.0,15.6875,12.104952812194824
2000-10-23,113800,16.0,16.0,16.125,15.875,12.297094345092773
2000-10-20,322800,16.25,16.125,16.375,15.9375,12.393165588378906
2000-10-19,61800,16.1875,16.4375,16.5,16.125,12.633345603942871
2000-10-18,148500,16.5625,16.1875,16.6875,16.1875,12.44119930267334
2000-10-17,119500,17.0,16.5625,17.0,16.375,12.729414939880371
2000-10-16,66100,17.1875,17.0625,17.4375,17.0625,13.11369800567627
2000-10-13,231500,17.5,17.4375,17.9375,17.3125,13.401910781860352
2000-10-12,364600,16.75,17.5,17.8125,16.6875,13.44994831085205
2000-10-11,154900,17.125,16.625,17.25,16.5,12.777450561523438
2000-10-10,113900,16.75,16.875,17.125,16.625,12.969592094421387
2000-10-09,85000,16.75,16.6875,17.0625,16.625,12.825484275817871
2000-10-06,255700,16.6875,16.4375,16.75,16.375,12.633345603942871
2000-10-05,255600,17.0,16.75,17.1875,16.5,12.873518943786621
2000-10-04,191500,17.4375,17.1875,17.625,16.9375,13.209770202636719
2000-10-03,201000,18.0,17.4375,18.0625,17.125,13.401910781860352
2000-10-02,156200,18.5,18.0,18.5,17.8125,13.834232330322266
2000-09-29,156000,18.4375,18.375,18.625,18.0,14.122443199157715
2000-09-28,143200,19.375,18.6875,19.375,18.6875,14.362624168395996
2000-09-27,178000,18.625,19.25,19.375,18.5625,14.794939994812012
2000-09-26,80300,18.5625,18.3125,18.625,18.25,14.074406623840332
2000-09-25,129700,18.5,18.5,18.5625,18.3125,14.218515396118164
2000-09-22,150500,18.6875,18.25,18.6875,18.1875,14.026371955871582
2000-09-21,89300,17.75,18.0625,18.0625,17.6875,13.882267951965332
2000-09-20,171100,18.25,17.875,18.3125,17.6875,13.73816204071045
2000-09-19,177100,18.5,18.125,18.5625,18.0625,13.93030071258545
2000-09-18,208300,18.75,18.6875,18.9375,18.4375,14.362624168395996
2000-09-15,234100,19.25,18.5625,19.375,18.5625,14.266550064086914
2000-09-14,63100,19.75,19.375,19.875,19.25,14.891008377075195
2000-09-13,57800,19.5625,19.75,19.8125,19.5,15.179232597351074
2000-09-12,242700,19.6875,19.875,20.25,19.625,15.275296211242676
2000-09-11,52900,19.75,19.625,19.75,19.4375,15.08315372467041
2000-09-08,106100,19.875,19.75,19.9375,19.6875,15.179232597351074
2000-09-07,117400,19.875,20.0625,20.125,19.6875,15.419403076171875
2000-09-06,101100,19.75,19.9375,20.0625,19.75,15.323331832885742
2000-09-05,84400,19.9375,19.875,19.9375,19.75,15.275296211242676
2000-09-01,137200,19.8125,20.125,20.1875,19.6875,15.467438697814941
2000-08-31,251000,19.3125,19.8125,20.1875,19.3125,15.227256774902344
2000-08-30,93000,19.125,19.3125,19.3125,19.0625,14.842976570129395
2000-08-29,36400,19.3125,19.3125,19.5,19.125,14.842976570129395
2000-08-28,81900,19.4375,19.0625,19.4375,19.0625,14.650839805603027
2000-08-25,87900,19.625,19.4375,19.625,19.3125,14.939045906066895
2000-08-24,64000,19.5,19.375,19.625,19.375,14.891008377075195
2000-08-23,56800,19.375,19.375,19.75,19.25,14.891008377075195
2000-08-22,68800,19.3125,19.5625,19.625,19.3125,15.035120964050293
2000-08-21,102800,19.8125,19.25,19.8125,19.1875,14.794939994812012
2000-08-18,120400,20.1875,19.8125,20.1875,19.75,15.227256774902344
2000-08-17,76800,20.8125,20.5625,20.875,20.5,15.803689002990723
2000-08-16,123000,20.5625,20.875,20.875,20.25,16.043867111206055
2000-08-15,83200,20.375,20.25,20.375,20.125,15.563508987426758
2000-08-14,114200,20.125,20.4375,20.4375,20.0,15.70761489868164
2000-08-11,203700,19.5625,20.375,20.4375,19.5625,15.659584999084473
2000-08-10,138200,19.125,19.5,19.5,19.0625,14.987080574035645
2000-08-09,68100,19.4375,18.8125,19.4375,18.8125,14.458691596984863
2000-08-08,48300,19.625,19.5,19.625,19.3125,14.573596954345703
2000-08-07,59900,19.3125,19.1875,19.4375,19.1875,14.340045928955078
2000-08-04,174500,19.125,19.0625,19.1875,18.9375,14.246623992919922
2000-08-03,261600,19.6875,18.3125,19.75,18.3125,13.686098098754883
2000-08-02,180500,19.6875,19.75,19.9375,19.5625,14.760436058044434
2000-08-01,76000,19.875,19.6875,19.9375,19.5625,14.713725090026855
2000-07-31,66500,19.9375,19.8125,19.9375,19.625,14.807147979736328
2000-07-28,36100,19.625,19.9375,19.9375,19.625,14.90056324005127
2000-07-27,60100,19.625,19.8125,19.8125,19.5,14.807147979736328
2000-07-26,257200,19.0,19.8125,19.8125,19.0,14.807147979736328
2000-07-25,83500,18.875,18.8125,19.125,18.75,14.059786796569824
2000-07-24,77500,18.75,18.625,18.8125,18.5,13.919652938842773
2000-07-21,451200,18.8125,18.5625,19.0625,18.0,13.872939109802246
2000-07-20,115900,19.3125,18.8125,19.3125,18.8125,14.059786796569824
2000-07-19,158000,19.5625,19.1875,19.625,19.125,14.340045928955078
2000-07-18,173900,19.9375,19.875,20.0625,19.8125,14.85385799407959
2000-07-17,71600,19.8125,19.8125,19.875,19.625,14.807147979736328
2000-07-14,62400,20.0,19.8125,20.0,19.8125,14.807147979736328
2000-07-13,147600,20.125,19.875,20.1875,19.875,14.85385799407959
2000-07-12,305800,20.3125,20.0,20.3125,19.9375,14.947273254394531
2000-07-11,234800,19.375,20.0625,20.125,19.375,14.993987083435059
2000-07-10,103300,19.1875,19.375,19.375,19.1875,14.480175018310547
2000-07-07,145500,19.5625,19.0625,19.5625,18.9375,14.246623992919922
2000-07-06,54800,19.625,19.4375,19.625,19.375,14.526884078979492
2000-07-05,167200,19.75,19.375,20.0,19.375,14.480175018310547
2000-07-03,79700,20.25,20.0625,20.4375,20.0625,14.993987083435059
2000-06-30,117800,20.5,20.5625,20.5625,20.25,15.36767292022705
2000-06-29,93400,20.875,20.375,20.875,20.3125,15.22753620147705
2000-06-28,205300,20.375,21.0625,21.1875,20.25,15.741351127624512
2000-06-27,212000,19.875,20.25,20.3125,19.75,15.134119033813477
2000-06-26,200900,19.9375,20.0,20.1875,19.875,14.947273254394531
2000-06-23,132400,20.3125,19.9375,20.375,19.875,14.90056324005127
2000-06-22,144400,20.5,20.3125,20.6875,20.1875,15.180828094482422
2000-06-21,161400,20.5625,20.4375,20.5625,20.125,15.274248123168945
2000-06-20,167000,20.8125,20.375,21.0,20.3125,15.22753620147705
2000-06-19,215700,21.4375,20.6875,21.4375,20.625,15.461087226867676
2000-06-16,340600,21.375,21.1875,21.5,21.0625,15.834771156311035
2000-06-15,110300,21.125,21.125,21.25,20.75,15.788061141967773
2000-06-14,251700,21.25,21.375,21.625,21.25,15.974898338317871
2000-06-13,287200,21.4375,21.0,21.625,20.9375,15.6946382522583
2000-06-12,253900,20.5,20.5,20.6875,20.3125,15.320956230163574
2000-06-09,194700,20.5625,19.9375,20.625,19.75,14.90056324005127
2000-06-08,117900,21.0625,20.5625,21.0625,20.5,15.36767292022705
2000-06-07,99600,21.5,21.4375,21.5625,21.1875,16.0216121673584
2000-06-06,176700,22.0,21.625,22.0625,21.5625,16.161739349365234
2000-06-05,205400,21.6875,21.5625,22.0625,21.1875,16.11503028869629
2000-06-02,302400,20.375,21.625,21.625,20.3125,16.161739349365234
2000-06-01,103800,19.6875,19.6875,19.875,19.625,14.713725090026855
2000-05-31,274200,19.75,19.5625,19.9375,19.5625,14.620304107666016
2000-05-30,231800,19.625,19.4375,19.6875,19.1875,14.526884078979492
2000-05-26,130600,18.5,18.75,19.125,18.5,14.013072967529297
2000-05-25,259100,18.3125,18.25,18.5625,18.25,13.639394760131836
2000-05-24,435100,18.4375,18.125,18.5,18.0625,13.545967102050781
2000-05-23,126200,18.5,18.625,18.6875,18.4375,13.919652938842773
2000-05-22,476500,18.4375,18.5,19.0625,18.3125,13.8262300491333
2000-05-19,374100,18.25,18.375,18.75,18.25,13.73281192779541
2000-05-18,340700,18.5,18.5,18.875,18.3125,13.8262300491333
2000-05-17,314000,19.0,18.875,19.125,18.5625,14.106491088867188
2000-05-16,242000,19.6875,19.75,19.8125,19.5,14.760436058044434
2000-05-15,191600,19.8125,19.75,20.125,19.75,14.760436058044434
2000-05-12,115400,20.0,20.0625,20.1875,19.75,14.993987083435059
2000-05-11,131400,20.1875,20.0,20.3125,20.0,14.947273254394531
2000-05-10,307200,19.6875,20.0,20.3125,19.6875,14.947273254394531
2000-05-09,296600,19.8125,19.6875,19.875,19.5,14.713725090026855
2000-05-08,184200,19.9375,19.875,19.9375,19.625,14.85385799407959
2000-05-05,350300,20.375,20.0625,20.375,19.6875,14.993987083435059
2000-05-04,1052400,20.0,20.3125,20.4375,19.9375,15.180828094482422
2000-05-03,547700,20.625,19.8125,20.6875,19.8125,14.807147979736328
2000-05-02,786600,19.375,21.5625,21.625,19.375,16.11503028869629
2000-05-01,116700,19.4375,19.75,19.875,19.375,14.760436058044434
2000-04-28,304200,19.0625,19.4375,19.4375,18.875,14.526884078979492
2000-04-27,202300,19.8125,20.3125,20.4375,19.8125,15.180828094482422
2000-04-26,452800,19.75,20.1875,20.1875,19.5,15.08740520477295
2000-04-25,89900,20.625,20.5625,20.75,20.375,15.36767292022705
2000-04-24,106100,20.375,20.25,20.75,20.25,15.134119033813477
2000-04-20,199400,20.875,20.125,21.125,20.125,15.040698051452637
2000-04-19,342500,20.75,20.9375,20.9375,20.4375,15.647932052612305
2000-04-18,304100,21.0,21.1875,21.1875,20.5625,15.834771156311035
2000-04-17,240300,22.5,22.1875,22.5,21.6875,16.582134246826172
2000-04-14,585900,22.1875,22.9375,23.125,22.0,17.142656326293945
2000-04-13,80700,22.3125,22.25,22.3125,22.0,16.62884521484375
2000-04-12,190500,22.25,22.3125,22.5,21.1875,16.675554275512695
2000-04-11,144700,22.875,22.625,23.0,22.625,16.90910530090332
2000-04-10,212700,22.6875,22.8125,23.0,22.5625,17.049238204956055
2000-04-07,121000,22.625,22.9375,23.0625,22.5,17.142656326293945
2000-04-06,79000,23.3125,23.375,23.6875,23.1875,17.46962547302246
2000-04-05,112300,23.5625,24.0,24.0,23.3125,17.93672752380371
2000-04-04,157700,23.9375,24.3125,25.0,23.5625,18.170278549194336
2000-04-03,47400,24.0625,24.0,24.125,23.875,17.93672752380371
2000-03-31,175500,23.625,24.0,24.1875,23.625,17.93672752380371
2000-03-30,90500,24.0,23.5,24.25,23.5,17.563051223754883
2000-03-29,50100,24.375,24.1875,24.75,24.125,18.076862335205078
2000-03-28,88600,25.0,24.75,25.0,24.5625,18.497249603271484
2000-03-27,117100,24.9375,25.0,25.0,24.8125,18.68409538269043
2000-03-24,77600,24.75,24.9375,25.0625,24.625,18.63738441467285
2000-03-23,70700,24.8125,24.6875,24.875,24.5,18.450546264648438
2000-03-22,80500,25.1875,24.5625,25.1875,24.5625,18.35712242126465
2000-03-21,130100,24.625,25.625,25.625,24.625,19.151195526123047
2000-03-20,105400,24.25,24.5,24.625,24.1875,18.310409545898438
2000-03-17,182400,25.9375,24.375,25.9375,23.75,18.216991424560547
2000-03-16,141500,25.1875,25.0,25.1875,24.75,18.68409538269043
2000-03-15,99100,25.1875,25.4375,25.4375,24.9375,19.011066436767578
2000-03-14,33700,25.8125,25.4375,25.8125,25.375,19.011066436767578
2000-03-13,65900,25.8125,25.8125,26.0,25.375,19.29132652282715
2000-03-10,40500,25.875,25.75,25.9375,25.0,19.244617462158203
2000-03-09,87000,25.9375,26.0625,26.1875,25.875,19.478168487548828
2000-03-08,227900,26.1875,25.75,26.375,25.625,19.244617462158203
2000-03-07,230000,25.8125,26.625,27.0,25.8125,19.898557662963867
2000-03-06,123100,25.4375,25.9375,26.0,25.375,19.384748458862305
2000-03-03,69800,25.9375,25.75,25.9375,25.375,19.244617462158203
2000-03-02,156100,26.625,26.625,26.625,26.25,19.898557662963867
2000-03-01,102300,26.375,26.75,26.75,26.1875,19.991975784301758
2000-02-29,107600,26.0,25.625,26.0,25.625,19.151195526123047
2000-02-28,81000,25.125,25.0,25.4375,25.0,18.68409538269043
2000-02-25,212700,25.375,25.125,25.375,24.75,18.777509689331055
2000-02-24,174000,26.875,25.75,26.875,25.75,19.244617462158203
2000-02-23,103600,27.75,26.625,27.75,26.25,19.898557662963867
2000-02-22,219500,27.75,28.0,28.4375,27.375,20.284423828125
2000-02-18,212200,28.0,28.1875,28.25,27.875,20.420259475708008
2000-02-17,129200,28.0,27.625,28.125,27.4375,20.012758255004883
2000-02-16,63500,26.9375,27.1875,27.4375,26.9375,19.695810317993164
2000-02-15,112000,26.5,26.6875,27.0625,26.5,19.333593368530273
2000-02-14,73000,27.0,26.5,27.0,25.875,19.197763442993164
2000-02-11,109200,26.875,26.875,26.875,26.25,19.469425201416016
2000-02-10,186300,27.3125,27.3125,27.9375,27.0,19.786365509033203
2000-02-09,209200,27.3125,27.3125,27.9375,26.875,19.786365509033203
2000-02-08,99700,26.25,26.375,26.6875,26.1875,19.10720443725586
2000-02-07,521200,27.8125,26.4375,28.0625,26.3125,19.15247917175293
2000-02-04,747400,25.25,27.1875,27.1875,25.1875,19.695810317993164
2000-02-03,143600,24.9375,24.875,25.25,24.375,18.020540237426758
2000-02-02,43800,24.8125,24.9375,25.0,24.8125,18.065814971923828
2000-02-01,65900,24.75,24.4375,24.75,24.4375,17.703598022460938
2000-01-31,71400,24.0,24.0,24.375,23.875,17.386648178100586
2000-01-28,159400,24.5625,23.0,24.875,23.0,16.66220474243164
2000-01-27,187200,25.0,25.3125,25.3125,24.5625,18.337482452392578
2000-01-26,60800,25.3125,25.0,25.625,25.0,18.11109161376953
2000-01-25,103300,26.25,25.9375,26.25,25.625,18.79025650024414
2000-01-24,179900,26.0,25.625,26.0,25.375,18.563871383666992
2000-01-21,185100,27.5,25.75,27.5,25.75,18.65442657470703
2000-01-20,70100,28.375,27.875,28.375,27.875,20.19386863708496
2000-01-19,140700,28.5,28.625,28.625,28.125,20.737201690673828
2000-01-18,214200,28.5,28.6875,28.6875,27.875,20.782480239868164
2000-01-14,80100,26.75,26.6875,26.9375,26.625,19.333593368530273
2000-01-13,101000,26.0625,26.5625,26.625,26.0,19.243038177490234
2000-01-12,74200,25.9375,25.6875,26.0,25.6875,18.609148025512695
2000-01-11,101300,26.0625,26.0625,26.0625,25.75,18.880815505981445
2000-01-10,140900,26.5,26.0,26.5625,26.0,18.83553695678711
2000-01-07,151000,25.3125,25.8125,26.0,25.3125,18.699703216552734
2000-01-06,41500,24.5625,24.875,24.9375,24.5625,18.020540237426758
2000-01-05,117500,24.6875,25.0,25.0625,24.625,18.11109161376953
2000-01-04,143400,24.625,24.9375,25.6875,24.5625,18.065814971923828
2000-01-03,56300,25.5,25.5625,25.875,25.375,18.518587112426758
1999-12-31,112400,25.375,25.6875,25.8125,25.375,18.609148025512695
1999-12-30,90900,25.1875,25.375,25.4375,25.125,18.382762908935547
1999-12-29,150300,25.5,25.3125,25.8125,25.125,18.337482452392578
1999-12-28,129500,25.9375,25.375,25.9375,25.1875,18.382762908935547
1999-12-27,111200,25.6875,25.8125,25.9375,25.4375,18.699703216552734
1999-12-23,183300,25.5625,25.6875,26.25,25.5625,18.609148025512695
1999-12-22,117800,26.125,25.5,26.125,25.0625,18.47331428527832
1999-12-21,266700,25.5625,25.875,26.4375,25.3125,18.74498176574707
1999-12-20,234400,25.8125,24.875,25.8125,24.875,18.020540237426758
1999-12-17,296100,26.0,25.3125,26.0,25.3125,18.337482452392578
1999-12-16,225600,23.9375,24.125,24.375,23.8125,17.477205276489258
1999-12-15,342600,23.9375,24.3125,24.5,23.9375,17.613033294677734
1999-12-14,69400,23.9375,23.75,23.9375,23.6875,17.20553970336914
1999-12-13,257000,23.5625,23.8125,23.875,23.5625,17.250818252563477
1999-12-10,201400,23.9375,23.75,24.25,23.75,17.20553970336914
1999-12-09,348800,24.5625,23.875,24.5625,23.875,17.296096801757812
1999-12-08,193600,24.75,24.75,25.1875,24.5625,17.92997932434082
1999-12-07,310200,24.5625,25.0,25.1875,24.5,18.11109161376953
1999-12-06,310800,24.5,24.5625,24.75,24.4375,17.79414939880371
1999-12-03,201600,24.875,25.1875,25.3125,24.875,18.246929168701172
1999-12-02,349900,25.1875,24.8125,25.375,24.5625,17.975255966186523
1999-12-01,286800,25.6875,25.25,25.8125,25.1875,18.29220199584961
1999-11-30,166000,26.125,25.6875,26.125,25.5625,18.609148025512695
1999-11-29,440500,26.75,26.25,26.75,25.6875,19.01664924621582
1999-11-26,209800,27.625,27.625,27.625,27.5,20.012758255004883
1999-11-24,370000,27.75,27.9375,27.9375,27.4375,20.239151000976562
1999-11-23,342300,27.25,27.5625,27.625,27.125,19.96747398376465
1999-11-22,396400,27.3125,26.75,27.3125,26.25,19.378868103027344
1999-11-19,151100,28.0,27.625,28.0625,27.625,20.012758255004883
1999-11-18,223200,28.5,28.0,28.5,28.0,20.284423828125
1999-11-17,292600,28.4375,28.375,28.6875,28.3125,20.556093215942383
1999-11-16,280800,28.625,28.4375,28.6875,28.0,20.601369857788086
1999-11-15,140600,28.5,28.625,28.625,28.4375,20.737201690673828
1999-11-12,121700,28.5,28.625,28.875,28.375,20.737201690673828
1999-11-11,155600,28.9375,28.75,28.9375,28.6875,20.8277587890625
1999-11-10,426400,28.625,29.125,29.1875,28.625,21.099424362182617
1999-11-09,267600,28.125,28.625,28.9375,27.625,20.737201690673828
1999-11-08,224600,28.1875,28.375,28.4375,27.9375,20.556093215942383
1999-11-05,328100,28.8125,28.625,28.9375,28.5,20.737201690673828
1999-11-04,133300,28.0625,28.25,28.375,28.0,20.465534210205078
1999-11-03,190600,27.375,27.5625,28.0,27.3125,19.96747398376465
1999-11-02,420700,27.0625,27.3125,27.3125,27.0,19.786365509033203
1999-11-01,247600,27.5625,27.0,27.5625,26.875,19.55997657775879
1999-10-29,515300,27.5,28.0625,28.25,27.5,20.3297061920166
1999-10-28,475100,27.0,27.0,27.5,26.25,19.55997657775879
1999-10-27,396300,25.4375,25.625,25.875,25.375,18.563871383666992
1999-10-26,530100,25.625,24.8125,25.6875,24.75,17.975255966186523
1999-10-25,430400,25.4375,25.875,26.0,25.125,18.74498176574707
1999-10-22,145200,26.25,25.6875,26.375,25.25,18.609148025512695
1999-10-21,282500,27.25,27.0,27.25,26.0625,19.55997657775879
1999-10-20,121200,28.4375,27.9375,28.4375,27.875,20.239151000976562
1999-10-19,301600,28.6875,28.1875,28.8125,27.625,20.420259475708008
1999-10-18,142800,28.9375,29.0625,29.25,28.9375,21.054149627685547
1999-10-15,197500,28.6875,28.75,29.0,28.4375,20.8277587890625
1999-10-14,248700,29.8125,28.75,30.0,28.1875,20.8277587890625
1999-10-13,211500,29.9375,29.9375,30.25,29.875,21.688037872314453
1999-10-12,191800,29.875,29.5,30.125,29.5,21.371089935302734
1999-10-11,323200,29.0625,29.6875,29.8125,28.6875,21.506925582885742
1999-10-08,337600,30.8125,30.0,31.1875,29.8125,21.733318328857422
1999-10-07,144200,31.8125,31.0625,32.125,31.0625,22.503036499023438
1999-10-06,153800,32.1875,31.8125,32.875,31.4375,23.046367645263672
1999-10-05,589400,33.75,32.9375,34.3125,32.5625,23.861370086669922
1999-10-04,373900,33.0,33.5,33.9375,32.625,24.268863677978516
1999-10-01,230300,32.25,31.9375,32.5625,31.5,23.136924743652344
1999-09-30,432000,32.0,31.4375,32.625,31.0625,22.774702072143555
1999-09-29,638500,33.875,33.5625,33.9375,31.875,24.31414222717285
1999-09-28,1382600,36.0,34.5,37.0,34.0,24.993309020996094
1999-09-27,877400,30.5,34.375,34.6875,30.5,24.902748107910156
1999-09-24,343000,27.25,28.9375,29.0,27.25,20.96358871459961
1999-09-23,86700,27.125,26.9375,27.5625,26.875,19.51470184326172
1999-09-22,259300,27.375,27.375,27.8125,27.1875,19.831649780273438
1999-09-21,275100,25.75,26.5625,26.5625,25.75,19.243038177490234
1999-09-20,112100,24.75,25.0625,25.4375,24.75,18.1563720703125
1999-09-17,276500,26.125,25.0,26.125,24.75,18.11109161376953
1999-09-16,92600,26.1875,26.0,26.1875,25.8125,18.83553695678711
1999-09-15,114600,27.25,26.4375,27.25,26.4375,19.15247917175293
1999-09-14,150100,27.3125,27.4375,27.625,27.3125,19.876922607421875
1999-09-13,99300,27.25,27.1875,27.3125,26.8125,19.695810317993164
1999-09-10,172200,27.1875,27.125,27.25,26.5,19.650535583496094
1999-09-09,65300,27.25,27.375,27.625,27.1875,19.831649780273438
1999-09-08,162500,26.9375,26.875,27.25,26.75,19.469425201416016
1999-09-07,141500,26.3125,26.875,27.0,26.3125,19.469425201416016
1999-09-03,111400,26.1875,26.0625,26.3125,25.875,18.880815505981445
1999-09-02,79200,25.4375,26.0625,26.375,25.3125,18.880815505981445
1999-09-01,85500,25.8125,25.6875,25.8125,25.3125,18.609148025512695
1999-08-31,192100,25.1875,25.875,26.0,25.1875,18.74498176574707
1999-08-30,122800,24.75,25.3125,25.5,24.75,18.337482452392578
1999-08-27,32100,24.5,25.0,25.0625,24.5,18.11109161376953
1999-08-26,113900,24.3125,24.5625,24.6875,24.3125,17.79414939880371
1999-08-25,82900,24.3125,24.25,24.4375,24.25,17.567764282226562
1999-08-24,143600,24.0625,24.875,25.0,24.0625,18.020540237426758
1999-08-23,73100,24.5,24.625,24.75,24.4375,17.839433670043945
1999-08-20,234200,25.0,25.0,25.0,24.6875,18.11109161376953
1999-08-19,304200,24.9375,24.875,25.25,24.6875,18.020540237426758
1999-08-18,253000,26.0,25.75,26.1875,25.75,18.65442657470703
1999-08-17,146700,26.0,26.5625,26.625,26.0,18.764541625976562
1999-08-16,101400,25.5625,25.5,25.625,25.125,18.01396369934082
1999-08-13,118100,26.0,26.0,26.10930061340332,25.6875,18.367176055908203
1999-08-12,209900,26.5,26.25,26.625,26.0,18.54378318786621
1999-08-11,495800,26.0,27.0625,27.375,25.875,19.117755889892578
1999-08-10,288400,24.5625,24.875,24.9375,24.5625,17.572444915771484
1999-08-09,137300,22.9375,23.6875,23.6875,22.875,16.733556747436523
1999-08-06,53600,22.875,22.875,23.0,22.6875,16.159584045410156
1999-08-05,449400,22.8125,22.75,23.0,22.625,16.071273803710938
1999-08-04,328400,22.375,22.8125,22.9375,22.3125,16.11543083190918
1999-08-03,163600,21.3125,22.0,22.125,21.3125,15.541455268859863
1999-08-02,38400,21.125,21.0,21.1875,20.75,14.835023880004883
1999-07-30,53400,21.3125,21.125,21.4375,20.6875,14.923332214355469
1999-07-29,181500,20.375,21.375,21.5,20.375,15.09994125366211
1999-07-28,26000,20.125,20.5625,20.5625,20.125,14.525964736938477
1999-07-27,41800,20.3125,20.3125,20.4375,20.125,14.34935188293457
1999-07-26,75700,20.6875,20.25,20.6875,20.1875,14.305203437805176
1999-07-23,29800,20.8125,20.5625,20.9375,20.4375,14.525964736938477
1999-07-22,155600,20.5625,20.9375,21.875,20.375,14.790876388549805
1999-07-21,87100,19.9375,20.3125,20.5,19.9375,14.34935188293457
1999-07-20,82100,19.3125,20.0,20.125,19.3125,14.128596305847168
1999-07-19,62600,19.3125,19.1875,19.4375,19.125,13.554619789123535
1999-07-16,93100,19.625,19.375,19.9375,19.0625,13.687077522277832
1999-07-15,32000,19.1875,19.1875,19.3125,19.0,13.554619789123535
1999-07-14,72400,19.5625,19.3125,19.5625,19.125,13.642922401428223
1999-07-13,134600,19.875,19.75,19.875,19.3125,13.951991081237793
1999-07-12,88900,20.5625,20.3125,20.9375,20.3125,14.34935188293457
1999-07-09,124700,21.25,20.8125,21.25,20.6875,14.702573776245117
1999-07-08,97800,21.0,20.75,21.0,20.5625,14.658418655395508
1999-07-07,114200,20.5625,20.5,20.5625,20.1875,14.481809616088867
1999-07-06,227900,21.5625,20.375,21.5625,20.1875,14.393511772155762
1999-07-02,49600,21.8125,22.0,22.0,21.8125,15.541455268859863
1999-07-01,64200,21.75,21.875,21.875,21.6875,15.453155517578125
1999-06-30,93200,21.3125,21.5,21.5,21.25,15.188241958618164
1999-06-29,102600,21.5,21.375,21.5,21.25,15.09994125366211
1999-06-28,86100,20.5625,21.0625,21.125,20.5625,14.879178047180176
1999-06-25,56400,20.1875,20.0625,20.375,19.8125,14.17275333404541
1999-06-24,113500,19.875,20.0,20.375,19.8125,14.128596305847168
1999-06-23,79900,19.0,19.875,19.9375,19.0,14.040295600891113
1999-06-22,57000,18.9375,19.0,19.125,18.8125,13.422165870666504
1999-06-21,36900,19.1875,18.875,19.3125,18.8125,13.333863258361816
1999-06-18,88000,19.3125,19.1875,19.375,19.0,13.554619789123535
1999-06-17,31600,19.125,19.125,19.125,18.875,13.510469436645508
1999-06-16,53600,18.5,18.8125,18.9375,18.5,13.28971004486084
1999-06-15,59900,19.25,18.625,19.25,18.625,13.157258987426758
1999-06-14,45100,19.5625,19.25,19.5625,19.0625,13.598773956298828
1999-06-11,47200,19.0,19.5,19.625,19.0,13.77538013458252
1999-06-10,117900,18.8125,19.0,19.375,18.75,13.422165870666504
1999-06-09,84100,18.625,18.8125,19.0,18.625,13.28971004486084
1999-06-08,127100,19.125,18.8125,19.1875,18.8125,13.28971004486084
1999-06-07,48800,19.6875,19.5625,19.6875,19.3125,13.819533348083496
1999-06-04,32500,19.5625,19.5,19.625,19.25,13.77538013458252
1999-06-03,60000,19.4375,19.6875,19.9375,19.3125,13.907840728759766
1999-06-02,41700,20.125,19.6875,20.125,19.4375,13.907840728759766
1999-06-01,74100,19.75,19.75,19.8125,19.4375,13.951991081237793
1999-05-28,119100,19.9375,20.125,20.125,19.625,14.216901779174805
1999-05-27,219100,18.875,19.875,19.875,18.75,14.040295600891113
1999-05-26,153700,18.9375,19.125,19.4375,18.875,13.510469436645508
1999-05-25,139500,19.5625,19.0625,19.5625,18.875,13.466318130493164
1999-05-24,226100,19.75,19.5625,19.9375,19.5,13.819533348083496
1999-05-21,130600,20.625,20.1875,20.6875,20.1875,14.261052131652832
1999-05-20,107100,20.8125,20.6875,20.875,20.625,14.614265441894531
1999-05-19,101600,20.25,20.3125,20.625,20.125,14.34935188293457
1999-05-18,118200,21.3125,20.8125,21.5,20.75,14.702573776245117
1999-05-17,58000,21.875,21.375,21.875,21.3125,15.09994125366211
1999-05-14,113200,21.375,21.625,21.8125,21.375,15.276541709899902
1999-05-13,79800,21.625,21.5,21.875,21.4375,15.188241958618164
1999-05-12,38900,21.5,21.5625,21.75,21.4375,15.23239517211914
1999-05-11,146300,21.4375,21.5625,22.0,21.375,15.23239517211914
1999-05-10,220400,22.0,21.1875,22.0,21.125,14.96747875213623
1999-05-07,285200,22.8125,22.9375,23.0,22.5625,16.20372772216797
1999-05-06,286400,24.0,24.125,24.3125,24.0,17.042619705200195
1999-05-05,288600,22.9375,24.25,24.4375,22.9375,17.130922317504883
1999-05-04,79100,23.9375,23.3125,23.9375,22.8125,16.46864128112793
1999-05-03,85400,23.625,24.4375,24.4375,23.5,17.263385772705078
1999-04-30,207200,23.5625,23.875,24.0625,23.4375,16.866008758544922
1999-04-29,280000,22.6875,23.4375,23.5,22.4375,16.55695343017578
1999-04-28,142600,21.625,22.75,22.75,21.5625,16.071273803710938
1999-04-27,162200,21.1875,21.4375,21.4375,21.125,15.144085884094238
1999-04-26,59900,21.75,21.0625,21.75,21.0625,14.879178047180176
1999-04-23,36100,21.9375,21.625,21.9375,21.5625,15.276541709899902
1999-04-22,76000,21.5625,21.875,21.9375,21.5625,15.453155517578125
1999-04-21,63000,21.875,22.0,22.0625,21.625,15.541455268859863
1999-04-20,81400,23.0,22.8125,23.25,22.75,16.11543083190918
1999-04-19,232300,23.4375,23.0625,23.4375,23.0,16.29203987121582
1999-04-16,201700,22.8125,23.1875,23.3125,22.6875,16.380340576171875
1999-04-15,290900,20.6875,21.6875,21.75,20.6875,15.320697784423828
1999-04-14,77900,20.5,20.0,20.5625,19.875,14.128596305847168
1999-04-13,119700,19.9375,20.3125,20.4375,19.9375,14.34935188293457
1999-04-12,43200,20.0625,19.9375,20.125,19.875,14.084446907043457
1999-04-09,40300,19.875,19.6875,19.9375,19.375,13.907840728759766
1999-04-08,28900,20.0,19.875,20.0,19.625,14.040295600891113
1999-04-07,81900,19.8125,19.875,20.0,19.75,14.040295600891113
1999-04-06,55500,19.6875,20.0,20.0625,19.5625,14.128596305847168
1999-04-05,65200,20.0625,19.875,20.125,19.875,14.040295600891113
1999-04-01,81400,20.1875,20.125,20.375,20.0,14.216901779174805
1999-03-31,79100,19.5,20.125,20.125,19.5,14.216901779174805
1999-03-30,115100,19.5,19.5,19.5,19.25,13.77538013458252
1999-03-29,96800,19.1875,19.125,19.1875,18.75,13.510469436645508
1999-03-26,82200,19.5625,19.0,19.5625,18.875,13.422165870666504
1999-03-25,74000,19.375,19.5625,19.6875,19.375,13.819533348083496
1999-03-24,38100,19.4375,19.375,19.4375,19.125,13.687077522277832
1999-03-23,48400,19.25,19.25,19.375,19.0625,13.598773956298828
1999-03-22,46400,19.4375,19.25,19.4375,19.125,13.598773956298828
1999-03-19,32200,19.375,19.3125,19.5,19.1875,13.642922401428223
1999-03-18,65200,19.625,19.375,19.625,19.375,13.687077522277832
1999-03-17,45000,20.1875,19.8125,20.25,19.5,13.996143341064453
1999-03-16,147200,20.375,19.9375,20.375,19.25,14.084446907043457
1999-03-15,37800,20.75,20.125,20.75,20.125,14.216901779174805
1999-03-12,66800,21.875,21.4375,21.875,21.4375,15.144085884094238
1999-03-11,121600,22.4375,22.6875,22.875,22.0625,16.02712631225586
1999-03-10,35100,21.25,21.625,21.75,21.25,15.276541709899902
1999-03-09,221600,21.3125,21.6875,21.875,21.25,15.320697784423828
1999-03-08,69000,20.625,21.125,21.1875,20.5,14.923332214355469
1999-03-05,29400,20.0625,20.1875,20.375,20.0625,14.261052131652832
1999-03-04,52900,19.9375,20.3125,20.3125,19.9375,14.34935188293457
1999-03-03,63200,19.0625,19.4375,19.4375,19.0625,13.731231689453125
1999-03-02,75000,18.875,19.0,19.25,18.875,13.422165870666504
1999-03-01,69000,18.5,18.4375,18.6875,18.3125,13.024796485900879
1999-02-26,27400,18.5,18.125,18.5,18.125,12.804040908813477
1999-02-25,75400,18.3125,18.5625,18.5625,18.125,13.1131010055542
1999-02-24,63600,18.3125,18.0625,18.5,18.0625,12.759888648986816
1999-02-23,54100,18.625,18.4375,18.6875,18.375,13.024796485900879
1999-02-22,37000,19.25,18.5625,19.25,18.3125,13.1131010055542
1999-02-19,70500,19.25,19.25,19.375,19.0,13.598773956298828
1999-02-18,17900,19.25,19.375,19.4375,19.1875,13.687077522277832
1999-02-17,190600,18.875,19.0,19.125,18.75,13.422165870666504
1999-02-16,100200,19.1875,19.3125,19.3125,19.0,13.17357063293457
1999-02-12,65000,20.125,19.5625,20.125,19.4375,13.344104766845703
1999-02-11,114300,19.75,19.6875,20.0,19.625,13.429374694824219
1999-02-10,91500,20.125,19.25,20.125,19.25,13.130941390991211
1999-02-09,50900,20.4375,20.0,20.4375,20.0,13.642537117004395
1999-02-08,98700,20.5,20.75,21.125,20.375,14.154130935668945
1999-02-05,70400,20.4375,20.375,20.625,20.3125,13.898337364196777
1999-02-04,164000,20.25,20.375,20.5,19.9375,13.898337364196777
1999-02-03,35700,20.1875,19.9375,20.25,19.875,13.599905014038086
1999-02-02,86100,20.0,20.4375,20.5625,20.0,13.940966606140137
1999-02-01,152800,20.75,20.375,20.75,20.25,13.898337364196777
1999-01-29,207500,20.25,20.0,20.25,19.875,13.642537117004395
1999-01-28,98600,19.75,19.875,20.125,19.5625,13.557271957397461
1999-01-27,116000,20.6875,19.875,20.6875,19.75,13.557271957397461
1999-01-26,147300,20.4375,20.125,20.5,19.9375,13.727804183959961
1999-01-25,212900,20.375,20.375,20.6875,20.375,13.898337364196777
1999-01-22,156800,20.875,20.375,20.875,20.375,13.898337364196777
1999-01-21,146700,21.125,21.0,21.25,20.875,14.32465934753418
1999-01-20,156100,21.0625,21.0,21.1875,20.875,14.32465934753418
1999-01-19,106100,21.75,21.5,21.75,21.1875,14.665727615356445
1999-01-15,84400,20.875,21.875,21.9375,20.875,14.921526908874512
1999-01-14,83200,21.0625,20.9375,21.125,20.75,14.28203296661377
1999-01-13,61100,21.25,21.3125,21.5,20.9375,14.537830352783203
1999-01-12,171600,22.25,21.75,22.25,21.5625,14.836256980895996
1999-01-11,251100,21.5625,22.140600204467773,22.4375,21.5,15.102693557739258
1999-01-08,171400,22.0625,21.75,22.0625,21.625,14.836256980895996
1999-01-07,134100,21.6875,22.3125,22.5,21.6875,15.219951629638672
1999-01-06,101500,20.875,21.625,21.75,20.875,14.750988006591797
1999-01-05,29300,19.8125,20.125,20.3125,19.75,13.727804183959961
1999-01-04,83800,19.9375,19.5625,19.9375,19.375,13.344104766845703
1998-12-31,47400,19.125,19.5625,19.6875,19.125,13.344104766845703
1998-12-30,76800,19.5625,19.125,19.875,19.125,13.045674324035645
1998-12-29,99300,19.375,19.5,19.6875,19.3125,13.301470756530762
1998-12-28,59700,19.8125,19.1875,20.0,19.125,13.088306427001953
1998-12-24,30800,19.4375,19.8125,19.8125,19.4375,13.514639854431152
1998-12-23,320300,18.875,19.4375,19.4375,18.25,13.258841514587402
1998-12-22,202300,19.75,18.75,19.75,18.625,12.789878845214844
1998-12-21,214800,20.4375,19.6875,20.4375,19.5,13.429374694824219
1998-12-18,89300,20.0,20.4375,20.8125,20.0,13.940966606140137
1998-12-17,122600,21.875,20.625,21.875,20.5,14.068866729736328
1998-12-16,116500,20.6875,21.0625,21.125,20.5,14.367294311523438
1998-12-15,86300,20.5625,20.125,20.625,20.125,13.727804183959961
1998-12-14,53200,19.75,19.9375,20.1875,19.75,13.599905014038086
1998-12-11,110400,20.125,19.875,20.1875,19.6875,13.557271957397461
1998-12-10,195400,20.3125,20.75,20.75,20.3125,14.154130935668945
1998-12-09,181500,19.625,19.8125,20.0,19.625,13.514639854431152
1998-12-08,174000,20.375,19.5625,20.375,19.5,13.344104766845703
1998-12-07,262600,20.125,20.3125,20.625,20.125,13.855697631835938
1998-12-04,164200,20.8125,19.625,20.9375,19.375,13.386737823486328
1998-12-03,78400,20.9375,21.0625,21.375,20.875,14.367294311523438
1998-12-02,109300,22.0,21.3125,22.0,21.0625,14.537830352783203
1998-12-01,159700,22.75,22.0,23.125,21.75,15.00678825378418
1998-11-30,254900,24.125,22.5625,24.125,22.5625,15.390483856201172
1998-11-27,32500,24.125,24.3125,24.3125,24.0625,16.58420753479004
1998-11-25,72800,24.125,24.375,24.5,24.0,16.62683868408203
1998-11-24,60900,24.5,24.125,24.5,24.125,16.456308364868164
1998-11-23,119100,24.375,24.1875,24.4375,24.0,16.498945236206055
1998-11-20,68800,25.1875,24.4375,25.1875,24.4375,16.669479370117188
1998-11-19,111500,25.875,24.875,25.875,24.8125,16.967906951904297
1998-11-18,215800,24.75,25.0,25.5,24.6875,17.05316925048828
1998-11-17,15500,23.8125,24.0625,24.25,23.75,16.413671493530273
1998-11-16,78900,23.9375,24.0,24.125,23.625,16.37104606628418
1998-11-13,117000,24.25,23.8125,24.75,23.75,16.24314308166504
1998-11-12,187900,23.0,23.9375,24.0,22.625,16.328411102294922
1998-11-11,87500,23.5,23.0,23.625,23.0,15.688920974731445
1998-11-10,48400,23.5625,23.6875,24.0,23.375,16.157878875732422
1998-11-09,30900,24.0625,24.0,24.0625,23.75,16.37104606628418
1998-11-06,220100,24.5625,24.125,24.9375,24.125,16.456308364868164
1998-11-05,315100,24.6875,24.5625,25.125,24.0,16.75473976135254
1998-11-04,248100,24.0,24.4375,24.75,23.5,16.669479370117188
1998-11-03,128300,24.25,24.0,24.25,23.5625,16.37104606628418
1998-11-02,46200,24.9375,24.625,25.0625,24.5,16.797374725341797
1998-10-30,73500,25.4375,25.0,25.4375,24.9375,17.05316925048828
1998-10-29,93200,25.6875,25.5625,25.9375,25.375,17.436861038208008
1998-10-28,41700,25.625,25.5625,25.6875,25.3125,17.436861038208008
1998-10-27,189100,25.125,25.875,25.875,25.125,17.650033950805664
1998-10-26,84900,24.5,24.5,24.625,24.4375,16.712112426757812
1998-10-23,22700,24.875,24.625,24.875,24.625,16.797374725341797
1998-10-22,58900,24.625,24.625,24.8125,24.5,16.797374725341797
1998-10-21,20300,25.5,25.5,25.6875,25.4375,17.39423370361328
1998-10-20,96600,25.5,25.5,25.75,25.375,17.39423370361328
1998-10-19,67600,25.8125,25.25,25.875,25.125,17.223697662353516
1998-10-16,198400,26.75,26.0625,26.75,25.375,17.777929306030273
1998-10-15,270800,25.5625,25.1875,26.0,24.625,17.181072235107422
1998-10-14,168100,25.0625,24.9375,25.375,24.875,17.010536193847656
1998-10-13,277300,25.75,25.125,26.0,25.0625,17.13843536376953
1998-10-12,235600,27.6875,25.5,27.6875,25.0625,17.39423370361328
1998-10-09,169400,29.5,28.0625,29.5,27.75,19.142183303833008
1998-10-08,417100,31.0,30.125,31.0,29.8125,20.549062728881836
1998-10-07,299000,28.5,30.0625,30.25,28.5,20.50643539428711
1998-10-06,140400,26.75,27.75,27.875,26.5625,18.929019927978516
1998-10-05,166500,28.5,27.0,28.5,26.875,18.41742706298828
1998-10-02,491300,29.25,29.25,29.625,28.8125,19.95220947265625
1998-10-01,489000,28.0,29.125,29.25,27.25,19.866945266723633
1998-09-30,173900,26.5,26.875,27.125,26.125,18.332162857055664
1998-09-29,133200,26.375,26.625,26.875,26.375,18.16162872314453
1998-09-28,299000,24.5,26.25,26.3125,24.375,17.90582847595215
1998-09-25,348100,25.0,25.125,25.375,24.4375,17.13843536376953
1998-09-24,276000,21.5,23.6875,23.75,21.5,16.157878875732422
1998-09-23,136400,21.5625,21.25,21.5625,20.75,14.495196342468262
1998-09-22,46800,21.75,21.5625,22.0,21.5625,14.708361625671387
1998-09-21,99000,22.625,22.1875,22.625,22.125,15.134687423706055
1998-09-18,35400,22.5,22.125,22.5,21.75,15.092056274414062
1998-09-17,74000,22.25,22.5,22.6875,22.0,15.34785270690918
1998-09-16,148500,22.0,21.0625,22.25,21.0,14.367294311523438
1998-09-15,29300,22.25,22.25,22.4375,22.125,15.177325248718262
1998-09-14,97000,22.5,22.0,22.5,21.3125,15.00678825378418
1998-09-11,217700,24.0625,22.625,24.375,22.625,15.433121681213379
1998-09-10,308300,22.375,23.375,24.0625,22.25,15.944713592529297
1998-09-09,52400,20.8125,20.9375,21.0,20.4375,14.28203296661377
1998-09-08,150700,22.0,21.0,22.5,20.0,14.32465934753418
1998-09-04,214700,20.3125,21.75,22.5,20.3125,14.836256980895996
1998-09-03,246900,18.125,20.625,20.6875,18.0625,14.068866729736328
1998-09-02,45700,18.0625,18.5,18.6875,17.8125,12.619348526000977
1998-09-01,109600,17.5,18.6875,18.6875,17.375,12.747248649597168
1998-08-31,117300,17.17180061340332,16.25,17.17180061340332,16.0625,11.084561347961426
1998-08-28,109400,16.5625,16.3125,17.125,16.0,11.12719440460205
1998-08-27,98400,17.0,16.8125,17.125,16.5,11.468257904052734
1998-08-26,112300,18.375,17.5625,18.375,17.5,11.979851722717285
1998-08-25,53200,19.0,18.875,19.5,18.8125,12.875144004821777
1998-08-24,73500,19.875,19.75,19.875,19.0625,13.472006797790527
1998-08-21,102700,19.625,19.9375,20.0,19.5,13.599905014038086
1998-08-20,76700,19.9375,19.75,20.0,19.25,13.472006797790527
1998-08-19,58000,20.25,19.75,20.25,19.75,13.472006797790527
1998-08-18,20100,20.25,20.3125,20.375,20.125,13.855697631835938
1998-08-17,40000,20.4375,20.375,20.4375,20.125,13.898337364196777
1998-08-14,28700,20.125,20.3125,20.375,20.0,13.855697631835938
1998-08-13,61500,19.4375,20.0,20.1875,19.4375,13.642537117004395
1998-08-12,69200,20.9375,20.75,21.0,20.625,14.154130935668945
1998-08-11,101500,21.25,21.5,21.5,21.125,14.665727615356445
1998-08-10,73300,22.125,22.25,22.25,22.0625,15.177325248718262
1998-08-07,89800,21.75,22.0,22.125,21.75,15.00678825378418
1998-08-06,90700,21.3125,21.75,21.8125,21.25,14.836256980895996
1998-08-05,107900,21.25,21.375,21.6875,21.0,14.580464363098145
