date,volume,open,close,high,low,adjclose
2018-11-16,3219,15.270000457763672,15.529999732971191,15.529999732971191,15.420000076293945,15.529999732971191
2018-11-15,2700,15.470000267028809,15.260000228881836,15.470000267028809,15.260000228881836,15.260000228881836
2018-11-14,2400,15.5,15.600000381469727,15.630000114440918,15.5,15.600000381469727
2018-11-13,15200,15.289999961853027,15.140000343322754,15.300000190734863,15.140000343322754,15.140000343322754
2018-11-12,1400,15.359999656677246,15.350000381469727,15.359999656677246,15.319999694824219,15.350000381469727
2018-11-09,5300,15.220000267028809,15.199999809265137,15.329999923706055,15.199999809265137,15.199999809265137
2018-11-08,1000,15.380000114440918,15.300000190734863,15.380000114440918,15.289999961853027,15.300000190734863
2018-11-07,600,15.390000343322754,15.420000076293945,15.420000076293945,15.390000343322754,15.420000076293945
2018-11-06,53700,15.489999771118164,15.359999656677246,15.489999771118164,15.359999656677246,15.359999656677246
2018-11-05,5200,15.529999732971191,15.5,15.550000190734863,15.5,15.5
2018-11-02,2100,15.420000076293945,15.470000267028809,15.470000267028809,15.420000076293945,15.470000267028809
2018-11-01,400,15.4399995803833,15.399999618530273,15.4399995803833,15.399999618530273,15.399999618530273
2018-10-31,2700,15.359999656677246,15.34000015258789,15.359999656677246,15.329999923706055,15.34000015258789
2018-10-30,3200,15.899999618530273,15.40999984741211,15.899999618530273,15.390000343322754,15.40999984741211
2018-10-29,1200,15.609999656677246,15.550000190734863,15.609999656677246,15.520000457763672,15.550000190734863
2018-10-26,2000,15.539999961853027,15.670000076293945,15.670000076293945,15.539999961853027,15.670000076293945
2018-10-25,700,15.600000381469727,15.600000381469727,15.600000381469727,15.600000381469727,15.600000381469727
2018-10-24,9400,15.779999732971191,15.640000343322754,15.779999732971191,15.59000015258789,15.640000343322754
2018-10-23,200,15.720000267028809,15.720000267028809,15.720000267028809,15.720000267028809,15.720000267028809
2018-10-22,1000,15.800000190734863,15.800000190734863,15.800000190734863,15.800000190734863,15.800000190734863
2018-10-19,1900,15.930000305175781,15.84000015258789,15.930000305175781,15.84000015258789,15.84000015258789
2018-10-18,1800,15.890000343322754,15.90999984741211,15.90999984741211,15.890000343322754,15.90999984741211
2018-10-17,1300,16.010000228881836,16.020000457763672,16.020000457763672,16.010000228881836,16.020000457763672
2018-10-16,1200,16.040000915527344,16.049999237060547,16.049999237060547,16.040000915527344,16.049999237060547
2018-10-15,1700,16.049999237060547,16.09000015258789,16.09000015258789,16.010000228881836,16.09000015258789
2018-10-12,1700,15.960000038146973,15.90999984741211,15.960000038146973,15.869999885559082,15.90999984741211
2018-10-11,6700,15.829999923706055,15.8100004196167,15.899999618530273,15.800000190734863,15.8100004196167
2018-10-10,0,16.06999969482422,16.06999969482422,16.06999969482422,16.06999969482422,16.06999969482422
2018-10-09,0,16.06999969482422,16.06999969482422,16.06999969482422,16.06999969482422,16.06999969482422
2018-10-08,4700,16.040000915527344,16.06999969482422,16.06999969482422,16.040000915527344,16.06999969482422
2018-10-05,300,16.020000457763672,16.020000457763672,16.020000457763672,16.020000457763672,16.020000457763672
2018-10-04,3800,16.15999984741211,16.010000228881836,16.15999984741211,16.010000228881836,16.010000228881836
2018-10-03,2300,16.030000686645508,16.15999984741211,16.15999984741211,16.030000686645508,16.15999984741211
2018-10-02,4800,16.440000534057617,16.06999969482422,16.440000534057617,16.049999237060547,16.06999969482422
2018-10-01,4900,15.850000381469727,15.949999809265137,15.960000038146973,15.829999923706055,15.949999809265137
2018-09-28,6800,15.710000038146973,15.6899995803833,15.710000038146973,15.670000076293945,15.6899995803833
2018-09-27,1400,15.600000381469727,15.59000015258789,15.600000381469727,15.59000015258789,15.59000015258789
2018-09-26,1500,15.630000114440918,15.569999694824219,15.630000114440918,15.569999694824219,15.569999694824219
2018-09-25,5300,15.6899995803833,15.680000305175781,15.6899995803833,15.630000114440918,15.680000305175781
2018-09-24,6800,15.510000228881836,15.600000381469727,15.609999656677246,15.510000228881836,15.600000381469727
2018-09-21,5500,15.529999732971191,15.449999809265137,15.529999732971191,15.449999809265137,15.449999809265137
2018-09-20,20400,15.640000343322754,15.399999618530273,15.640000343322754,15.3100004196167,15.399999618530273
2018-09-19,2100,15.289999961853027,15.279999732971191,15.300000190734863,15.279999732971191,15.279999732971191
2018-09-18,5500,15.3100004196167,15.15999984741211,15.3100004196167,15.119999885559082,15.15999984741211
2018-09-17,4100,15.199999809265137,15.119999885559082,15.199999809265137,15.119999885559082,15.119999885559082
2018-09-14,0,15.199999809265137,15.199999809265137,15.199999809265137,15.199999809265137,15.199999809265137
2018-09-13,1000,15.229999542236328,15.199999809265137,15.229999542236328,15.170000076293945,15.199999809265137
2018-09-12,181800,15.25,15.380000114440918,15.380000114440918,15.25,15.380000114440918
2018-09-11,8100,15.229999542236328,15.25,15.25,15.229999542236328,15.25
2018-09-10,1200,15.260000228881836,15.260000228881836,15.260000228881836,15.260000228881836,15.260000228881836
2018-09-07,300,15.140000343322754,15.140000343322754,15.140000343322754,15.140000343322754,15.140000343322754
2018-09-06,600,15.25,15.130000114440918,15.25,15.130000114440918,15.130000114440918
2018-09-05,16200,15.1899995803833,15.180000305175781,15.25,15.180000305175781,15.180000305175781
2018-09-04,2000,15.279999732971191,15.279999732971191,15.279999732971191,15.279999732971191,15.279999732971191
2018-08-31,600,15.319999694824219,15.350000381469727,15.350000381469727,15.319999694824219,15.350000381469727
2018-08-30,4800,15.100000381469727,15.3100004196167,15.369999885559082,13.9399995803833,15.3100004196167
2018-08-29,3400,15.300000190734863,15.420000076293945,15.420000076293945,15.300000190734863,15.420000076293945
2018-08-28,1700,15.359999656677246,15.289999961853027,15.359999656677246,15.289999961853027,15.289999961853027
2018-08-27,3800,15.359999656677246,15.350000381469727,15.390000343322754,15.350000381469727,15.350000381469727
2018-08-24,600,15.359999656677246,15.359999656677246,15.359999656677246,15.359999656677246,15.359999656677246
2018-08-23,4100,15.460000038146973,15.229999542236328,15.460000038146973,15.220000267028809,15.229999542236328
2018-08-22,800,14.65999984741211,15.270000457763672,15.279999732971191,14.65999984741211,15.270000457763672
2018-08-21,4000,15.170000076293945,15.279999732971191,15.329999923706055,15.170000076293945,15.279999732971191
2018-08-20,14500,15.289999961853027,15.279999732971191,15.289999961853027,15.279999732971191,15.279999732971191
2018-08-17,2200,15.239999771118164,15.380000114440918,15.380000114440918,15.239999771118164,15.380000114440918
2018-08-16,1500,15.130000114440918,15.180000305175781,15.239999771118164,15.130000114440918,15.180000305175781
2018-08-15,3200,15.119999885559082,15.119999885559082,15.119999885559082,15.0600004196167,15.119999885559082
2018-08-14,1100,15.449999809265137,15.390000343322754,15.449999809265137,15.369999885559082,15.390000343322754
2018-08-13,6200,14.899999618530273,15.3100004196167,15.350000381469727,13.420000076293945,15.3100004196167
2018-08-10,1600,15.579999923706055,15.569999694824219,15.630000114440918,15.569999694824219,15.569999694824219
2018-08-09,3100,15.649999618530273,15.619999885559082,15.649999618530273,15.550000190734863,15.619999885559082
2018-08-08,25100,15.680000305175781,15.609999656677246,15.680000305175781,15.569999694824219,15.609999656677246
2018-08-07,3300,15.739999771118164,15.729999542236328,15.739999771118164,15.720000267028809,15.729999542236328
2018-08-06,1200,15.600000381469727,15.649999618530273,15.670000076293945,15.600000381469727,15.649999618530273
2018-08-03,4200,15.229999542236328,15.5600004196167,15.5600004196167,15.229999542236328,15.5600004196167
2018-08-02,38300,15.5,15.479999542236328,15.529999732971191,15.479999542236328,15.479999542236328
2018-08-01,5300,15.529999732971191,15.5,15.550000190734863,15.479999542236328,15.5
2018-07-31,1900,15.6899995803833,15.710000038146973,15.729999542236328,15.6899995803833,15.710000038146973
2018-07-30,134900,15.6899995803833,15.6899995803833,15.710000038146973,15.649999618530273,15.6899995803833
2018-07-27,600,15.579999923706055,15.640000343322754,15.640000343322754,15.579999923706055,15.640000343322754
2018-07-26,2100,15.569999694824219,15.539999961853027,15.569999694824219,15.539999961853027,15.539999961853027
2018-07-25,300,15.539999961853027,15.539999961853027,15.539999961853027,15.539999961853027,15.539999961853027
2018-07-24,4300,15.359999656677246,15.380000114440918,15.4399995803833,15.359999656677246,15.380000114440918
2018-07-23,3000,15.369999885559082,15.3100004196167,15.40999984741211,15.3100004196167,15.3100004196167
2018-07-20,1200,15.300000190734863,15.369999885559082,15.369999885559082,15.300000190734863,15.369999885559082
2018-07-19,1500,15.130000114440918,15.229999542236328,15.229999542236328,15.130000114440918,15.229999542236328
2018-07-18,7000,15.119999885559082,15.220000267028809,15.25,15.119999885559082,15.220000267028809
2018-07-17,10800,15.180000305175781,15.180000305175781,15.210000038146973,15.180000305175781,15.180000305175781
2018-07-16,4700,15.270000457763672,15.1899995803833,15.270000457763672,15.1899995803833,15.1899995803833
2018-07-13,4200,15.300000190734863,15.399999618530273,15.399999618530273,15.300000190734863,15.399999618530273
2018-07-12,15200,14.899999618530273,15.34000015258789,15.380000114440918,14.899999618530273,15.34000015258789
2018-07-11,22100,15.569999694824219,15.510000228881836,15.569999694824219,15.5,15.510000228881836
2018-07-10,400,15.350000381469727,15.350000381469727,15.350000381469727,15.350000381469727,15.350000381469727
2018-07-09,1600,15.859999656677246,15.779999732971191,15.859999656677246,15.779999732971191,15.779999732971191
2018-07-06,8400,16.299999237060547,15.84000015258789,16.299999237060547,15.670000076293945,15.84000015258789
2018-07-05,1300,15.8100004196167,15.65999984741211,15.8100004196167,15.65999984741211,15.65999984741211
2018-07-03,1200,15.829999923706055,15.770000457763672,15.829999923706055,15.770000457763672,15.770000457763672
2018-07-02,1700,15.930000305175781,15.760000228881836,15.930000305175781,15.760000228881836,15.760000228881836
2018-06-29,11300,16.06999969482422,16.079999923706055,16.100000381469727,16.059999465942383,16.079999923706055
2018-06-28,3700,15.989999771118164,15.949999809265137,15.989999771118164,15.949999809265137,15.949999809265137
2018-06-27,151800,16.020000457763672,15.920000076293945,16.020000457763672,15.920000076293945,15.920000076293945
2018-06-26,6500,15.899999618530273,15.920000076293945,15.920000076293945,15.899999618530273,15.920000076293945
2018-06-25,600,15.890000343322754,15.819999694824219,15.890000343322754,15.819999694824219,15.819999694824219
2018-06-22,200,15.880000114440918,15.880000114440918,15.880000114440918,15.880000114440918,15.880000114440918
2018-06-21,900,15.880000114440918,15.869999885559082,15.890000343322754,15.869999885559082,15.869999885559082
2018-06-20,100,15.949999809265137,15.949999809265137,15.949999809265137,15.949999809265137,15.949999809265137
2018-06-19,4200,17.0,15.880000114440918,17.0,15.800000190734863,15.880000114440918
2018-06-18,5600,16.1299991607666,16.09000015258789,16.1299991607666,16.059999465942383,16.09000015258789
2018-06-15,0,16.440000534057617,16.440000534057617,16.440000534057617,16.440000534057617,16.440000534057617
2018-06-14,700,16.440000534057617,16.440000534057617,16.440000534057617,16.440000534057617,16.440000534057617
2018-06-13,500,16.579999923706055,16.579999923706055,16.579999923706055,16.579999923706055,16.579999923706055
2018-06-12,600,16.489999771118164,16.540000915527344,16.540000915527344,16.489999771118164,16.540000915527344
2018-06-11,300,16.479999542236328,16.479999542236328,16.479999542236328,16.479999542236328,16.479999542236328
2018-06-08,2200,16.59000015258789,16.540000915527344,16.59000015258789,16.5,16.540000915527344
2018-06-07,500,16.6299991607666,16.530000686645508,16.6299991607666,16.530000686645508,16.530000686645508
2018-06-06,200,16.520000457763672,16.520000457763672,16.520000457763672,16.520000457763672,16.520000457763672
2018-06-05,2300,16.450000762939453,16.469999313354492,16.479999542236328,16.3799991607666,16.469999313354492
2018-06-04,0,16.670000076293945,16.670000076293945,16.670000076293945,16.670000076293945,16.670000076293945
2018-06-01,0,16.670000076293945,16.670000076293945,16.670000076293945,16.670000076293945,16.670000076293945
2018-05-31,7200,16.770000457763672,16.670000076293945,16.770000457763672,16.649999618530273,16.670000076293945
2018-05-30,3100,16.6299991607666,16.65999984741211,16.65999984741211,16.579999923706055,16.65999984741211
2018-05-29,200,16.56999969482422,16.56999969482422,16.56999969482422,16.56999969482422,16.56999969482422
2018-05-25,10400,16.700000762939453,16.68000030517578,16.829999923706055,16.670000076293945,16.68000030517578
2018-05-24,15700,16.90999984741211,16.860000610351562,16.920000076293945,16.850000381469727,16.860000610351562
2018-05-23,5600,16.799999237060547,16.81999969482422,16.860000610351562,16.799999237060547,16.81999969482422
2018-05-22,300,16.8799991607666,16.799999237060547,16.8799991607666,16.799999237060547,16.799999237060547
2018-05-21,900,16.700000762939453,16.729999542236328,16.729999542236328,16.700000762939453,16.729999542236328
2018-05-18,700,16.6299991607666,16.6200008392334,16.6299991607666,16.6200008392334,16.6200008392334
2018-05-17,0,16.530000686645508,16.530000686645508,16.530000686645508,16.530000686645508,16.530000686645508
2018-05-16,2600,16.549999237060547,16.530000686645508,16.549999237060547,16.5,16.530000686645508
2018-05-15,300,16.5,16.5,16.5,16.5,16.5
2018-05-14,300,16.579999923706055,16.579999923706055,16.579999923706055,16.579999923706055,16.579999923706055
2018-05-11,600,16.540000915527344,16.540000915527344,16.540000915527344,16.540000915527344,16.540000915527344
2018-05-10,5600,16.639999389648438,16.59000015258789,16.639999389648438,16.549999237060547,16.59000015258789
2018-05-09,0,16.510000228881836,16.510000228881836,16.510000228881836,16.510000228881836,16.510000228881836
2018-05-08,300,16.510000228881836,16.510000228881836,16.510000228881836,16.510000228881836,16.510000228881836
2018-05-07,900,16.479999542236328,16.450000762939453,16.489999771118164,16.450000762939453,16.450000762939453
2018-05-04,1900,16.5,16.489999771118164,16.530000686645508,16.489999771118164,16.489999771118164
2018-05-03,1000,16.3799991607666,16.479999542236328,16.479999542236328,16.3799991607666,16.479999542236328
2018-05-02,0,16.3700008392334,16.3700008392334,16.3700008392334,16.3700008392334,16.3700008392334
2018-05-01,1700,16.360000610351562,16.3700008392334,16.3700008392334,16.360000610351562,16.3700008392334
2018-04-30,2500,16.309999465942383,16.43000030517578,16.43000030517578,16.309999465942383,16.43000030517578
2018-04-27,1600,16.25,16.350000381469727,16.3700008392334,16.25,16.350000381469727
2018-04-26,200,16.389999389648438,16.389999389648438,16.389999389648438,16.389999389648438,16.389999389648438
2018-04-25,500,16.31999969482422,16.329999923706055,16.329999923706055,16.31999969482422,16.329999923706055
2018-04-24,600,16.350000381469727,16.34000015258789,16.350000381469727,16.34000015258789,16.34000015258789
2018-04-23,1000,16.3799991607666,16.350000381469727,16.3799991607666,16.329999923706055,16.350000381469727
2018-04-20,400,16.360000610351562,16.420000076293945,16.420000076293945,16.360000610351562,16.420000076293945
2018-04-19,1800,16.610000610351562,16.5,16.6200008392334,16.5,16.5
2018-04-18,7300,16.549999237060547,16.520000457763672,16.549999237060547,16.520000457763672,16.520000457763672
2018-04-17,1100,16.299999237060547,16.260000228881836,16.299999237060547,16.260000228881836,16.260000228881836
2018-04-16,0,16.350000381469727,16.350000381469727,16.350000381469727,16.350000381469727,16.350000381469727
2018-04-13,1800,16.350000381469727,16.350000381469727,16.350000381469727,16.350000381469727,16.350000381469727
2018-04-12,200,16.260000228881836,16.260000228881836,16.260000228881836,16.260000228881836,16.260000228881836
2018-04-11,700,16.329999923706055,16.329999923706055,16.329999923706055,16.329999923706055,16.329999923706055
2018-04-10,600,16.25,16.25,16.25,16.25,16.25
2018-04-09,1000,16.1299991607666,16.079999923706055,16.1299991607666,16.079999923706055,16.079999923706055
2018-04-06,2200,15.800000190734863,15.859999656677246,15.90999984741211,14.600000381469727,15.859999656677246
2018-04-05,600,15.8100004196167,15.90999984741211,15.90999984741211,15.8100004196167,15.90999984741211
2018-04-04,2500,15.829999923706055,15.869999885559082,15.869999885559082,15.829999923706055,15.869999885559082
2018-04-03,4700,15.970000267028809,15.949999809265137,15.970000267028809,15.949999809265137,15.949999809265137
2018-04-02,700,15.890000343322754,15.859999656677246,15.890000343322754,15.859999656677246,15.859999656677246
2018-03-29,500,16.010000228881836,16.010000228881836,16.010000228881836,16.010000228881836,16.010000228881836
2018-03-28,2900,15.899999618530273,15.890000343322754,15.899999618530273,15.819999694824219,15.890000343322754
2018-03-27,1100,15.949999809265137,15.949999809265137,15.960000038146973,15.930000305175781,15.949999809265137
2018-03-26,1300,15.979999542236328,16.059999465942383,16.059999465942383,15.979999542236328,16.059999465942383
2018-03-23,2900,15.979999542236328,15.949999809265137,15.979999542236328,15.949999809265137,15.949999809265137
2018-03-22,4700,15.9399995803833,15.9399995803833,15.9399995803833,15.90999984741211,15.9399995803833
2018-03-21,17600,15.979999542236328,16.059999465942383,16.059999465942383,15.960000038146973,16.059999465942383
2018-03-20,2200,15.380000114440918,15.880000114440918,15.880000114440918,15.380000114440918,15.880000114440918
2018-03-19,900,15.899999618530273,15.880000114440918,15.899999618530273,15.880000114440918,15.880000114440918
2018-03-16,200,15.989999771118164,15.989999771118164,15.989999771118164,15.989999771118164,15.989999771118164
2018-03-15,3500,16.0,15.989999771118164,16.0,15.960000038146973,15.989999771118164
2018-03-14,7600,16.139999389648438,16.020000457763672,16.139999389648438,16.020000457763672,16.020000457763672
2018-03-13,1000,16.1299991607666,16.040000915527344,16.1299991607666,16.040000915527344,16.040000915527344
2018-03-12,20500,16.010000228881836,16.06999969482422,16.06999969482422,16.0,16.06999969482422
2018-03-09,500,16.06999969482422,16.06999969482422,16.06999969482422,16.06999969482422,16.06999969482422
2018-03-08,5000,16.100000381469727,15.989999771118164,16.110000610351562,15.989999771118164,15.989999771118164
2018-03-07,17800,16.25,16.100000381469727,16.25,16.09000015258789,16.100000381469727
2018-03-06,200,16.299999237060547,16.299999237060547,16.299999237060547,16.299999237060547,16.299999237060547
2018-03-05,1400,16.110000610351562,16.049999237060547,16.110000610351562,16.049999237060547,16.049999237060547
2018-03-02,600,16.149999618530273,16.100000381469727,16.149999618530273,16.100000381469727,16.100000381469727
2018-03-01,7300,16.06999969482422,16.15999984741211,16.170000076293945,16.06999969482422,16.15999984741211
2018-02-28,2000,16.25,16.139999389648438,16.25,16.09000015258789,16.139999389648438
2018-02-27,6000,16.270000457763672,16.18000030517578,16.270000457763672,16.18000030517578,16.18000030517578
2018-02-26,400,16.31999969482422,16.329999923706055,16.329999923706055,16.31999969482422,16.329999923706055
2018-02-23,1800,16.219999313354492,16.219999313354492,16.219999313354492,16.18000030517578,16.219999313354492
2018-02-22,1000,16.149999618530273,16.219999313354492,16.219999313354492,16.149999618530273,16.219999313354492
2018-02-21,3500,16.1200008392334,16.149999618530273,16.15999984741211,16.09000015258789,16.149999618530273
2018-02-20,300,16.440000534057617,16.440000534057617,16.440000534057617,16.440000534057617,16.440000534057617
2018-02-16,200,16.09000015258789,16.09000015258789,16.09000015258789,16.09000015258789,16.09000015258789
2018-02-15,400,16.079999923706055,16.079999923706055,16.079999923706055,16.079999923706055,16.079999923706055
2018-02-14,4000,15.829999923706055,15.989999771118164,16.0,15.819999694824219,15.989999771118164
2018-02-13,6800,15.890000343322754,15.880000114440918,15.899999618530273,15.880000114440918,15.880000114440918
2018-02-12,600,15.770000457763672,15.770000457763672,15.800000190734863,15.770000457763672,15.770000457763672
2018-02-09,2500,15.760000228881836,15.600000381469727,15.760000228881836,15.59000015258789,15.600000381469727
2018-02-08,2200,15.979999542236328,15.880000114440918,15.979999542236328,15.869999885559082,15.880000114440918
2018-02-07,800,16.110000610351562,15.970000267028809,16.110000610351562,15.970000267028809,15.970000267028809
2018-02-06,2500,16.09000015258789,16.1299991607666,16.1299991607666,16.09000015258789,16.1299991607666
2018-02-05,12700,16.229999542236328,16.170000076293945,16.239999771118164,16.1299991607666,16.170000076293945
2018-02-02,600,16.270000457763672,16.329999923706055,16.329999923706055,16.270000457763672,16.329999923706055
2018-02-01,600,16.3799991607666,16.459999084472656,16.459999084472656,16.3799991607666,16.459999084472656
2018-01-31,1100,16.43000030517578,16.420000076293945,16.440000534057617,16.40999984741211,16.420000076293945
2018-01-30,4200,16.56999969482422,16.510000228881836,16.56999969482422,16.5,16.510000228881836
2018-01-29,10600,16.56999969482422,16.56999969482422,16.600000381469727,16.549999237060547,16.56999969482422
2018-01-26,18200,16.530000686645508,16.6200008392334,16.65999984741211,16.510000228881836,16.6200008392334
2018-01-25,3500,16.670000076293945,16.510000228881836,16.670000076293945,16.5,16.510000228881836
2018-01-24,1200,16.40999984741211,16.510000228881836,16.510000228881836,16.40999984741211,16.510000228881836
2018-01-23,1700,16.309999465942383,16.360000610351562,16.360000610351562,16.290000915527344,16.360000610351562
2018-01-22,13000,16.270000457763672,16.25,16.270000457763672,16.18000030517578,16.25
2018-01-19,2200,16.18000030517578,16.190000534057617,16.25,16.15999984741211,16.190000534057617
2018-01-18,0,16.219999313354492,16.219999313354492,16.219999313354492,16.219999313354492,16.219999313354492
2018-01-17,2100,16.229999542236328,16.219999313354492,16.25,16.219999313354492,16.219999313354492
2018-01-16,22100,16.15999984741211,16.110000610351562,16.15999984741211,16.100000381469727,16.110000610351562
2018-01-12,3100,16.170000076293945,16.260000228881836,16.260000228881836,16.149999618530273,16.260000228881836
2018-01-11,87800,16.1299991607666,16.09000015258789,16.18000030517578,16.09000015258789,16.09000015258789
2018-01-10,6100,16.149999618530273,16.079999923706055,16.149999618530273,16.06999969482422,16.079999923706055
2018-01-09,500,16.110000610351562,16.100000381469727,16.110000610351562,16.100000381469727,16.100000381469727
2018-01-08,1600,16.020000457763672,16.020000457763672,16.020000457763672,16.0,16.020000457763672
2018-01-05,27200,16.09000015258789,16.020000457763672,16.100000381469727,16.010000228881836,16.020000457763672
2018-01-04,3300,16.170000076293945,16.149999618530273,16.190000534057617,16.149999618530273,16.149999618530273
2018-01-03,4400,16.1299991607666,16.139999389648438,16.139999389648438,16.1200008392334,16.139999389648438
2018-01-02,6200,16.170000076293945,16.1200008392334,16.170000076293945,16.100000381469727,16.1200008392334
2017-12-29,3100,15.880000114440918,16.030000686645508,16.06999969482422,15.880000114440918,16.030000686645508
2017-12-28,7500,15.90999984741211,15.970000267028809,15.979999542236328,15.90999984741211,15.970000267028809
2017-12-27,8200,15.789999961853027,15.789999961853027,15.789999961853027,15.789999961853027,15.789999961853027
2017-12-26,3000,15.470000267028809,15.789999961853027,15.789999961853027,15.470000267028809,15.789999961853027
2017-12-22,2400,15.539999961853027,15.59000015258789,15.619999885559082,15.539999961853027,15.59000015258789
2017-12-21,28400,15.5,15.520000457763672,15.520000457763672,15.460000038146973,15.520000457763672
2017-12-20,31900,15.449999809265137,15.5,15.529999732971191,15.449999809265137,15.5
2017-12-19,12100,15.380000114440918,15.380000114440918,15.40999984741211,15.369999885559082,15.380000114440918
2017-12-18,3300,15.279999732971191,15.350000381469727,15.390000343322754,15.279999732971191,15.350000381469727
2017-12-15,10000,15.279999732971191,15.289999961853027,15.34000015258789,15.279999732971191,15.289999961853027
2017-12-14,8000,15.260000228881836,15.279999732971191,15.279999732971191,15.229999542236328,15.279999732971191
2017-12-13,5600,15.210000038146973,15.210000038146973,15.210000038146973,15.210000038146973,15.210000038146973
2017-12-12,13200,15.119999885559082,15.229999542236328,15.279999732971191,15.119999885559082,15.229999542236328
2017-12-11,1400,15.3100004196167,15.3100004196167,15.350000381469727,15.3100004196167,15.3100004196167
2017-12-08,1000,15.289999961853027,15.300000190734863,15.300000190734863,15.289999961853027,15.300000190734863
2017-12-07,8500,15.25,15.239999771118164,15.279999732971191,15.239999771118164,15.239999771118164
2017-12-06,3200,15.430000305175781,15.350000381469727,15.430000305175781,15.329999923706055,15.350000381469727
2017-12-05,12000,15.550000190734863,15.470000267028809,15.550000190734863,15.470000267028809,15.470000267028809
2017-12-04,4200,15.65999984741211,15.59000015258789,15.670000076293945,15.59000015258789,15.59000015258789
2017-12-01,2800,16.079999923706055,15.770000457763672,16.079999923706055,15.760000228881836,15.770000457763672
2017-11-30,1400,15.680000305175781,15.630000114440918,15.680000305175781,15.630000114440918,15.630000114440918
2017-11-29,3100,15.720000267028809,15.729999542236328,15.729999542236328,15.720000267028809,15.729999542236328
2017-11-28,11700,15.800000190734863,15.829999923706055,15.829999923706055,15.800000190734863,15.829999923706055
2017-11-27,2600,16.190000534057617,15.850000381469727,16.190000534057617,15.800000190734863,15.850000381469727
2017-11-24,1700,15.880000114440918,15.869999885559082,15.880000114440918,15.869999885559082,15.869999885559082
2017-11-22,84000,15.850000381469727,15.899999618530273,15.90999984741211,15.84000015258789,15.899999618530273
2017-11-21,2300,15.75,15.729999542236328,15.770000457763672,15.729999542236328,15.729999542236328
2017-11-20,4400,15.619999885559082,15.680000305175781,15.699999809265137,15.619999885559082,15.680000305175781
2017-11-17,1000,15.619999885559082,15.789999961853027,15.789999961853027,15.619999885559082,15.789999961853027
2017-11-16,4300,15.680000305175781,15.630000114440918,15.6899995803833,15.600000381469727,15.630000114440918
2017-11-15,500,15.649999618530273,15.649999618530273,15.649999618530273,15.649999618530273,15.649999618530273
2017-11-14,1700,15.779999732971191,15.65999984741211,15.779999732971191,15.649999618530273,15.65999984741211
2017-11-13,27100,15.779999732971191,15.899999618530273,15.90999984741211,15.779999732971191,15.899999618530273
2017-11-10,400,15.90999984741211,15.90999984741211,15.90999984741211,15.90999984741211,15.90999984741211
2017-11-09,4500,15.970000267028809,15.930000305175781,15.970000267028809,15.930000305175781,15.930000305175781
2017-11-08,100,16.0,16.0,16.0,16.0,16.0
2017-11-07,1700,15.920000076293945,15.949999809265137,15.949999809265137,15.920000076293945,15.949999809265137
2017-11-06,2200,15.930000305175781,16.010000228881836,16.010000228881836,15.930000305175781,16.010000228881836
2017-11-03,600,15.800000190734863,15.800000190734863,15.800000190734863,15.800000190734863,15.800000190734863
2017-11-02,700,15.779999732971191,15.760000228881836,15.789999961853027,15.760000228881836,15.760000228881836
2017-11-01,1900,15.710000038146973,15.710000038146973,15.75,15.710000038146973,15.710000038146973
2017-10-31,500,15.640000343322754,15.65999984741211,15.65999984741211,15.640000343322754,15.65999984741211
2017-10-30,800,15.75,15.65999984741211,15.75,15.65999984741211,15.65999984741211
2017-10-27,3400,15.600000381469727,15.670000076293945,15.670000076293945,15.600000381469727,15.670000076293945
2017-10-26,4700,15.619999885559082,15.630000114440918,15.630000114440918,15.600000381469727,15.630000114440918
2017-10-25,500,15.65999984741211,15.640000343322754,15.65999984741211,15.640000343322754,15.640000343322754
2017-10-24,0,15.460000038146973,15.460000038146973,15.460000038146973,15.460000038146973,15.460000038146973
2017-10-23,0,15.460000038146973,15.460000038146973,15.460000038146973,15.460000038146973,15.460000038146973
2017-10-20,200,15.460000038146973,15.460000038146973,15.460000038146973,15.460000038146973,15.460000038146973
2017-10-19,1100,15.539999961853027,15.550000190734863,15.550000190734863,15.520000457763672,15.550000190734863
2017-10-18,700,15.529999732971191,15.5600004196167,15.5600004196167,15.529999732971191,15.5600004196167
2017-10-17,700,15.630000114440918,15.600000381469727,15.630000114440918,15.600000381469727,15.600000381469727
2017-10-16,1100,15.630000114440918,15.680000305175781,15.680000305175781,15.630000114440918,15.680000305175781
2017-10-13,1400,15.600000381469727,15.619999885559082,15.619999885559082,15.569999694824219,15.619999885559082
2017-10-12,1800,15.510000228881836,15.5,15.520000457763672,15.5,15.5
2017-10-11,16900,15.420000076293945,15.4399995803833,15.449999809265137,15.390000343322754,15.4399995803833
2017-10-10,3100,15.420000076293945,15.449999809265137,15.460000038146973,15.40999984741211,15.449999809265137
2017-10-09,2200,15.279999732971191,15.289999961853027,15.289999961853027,15.270000457763672,15.289999961853027
2017-10-06,0,15.40999984741211,15.40999984741211,15.40999984741211,15.40999984741211,15.40999984741211
2017-10-05,1300,15.34000015258789,15.40999984741211,15.40999984741211,15.329999923706055,15.40999984741211
2017-10-04,2500,15.260000228881836,15.270000457763672,15.289999961853027,15.229999542236328,15.270000457763672
2017-10-03,2600,15.149999618530273,15.220000267028809,15.270000457763672,15.149999618530273,15.220000267028809
2017-10-02,2600,15.229999542236328,15.25,15.260000228881836,15.15999984741211,15.25
2017-09-29,3000,15.369999885559082,15.359999656677246,15.399999618530273,15.350000381469727,15.359999656677246
2017-09-28,13400,15.449999809265137,15.399999618530273,15.449999809265137,15.390000343322754,15.399999618530273
2017-09-27,1900,15.350000381469727,15.399999618530273,15.430000305175781,15.350000381469727,15.399999618530273
2017-09-26,11900,15.390000343322754,15.390000343322754,15.449999809265137,15.390000343322754,15.390000343322754
2017-09-25,3600,15.390000343322754,15.529999732971191,15.539999961853027,15.390000343322754,15.529999732971191
2017-09-22,1000,15.359999656677246,15.390000343322754,15.390000343322754,15.359999656677246,15.390000343322754
2017-09-21,200,15.369999885559082,15.369999885559082,15.369999885559082,15.369999885559082,15.369999885559082
2017-09-20,400,15.520000457763672,15.539999961853027,15.539999961853027,15.520000457763672,15.539999961853027
2017-09-19,8300,15.75,15.449999809265137,15.75,15.380000114440918,15.449999809265137
2017-09-18,900,15.5,15.449999809265137,15.5,15.449999809265137,15.449999809265137
2017-09-15,2900,15.479999542236328,15.5,15.510000228881836,15.449999809265137,15.5
2017-09-14,2000,15.510000228881836,15.430000305175781,15.520000457763672,15.430000305175781,15.430000305175781
2017-09-13,17700,15.390000343322754,15.420000076293945,15.479999542236328,15.380000114440918,15.420000076293945
2017-09-12,11400,15.479999542236328,15.390000343322754,15.479999542236328,15.380000114440918,15.390000343322754
2017-09-11,1100,15.390000343322754,15.4399995803833,15.4399995803833,15.390000343322754,15.4399995803833
2017-09-08,300,15.369999885559082,15.369999885559082,15.369999885559082,15.369999885559082,15.369999885559082
2017-09-07,9200,15.569999694824219,15.569999694824219,15.569999694824219,15.569999694824219,15.569999694824219
2017-09-06,4600,15.550000190734863,15.579999923706055,15.600000381469727,15.539999961853027,15.579999923706055
2017-09-05,3000,15.5,15.479999542236328,15.510000228881836,15.460000038146973,15.479999542236328
2017-09-01,5500,15.34000015258789,15.420000076293945,15.4399995803833,15.34000015258789,15.420000076293945
2017-08-31,27600,15.270000457763672,15.380000114440918,15.380000114440918,15.270000457763672,15.380000114440918
2017-08-30,2400,15.130000114440918,15.109999656677246,15.130000114440918,15.079999923706055,15.109999656677246
2017-08-29,58400,15.180000305175781,15.109999656677246,15.180000305175781,15.109999656677246,15.109999656677246
2017-08-28,1000,15.199999809265137,15.199999809265137,15.199999809265137,15.149999618530273,15.199999809265137
2017-08-25,700,15.180000305175781,15.140000343322754,15.180000305175781,15.140000343322754,15.140000343322754
2017-08-24,200,15.130000114440918,15.130000114440918,15.130000114440918,15.130000114440918,15.130000114440918
2017-08-23,2100,15.109999656677246,15.130000114440918,15.130000114440918,15.079999923706055,15.130000114440918
2017-08-22,700,15.010000228881836,15.100000381469727,15.109999656677246,15.010000228881836,15.100000381469727
2017-08-21,700,15.140000343322754,15.100000381469727,15.140000343322754,15.09000015258789,15.100000381469727
2017-08-18,4500,14.989999771118164,15.130000114440918,15.140000343322754,14.970000267028809,15.130000114440918
2017-08-17,6700,14.960000038146973,14.949999809265137,14.989999771118164,14.949999809265137,14.949999809265137
2017-08-16,11400,15.029999732971191,15.029999732971191,15.050000190734863,15.0,15.029999732971191
2017-08-15,1300,15.0600004196167,14.989999771118164,15.0600004196167,14.9399995803833,14.989999771118164
2017-08-14,1300,15.100000381469727,15.100000381469727,15.100000381469727,15.0600004196167,15.100000381469727
2017-08-11,15500,15.199999809265137,15.220000267028809,15.229999542236328,15.1899995803833,15.220000267028809
2017-08-10,5300,15.350000381469727,15.15999984741211,15.40999984741211,15.15999984741211,15.15999984741211
2017-08-09,4500,15.319999694824219,15.350000381469727,15.350000381469727,15.289999961853027,15.350000381469727
2017-08-08,24500,15.180000305175781,15.25,15.270000457763672,15.180000305175781,15.25
2017-08-07,9300,15.069999694824219,15.180000305175781,15.199999809265137,15.069999694824219,15.180000305175781
2017-08-04,24900,15.130000114440918,15.130000114440918,15.149999618530273,15.109999656677246,15.130000114440918
2017-08-03,25200,15.1899995803833,15.15999984741211,15.199999809265137,15.130000114440918,15.15999984741211
2017-08-02,5700,15.149999618530273,15.25,15.25,15.149999618530273,15.25
2017-08-01,3700,15.210000038146973,15.149999618530273,15.239999771118164,15.140000343322754,15.149999618530273
2017-07-31,2600,15.289999961853027,15.359999656677246,15.359999656677246,15.289999961853027,15.359999656677246
2017-07-28,15100,15.359999656677246,15.369999885559082,15.399999618530273,15.34000015258789,15.369999885559082
2017-07-27,12500,15.319999694824219,15.300000190734863,15.319999694824219,15.260000228881836,15.300000190734863
2017-07-26,4300,15.119999885559082,15.1899995803833,15.1899995803833,15.119999885559082,15.1899995803833
2017-07-25,0,14.960000038146973,14.960000038146973,14.960000038146973,14.960000038146973,14.960000038146973
2017-07-24,7400,15.0,14.960000038146973,15.010000228881836,14.960000038146973,14.960000038146973
2017-07-21,9400,15.09000015258789,15.069999694824219,15.140000343322754,15.069999694824219,15.069999694824219
2017-07-20,9600,15.25,15.180000305175781,15.260000228881836,15.180000305175781,15.180000305175781
2017-07-19,10500,15.149999618530273,15.199999809265137,15.199999809265137,15.130000114440918,15.199999809265137
2017-07-18,3300,15.15999984741211,15.09000015258789,15.1899995803833,15.09000015258789,15.09000015258789
2017-07-17,2300,15.0,15.010000228881836,15.029999732971191,15.0,15.010000228881836
2017-07-14,1000,14.9399995803833,14.989999771118164,14.989999771118164,14.9399995803833,14.989999771118164
2017-07-13,24500,14.90999984741211,14.859999656677246,14.90999984741211,14.859999656677246,14.859999656677246
2017-07-12,500,14.970000267028809,15.010000228881836,15.010000228881836,14.970000267028809,15.010000228881836
2017-07-11,2300,14.930000305175781,15.029999732971191,15.050000190734863,14.930000305175781,15.029999732971191
2017-07-10,1800,14.930000305175781,14.930000305175781,14.949999809265137,14.930000305175781,14.930000305175781
2017-07-07,6200,14.859999656677246,14.850000381469727,14.859999656677246,14.829999923706055,14.850000381469727
2017-07-06,2000,14.869999885559082,14.960000038146973,14.960000038146973,14.869999885559082,14.960000038146973
2017-07-05,369100,14.970000267028809,14.920000076293945,14.970000267028809,14.920000076293945,14.920000076293945
2017-07-03,9600,15.0,15.09000015258789,15.119999885559082,15.0,15.09000015258789
2017-06-30,1400,14.829999923706055,14.979999542236328,14.979999542236328,14.829999923706055,14.979999542236328
2017-06-29,9400,14.699999809265137,14.770000457763672,14.779999732971191,14.699999809265137,14.770000457763672
2017-06-28,3700,14.550000190734863,14.670000076293945,14.670000076293945,14.550000190734863,14.670000076293945
2017-06-27,11000,14.420000076293945,14.579999923706055,14.600000381469727,14.420000076293945,14.579999923706055
2017-06-26,1200,14.4399995803833,14.479999542236328,14.479999542236328,14.4399995803833,14.479999542236328
2017-06-23,4100,14.390000343322754,14.430000305175781,14.4399995803833,14.390000343322754,14.430000305175781
2017-06-22,12600,14.40999984741211,14.350000381469727,14.449999809265137,14.329999923706055,14.350000381469727
2017-06-21,15200,14.470000267028809,14.399999618530273,14.539999961853027,14.380000114440918,14.399999618530273
2017-06-20,700,14.529999732971191,14.520000457763672,14.529999732971191,14.520000457763672,14.520000457763672
2017-06-19,5900,14.699999809265137,14.630000114440918,14.699999809265137,14.630000114440918,14.630000114440918
2017-06-16,3700,14.6899995803833,14.720000267028809,14.720000267028809,14.6899995803833,14.720000267028809
2017-06-15,3900,14.609999656677246,14.65999984741211,14.680000305175781,14.600000381469727,14.65999984741211
2017-06-14,5900,14.829999923706055,14.619999885559082,14.829999923706055,14.619999885559082,14.619999885559082
2017-06-13,2500,14.770000457763672,14.770000457763672,14.789999961853027,14.699999809265137,14.770000457763672
2017-06-12,1000,14.819999694824219,14.800000190734863,14.819999694824219,14.779999732971191,14.800000190734863
2017-06-09,3200,14.890000343322754,14.960000038146973,14.970000267028809,14.890000343322754,14.960000038146973
2017-06-08,3400,14.890000343322754,14.920000076293945,14.960000038146973,14.890000343322754,14.920000076293945
2017-06-07,1600,14.970000267028809,14.880000114440918,14.989999771118164,14.880000114440918,14.880000114440918
2017-06-06,2600,14.960000038146973,14.970000267028809,14.970000267028809,14.949999809265137,14.970000267028809
2017-06-05,2300,14.880000114440918,14.869999885559082,14.880000114440918,14.850000381469727,14.869999885559082
2017-06-02,2700,14.930000305175781,14.9399995803833,14.9399995803833,14.899999618530273,14.9399995803833
2017-06-01,1600,15.0,14.920000076293945,15.0,14.920000076293945,14.920000076293945
2017-05-31,3700,15.039999961853027,15.020000457763672,15.039999961853027,15.0,15.020000457763672
2017-05-30,222800,15.09000015258789,15.09000015258789,15.09000015258789,15.09000015258789,15.09000015258789
2017-05-26,2900,15.199999809265137,15.199999809265137,15.220000267028809,15.170000076293945,15.199999809265137
2017-05-25,4600,15.34000015258789,15.1899995803833,15.34000015258789,15.149999618530273,15.1899995803833
2017-05-24,600,15.430000305175781,15.359999656677246,15.430000305175781,15.359999656677246,15.359999656677246
2017-05-23,3100,15.40999984741211,15.40999984741211,15.420000076293945,15.380000114440918,15.40999984741211
2017-05-22,4500,15.510000228881836,15.479999542236328,15.510000228881836,15.479999542236328,15.479999542236328
2017-05-19,27300,15.279999732971191,15.329999923706055,15.369999885559082,15.279999732971191,15.329999923706055
2017-05-18,1700,15.100000381469727,15.149999618530273,15.149999618530273,15.100000381469727,15.149999618530273
2017-05-17,800,15.229999542236328,15.210000038146973,15.229999542236328,15.210000038146973,15.210000038146973
2017-05-16,5700,15.170000076293945,15.15999984741211,15.180000305175781,15.119999885559082,15.15999984741211
2017-05-15,1300,15.220000267028809,15.229999542236328,15.229999542236328,15.220000267028809,15.229999542236328
2017-05-12,1700,15.149999618530273,15.130000114440918,15.149999618530273,15.119999885559082,15.130000114440918
2017-05-11,8100,15.09000015258789,15.079999923706055,15.109999656677246,15.0600004196167,15.079999923706055
2017-05-10,4200,14.930000305175781,15.0,15.029999732971191,14.930000305175781,15.0
2017-05-09,3200,14.90999984741211,14.880000114440918,14.920000076293945,14.869999885559082,14.880000114440918
2017-05-08,7100,14.869999885559082,14.920000076293945,14.949999809265137,14.859999656677246,14.920000076293945
2017-05-05,4300,14.979999542236328,14.989999771118164,15.0,14.9399995803833,14.989999771118164
2017-05-04,6100,15.15999984741211,14.899999618530273,15.15999984741211,14.869999885559082,14.899999618530273
2017-05-03,1200,15.180000305175781,15.15999984741211,15.1899995803833,15.149999618530273,15.15999984741211
2017-05-02,1900,15.229999542236328,15.180000305175781,15.25,15.180000305175781,15.180000305175781
2017-05-01,900,15.319999694824219,15.289999961853027,15.319999694824219,15.289999961853027,15.289999961853027
2017-04-28,1300,15.220000267028809,15.25,15.25,15.220000267028809,15.25
2017-04-27,2300,15.149999618530273,15.1899995803833,15.210000038146973,15.100000381469727,15.1899995803833
2017-04-26,131300,15.279999732971191,15.239999771118164,15.279999732971191,15.1899995803833,15.239999771118164
2017-04-25,3700,15.199999809265137,15.260000228881836,15.260000228881836,15.149999618530273,15.260000228881836
2017-04-24,2300,15.140000343322754,15.180000305175781,15.180000305175781,15.140000343322754,15.180000305175781
2017-04-21,2000,15.34000015258789,15.210000038146973,15.34000015258789,15.210000038146973,15.210000038146973
2017-04-20,31300,15.369999885559082,15.289999961853027,15.369999885559082,15.279999732971191,15.289999961853027
2017-04-19,1400,15.5600004196167,15.329999923706055,15.5600004196167,15.329999923706055,15.329999923706055
2017-04-18,9100,15.520000457763672,15.489999771118164,15.520000457763672,15.460000038146973,15.489999771118164
2017-04-17,2100,15.829999923706055,15.640000343322754,15.829999923706055,15.640000343322754,15.640000343322754
2017-04-13,3800,15.680000305175781,15.640000343322754,15.6899995803833,15.630000114440918,15.640000343322754
2017-04-12,2500,15.600000381469727,15.600000381469727,15.609999656677246,15.600000381469727,15.600000381469727
2017-04-11,2100,15.630000114440918,15.630000114440918,15.630000114440918,15.619999885559082,15.630000114440918
2017-04-10,6600,15.5600004196167,15.5600004196167,15.600000381469727,15.550000190734863,15.5600004196167
2017-04-07,2300,15.609999656677246,15.5600004196167,15.619999885559082,15.5600004196167,15.5600004196167
2017-04-06,0,15.569999694824219,15.569999694824219,15.569999694824219,15.569999694824219,15.569999694824219
2017-04-05,1900,15.579999923706055,15.569999694824219,15.600000381469727,15.510000228881836,15.569999694824219
2017-04-04,10900,15.4399995803833,15.489999771118164,15.489999771118164,15.4399995803833,15.489999771118164
2017-04-03,5000,15.529999732971191,15.399999618530273,15.539999961853027,15.380000114440918,15.399999618530273
2017-03-31,5400,15.460000038146973,15.510000228881836,15.510000228881836,15.430000305175781,15.510000228881836
2017-03-30,1100,15.529999732971191,15.449999809265137,15.529999732971191,15.449999809265137,15.449999809265137
2017-03-29,15400,15.460000038146973,15.470000267028809,15.5,15.460000038146973,15.470000267028809
2017-03-28,38300,15.329999923706055,15.359999656677246,15.4399995803833,15.329999923706055,15.359999656677246
2017-03-27,4200,15.210000038146973,15.3100004196167,15.319999694824219,15.210000038146973,15.3100004196167
2017-03-24,2100,15.300000190734863,15.359999656677246,15.359999656677246,15.300000190734863,15.359999656677246
2017-03-23,11100,15.34000015258789,15.359999656677246,15.380000114440918,15.329999923706055,15.359999656677246
2017-03-22,120000,15.359999656677246,15.390000343322754,15.390000343322754,15.34000015258789,15.390000343322754
2017-03-21,3000,15.4399995803833,15.399999618530273,15.4399995803833,15.380000114440918,15.399999618530273
2017-03-20,3000,15.470000267028809,15.4399995803833,15.470000267028809,15.4399995803833,15.4399995803833
2017-03-17,2400,15.489999771118164,15.470000267028809,15.489999771118164,15.40999984741211,15.470000267028809
2017-03-16,7600,15.380000114440918,15.420000076293945,15.420000076293945,15.380000114440918,15.420000076293945
2017-03-15,8000,15.3100004196167,15.390000343322754,15.390000343322754,15.3100004196167,15.390000343322754
2017-03-14,1700,15.229999542236328,15.199999809265137,15.239999771118164,15.1899995803833,15.199999809265137
2017-03-13,7400,15.399999618530273,15.329999923706055,15.399999618530273,15.300000190734863,15.329999923706055
2017-03-10,8700,15.430000305175781,15.319999694824219,15.430000305175781,15.270000457763672,15.319999694824219
2017-03-09,3300,15.739999771118164,15.34000015258789,15.739999771118164,15.289999961853027,15.34000015258789
2017-03-08,1700,15.569999694824219,15.449999809265137,15.569999694824219,15.449999809265137,15.449999809265137
2017-03-07,34800,15.8100004196167,15.6899995803833,15.8100004196167,15.6899995803833,15.6899995803833
2017-03-06,1000,15.869999885559082,15.869999885559082,15.869999885559082,15.84000015258789,15.869999885559082
2017-03-03,1700,15.800000190734863,15.829999923706055,15.829999923706055,15.800000190734863,15.829999923706055
2017-03-02,3400,15.899999618530273,15.8100004196167,15.899999618530273,15.8100004196167,15.8100004196167
2017-03-01,2100,16.0,16.010000228881836,16.010000228881836,16.0,16.010000228881836
2017-02-28,12600,15.949999809265137,15.90999984741211,15.949999809265137,15.90999984741211,15.90999984741211
2017-02-27,200,15.84000015258789,15.84000015258789,15.84000015258789,15.84000015258789,15.84000015258789
2017-02-24,4200,15.869999885559082,15.90999984741211,15.90999984741211,15.869999885559082,15.90999984741211
2017-02-23,6500,15.949999809265137,15.869999885559082,15.949999809265137,15.869999885559082,15.869999885559082
2017-02-22,10100,15.90999984741211,15.949999809265137,15.960000038146973,15.90999984741211,15.949999809265137
2017-02-21,3200,16.530000686645508,15.989999771118164,16.530000686645508,15.970000267028809,15.989999771118164
2017-02-17,7400,15.979999542236328,16.030000686645508,16.049999237060547,15.979999542236328,16.030000686645508
2017-02-16,3800,16.139999389648438,16.15999984741211,16.15999984741211,16.139999389648438,16.15999984741211
2017-02-15,300,16.170000076293945,16.170000076293945,16.170000076293945,16.170000076293945,16.170000076293945
2017-02-14,15400,16.1200008392334,16.149999618530273,16.149999618530273,16.1200008392334,16.149999618530273
2017-02-13,3000,16.170000076293945,16.1200008392334,16.18000030517578,16.110000610351562,16.1200008392334
2017-02-10,2300,16.25,16.239999771118164,16.25,16.229999542236328,16.239999771118164
2017-02-09,7100,16.18000030517578,16.100000381469727,16.190000534057617,16.079999923706055,16.100000381469727
2017-02-08,1400,16.100000381469727,16.09000015258789,16.100000381469727,16.09000015258789,16.09000015258789
2017-02-07,400,15.930000305175781,15.930000305175781,15.930000305175781,15.930000305175781,15.930000305175781
2017-02-06,4100,15.989999771118164,15.960000038146973,16.049999237060547,15.960000038146973,15.960000038146973
2017-02-03,800,16.010000228881836,15.989999771118164,16.010000228881836,15.989999771118164,15.989999771118164
2017-02-02,14300,16.43000030517578,16.079999923706055,16.43000030517578,16.06999969482422,16.079999923706055
2017-02-01,6100,15.989999771118164,16.06999969482422,16.09000015258789,15.970000267028809,16.06999969482422
2017-01-31,8800,15.9399995803833,15.949999809265137,15.960000038146973,15.930000305175781,15.949999809265137
2017-01-30,1600,15.829999923706055,15.869999885559082,15.869999885559082,15.8100004196167,15.869999885559082
2017-01-27,3200,15.979999542236328,16.010000228881836,16.010000228881836,15.9399995803833,16.010000228881836
2017-01-26,9200,16.110000610351562,16.079999923706055,16.15999984741211,16.020000457763672,16.079999923706055
2017-01-25,3300,16.059999465942383,16.100000381469727,16.1299991607666,16.059999465942383,16.100000381469727
2017-01-24,8600,16.18000030517578,16.09000015258789,16.219999313354492,16.09000015258789,16.09000015258789
2017-01-23,2500,16.010000228881836,16.09000015258789,16.100000381469727,16.010000228881836,16.09000015258789
2017-01-20,2200,16.1200008392334,16.06999969482422,16.1200008392334,16.06999969482422,16.06999969482422
2017-01-19,1700,16.030000686645508,16.040000915527344,16.049999237060547,16.030000686645508,16.040000915527344
2017-01-18,4000,16.100000381469727,16.059999465942383,16.15999984741211,16.040000915527344,16.059999465942383
2017-01-17,9800,16.149999618530273,16.139999389648438,16.229999542236328,16.139999389648438,16.139999389648438
2017-01-13,2000,16.110000610351562,16.1299991607666,16.1299991607666,16.09000015258789,16.1299991607666
2017-01-12,2000,16.030000686645508,16.09000015258789,16.09000015258789,16.0,16.09000015258789
2017-01-11,4400,15.789999961853027,15.819999694824219,15.880000114440918,15.789999961853027,15.819999694824219
2017-01-10,2400,15.850000381469727,15.8100004196167,15.850000381469727,15.789999961853027,15.8100004196167
2017-01-09,2800,15.819999694824219,15.699999809265137,15.819999694824219,15.680000305175781,15.699999809265137
2017-01-06,7300,15.859999656677246,15.899999618530273,15.90999984741211,15.84000015258789,15.899999618530273
2017-01-05,1100,15.970000267028809,15.859999656677246,15.970000267028809,15.859999656677246,15.859999656677246
2017-01-04,4800,15.729999542236328,15.819999694824219,15.84000015258789,15.729999542236328,15.819999694824219
2017-01-03,17900,15.8100004196167,15.680000305175781,15.90999984741211,15.640000343322754,15.680000305175781
2016-12-30,5800,15.930000305175781,15.880000114440918,15.970000267028809,15.880000114440918,15.880000114440918
2016-12-29,2400,16.030000686645508,15.899999618530273,16.030000686645508,15.899999618530273,15.899999618530273
2016-12-28,1800,16.020000457763672,15.960000038146973,16.020000457763672,15.869999885559082,15.960000038146973
2016-12-27,6900,15.819999694824219,15.920000076293945,15.930000305175781,15.779999732971191,15.920000076293945
2016-12-23,6600,15.710000038146973,15.699999809265137,15.710000038146973,15.630000114440918,15.699999809265137
2016-12-22,7700,15.720000267028809,15.680000305175781,15.760000228881836,15.65999984741211,15.680000305175781
2016-12-21,8600,15.729999542236328,15.6899995803833,15.75,15.670000076293945,15.6899995803833
2016-12-20,8300,15.6899995803833,15.699999809265137,15.729999542236328,15.619999885559082,15.699999809265137
2016-12-19,2000,16.049999237060547,15.710000038146973,16.049999237060547,15.710000038146973,15.710000038146973
2016-12-16,11100,15.720000267028809,15.829999923706055,15.829999923706055,15.289999961853027,15.829999923706055
2016-12-15,8400,15.75,15.770000457763672,15.819999694824219,15.75,15.770000457763672
2016-12-14,6300,15.970000267028809,15.989999771118164,16.010000228881836,15.970000267028809,15.989999771118164
2016-12-13,7900,16.0,15.970000267028809,16.040000915527344,15.970000267028809,15.970000267028809
2016-12-12,6400,16.1299991607666,16.0,16.1299991607666,15.989999771118164,16.0
2016-12-09,3800,16.989999771118164,15.970000267028809,16.989999771118164,15.90999984741211,15.970000267028809
2016-12-08,5300,15.859999656677246,15.899999618530273,15.920000076293945,15.84000015258789,15.899999618530273
2016-12-07,4900,16.040000915527344,15.890000343322754,16.040000915527344,15.890000343322754,15.890000343322754
2016-12-06,11700,16.040000915527344,16.010000228881836,16.079999923706055,15.979999542236328,16.010000228881836
2016-12-05,8100,16.010000228881836,15.989999771118164,16.079999923706055,15.960000038146973,15.989999771118164
2016-12-02,5200,15.8100004196167,15.84000015258789,15.84000015258789,15.789999961853027,15.84000015258789
2016-12-01,4700,15.770000457763672,15.8100004196167,15.84000015258789,15.75,15.8100004196167
2016-11-30,17000,15.930000305175781,15.569999694824219,15.930000305175781,15.529999732971191,15.569999694824219
2016-11-29,24700,15.449999809265137,15.279999732971191,15.449999809265137,15.279999732971191,15.279999732971191
2016-11-28,30200,15.920000076293945,15.600000381469727,15.920000076293945,15.59000015258789,15.600000381469727
2016-11-25,11600,15.420000076293945,15.489999771118164,16.200000762939453,15.420000076293945,15.489999771118164
2016-11-23,3200,15.369999885559082,15.5,15.539999961853027,15.369999885559082,15.5
2016-11-22,13600,15.430000305175781,15.449999809265137,15.489999771118164,15.420000076293945,15.449999809265137
2016-11-21,4300,15.300000190734863,15.430000305175781,15.430000305175781,15.289999961853027,15.430000305175781
2016-11-18,7600,15.420000076293945,15.079999923706055,15.420000076293945,14.970000267028809,15.079999923706055
2016-11-17,14300,15.100000381469727,14.949999809265137,15.100000381469727,14.9399995803833,14.949999809265137
2016-11-16,4400,15.09000015258789,15.0,15.09000015258789,15.0,15.0
2016-11-15,3700,15.010000228881836,15.109999656677246,15.109999656677246,15.010000228881836,15.109999656677246
2016-11-14,1300,14.84000015258789,14.90999984741211,14.90999984741211,14.84000015258789,14.90999984741211
2016-11-11,2700,15.65999984741211,14.890000343322754,15.65999984741211,14.890000343322754,14.890000343322754
2016-11-10,9800,15.220000267028809,15.1899995803833,15.220000267028809,15.180000305175781,15.1899995803833
2016-11-09,700,15.210000038146973,15.25,15.25,15.210000038146973,15.25
2016-11-08,3100,15.0600004196167,15.210000038146973,15.25,15.0600004196167,15.210000038146973
2016-11-07,5700,15.239999771118164,15.220000267028809,15.239999771118164,15.109999656677246,15.220000267028809
2016-11-04,400,15.15999984741211,15.15999984741211,15.15999984741211,15.15999984741211,15.15999984741211
2016-11-03,1600,15.229999542236328,15.130000114440918,15.229999542236328,15.130000114440918,15.130000114440918
2016-11-02,1600,15.270000457763672,15.1899995803833,15.270000457763672,15.1899995803833,15.1899995803833
2016-11-01,1000,15.40999984741211,15.359999656677246,15.40999984741211,15.359999656677246,15.359999656677246
2016-10-31,3800,15.5,15.430000305175781,15.5,15.399999618530273,15.430000305175781
2016-10-28,2500,15.640000343322754,15.670000076293945,15.6899995803833,15.609999656677246,15.670000076293945
2016-10-27,1500,15.670000076293945,15.649999618530273,15.670000076293945,15.649999618530273,15.649999618530273
2016-10-26,2800,15.600000381469727,15.550000190734863,15.600000381469727,15.510000228881836,15.550000190734863
2016-10-25,8500,15.670000076293945,15.640000343322754,15.6899995803833,15.640000343322754,15.640000343322754
2016-10-24,7400,15.710000038146973,15.640000343322754,15.720000267028809,15.609999656677246,15.640000343322754
2016-10-21,6800,15.619999885559082,15.65999984741211,15.670000076293945,15.600000381469727,15.65999984741211
2016-10-20,2900,15.579999923706055,15.630000114440918,15.65999984741211,15.579999923706055,15.630000114440918
2016-10-19,11900,15.75,15.789999961853027,15.829999923706055,15.75,15.789999961853027
2016-10-18,5800,15.739999771118164,15.680000305175781,15.75,15.680000305175781,15.680000305175781
2016-10-17,800,15.65999984741211,15.65999984741211,15.6899995803833,15.65999984741211,15.65999984741211
2016-10-14,5600,15.670000076293945,15.6899995803833,15.699999809265137,15.670000076293945,15.6899995803833
2016-10-13,2900,15.539999961853027,15.670000076293945,15.6899995803833,15.539999961853027,15.670000076293945
2016-10-12,7000,15.600000381469727,15.59000015258789,15.619999885559082,15.579999923706055,15.59000015258789
2016-10-11,2400,15.670000076293945,15.649999618530273,15.699999809265137,15.649999618530273,15.649999618530273
2016-10-10,800,15.609999656677246,15.75,15.75,15.609999656677246,15.75
2016-10-07,4500,15.5600004196167,15.609999656677246,15.609999656677246,15.5600004196167,15.609999656677246
2016-10-06,15000,15.550000190734863,15.550000190734863,15.569999694824219,15.489999771118164,15.550000190734863
2016-10-05,24800,15.5,15.569999694824219,15.59000015258789,15.5,15.569999694824219
2016-10-04,4300,15.520000457763672,15.489999771118164,15.520000457763672,15.449999809265137,15.489999771118164
2016-10-03,7800,15.460000038146973,15.550000190734863,15.550000190734863,15.380000114440918,15.550000190734863
2016-09-30,200,15.4399995803833,15.460000038146973,15.460000038146973,15.4399995803833,15.460000038146973
2016-09-29,6700,15.520000457763672,15.430000305175781,15.5600004196167,15.430000305175781,15.430000305175781
2016-09-28,4200,15.229999542236328,15.489999771118164,15.489999771118164,15.229999542236328,15.489999771118164
2016-09-27,4900,15.300000190734863,15.279999732971191,15.300000190734863,15.279999732971191,15.279999732971191
2016-09-26,9400,15.4399995803833,15.399999618530273,15.4399995803833,15.390000343322754,15.399999618530273
2016-09-23,4200,15.510000228881836,15.329999923706055,15.510000228881836,15.300000190734863,15.329999923706055
2016-09-22,16300,15.619999885559082,15.510000228881836,15.619999885559082,15.5,15.510000228881836
2016-09-21,3500,15.399999618530273,15.430000305175781,15.430000305175781,15.399999618530273,15.430000305175781
2016-09-20,800,15.130000114440918,15.130000114440918,15.140000343322754,15.130000114440918,15.130000114440918
2016-09-19,4200,15.229999542236328,15.1899995803833,15.25,15.1899995803833,15.1899995803833
2016-09-16,9200,14.970000267028809,15.149999618530273,15.15999984741211,14.970000267028809,15.149999618530273
2016-09-15,3300,15.100000381469727,15.010000228881836,15.100000381469727,15.010000228881836,15.010000228881836
2016-09-14,1100,15.029999732971191,15.029999732971191,15.09000015258789,15.029999732971191,15.029999732971191
2016-09-13,1900,15.069999694824219,15.079999923706055,15.119999885559082,15.069999694824219,15.079999923706055
2016-09-12,1800,15.180000305175781,15.270000457763672,15.279999732971191,15.180000305175781,15.270000457763672
2016-09-09,4600,15.369999885559082,15.270000457763672,15.369999885559082,15.270000457763672,15.270000457763672
2016-09-08,4500,15.34000015258789,15.40999984741211,15.5,15.34000015258789,15.40999984741211
2016-09-07,900,15.239999771118164,15.199999809265137,15.239999771118164,15.180000305175781,15.199999809265137
2016-09-06,2900,15.039999961853027,15.149999618530273,15.149999618530273,15.039999961853027,15.149999618530273
2016-09-02,8000,15.0600004196167,15.069999694824219,15.09000015258789,15.020000457763672,15.069999694824219
2016-09-01,22700,14.9399995803833,14.930000305175781,14.949999809265137,14.890000343322754,14.930000305175781
2016-08-31,2500,15.210000038146973,15.0,15.210000038146973,14.960000038146973,15.0
2016-08-30,33600,15.350000381469727,15.180000305175781,15.350000381469727,15.180000305175781,15.180000305175781
2016-08-29,11200,15.359999656677246,15.319999694824219,15.369999885559082,15.319999694824219,15.319999694824219
2016-08-26,18300,15.5,15.470000267028809,15.609999656677246,15.420000076293945,15.470000267028809
2016-08-25,14100,15.4399995803833,15.449999809265137,15.470000267028809,15.40999984741211,15.449999809265137
2016-08-24,2600,15.539999961853027,15.420000076293945,15.539999961853027,15.420000076293945,15.420000076293945
2016-08-23,6000,15.640000343322754,15.609999656677246,15.65999984741211,15.609999656677246,15.609999656677246
2016-08-22,15100,15.390000343322754,15.579999923706055,15.609999656677246,15.390000343322754,15.579999923706055
2016-08-19,2900,15.640000343322754,15.670000076293945,15.670000076293945,15.640000343322754,15.670000076293945
2016-08-18,1700,15.640000343322754,15.739999771118164,15.739999771118164,15.640000343322754,15.739999771118164
2016-08-17,2800,15.550000190734863,15.630000114440918,15.630000114440918,15.529999732971191,15.630000114440918
2016-08-16,3100,15.8100004196167,15.569999694824219,15.8100004196167,15.430000305175781,15.569999694824219
2016-08-15,2000,15.380000114440918,15.5,15.5,15.380000114440918,15.5
2016-08-12,1600,15.279999732971191,15.210000038146973,15.279999732971191,15.210000038146973,15.210000038146973
2016-08-11,5800,15.09000015258789,15.170000076293945,15.260000228881836,15.079999923706055,15.170000076293945
2016-08-10,3700,15.260000228881836,15.119999885559082,15.260000228881836,15.100000381469727,15.119999885559082
2016-08-09,2100,15.3100004196167,15.180000305175781,15.3100004196167,15.180000305175781,15.180000305175781
2016-08-08,2300,14.609999656677246,15.300000190734863,15.3100004196167,14.609999656677246,15.300000190734863
2016-08-05,1900,15.15999984741211,15.220000267028809,15.25,15.15999984741211,15.220000267028809
2016-08-04,2000,15.130000114440918,15.260000228881836,15.260000228881836,15.100000381469727,15.260000228881836
2016-08-03,1100,15.0600004196167,15.109999656677246,15.170000076293945,15.0600004196167,15.109999656677246
2016-08-02,4000,15.180000305175781,15.050000190734863,15.25,14.9399995803833,15.050000190734863
2016-08-01,1500,15.609999656677246,15.010000228881836,15.609999656677246,15.010000228881836,15.010000228881836
2016-07-29,2200,15.15999984741211,15.279999732971191,15.289999961853027,15.140000343322754,15.279999732971191
2016-07-28,5800,15.149999618530273,15.149999618530273,15.149999618530273,15.140000343322754,15.149999618530273
2016-07-27,0,15.149999618530273,15.149999618530273,15.149999618530273,15.149999618530273,15.149999618530273
2016-07-26,1000,15.180000305175781,15.149999618530273,15.180000305175781,15.149999618530273,15.149999618530273
2016-07-25,2200,15.229999542236328,15.199999809265137,15.260000228881836,15.199999809265137,15.199999809265137
2016-07-22,3300,15.380000114440918,15.350000381469727,15.390000343322754,15.289999961853027,15.350000381469727
2016-07-21,1100,15.420000076293945,15.420000076293945,15.420000076293945,15.420000076293945,15.420000076293945
2016-07-20,5000,15.449999809265137,15.479999542236328,15.539999961853027,15.449999809265137,15.479999542236328
2016-07-19,12100,15.5600004196167,15.550000190734863,15.5600004196167,15.550000190734863,15.550000190734863
2016-07-18,5600,15.65999984741211,15.760000228881836,15.770000457763672,15.600000381469727,15.760000228881836
2016-07-15,1300,15.84000015258789,15.789999961853027,15.84000015258789,15.789999961853027,15.789999961853027
2016-07-14,100,15.8100004196167,15.8100004196167,15.8100004196167,15.8100004196167,15.8100004196167
2016-07-13,3700,16.010000228881836,15.8100004196167,16.010000228881836,15.8100004196167,15.8100004196167
2016-07-12,6600,15.800000190734863,15.899999618530273,15.920000076293945,15.789999961853027,15.899999618530273
2016-07-11,1000,15.800000190734863,15.729999542236328,15.869999885559082,15.729999542236328,15.729999542236328
2016-07-08,4000,15.770000457763672,15.699999809265137,15.770000457763672,15.65999984741211,15.699999809265137
2016-07-07,800000,15.600000381469727,15.489999771118164,15.600000381469727,15.489999771118164,15.489999771118164
2016-07-06,2300,15.75,15.930000305175781,15.930000305175781,15.75,15.930000305175781
2016-07-05,7300,16.1200008392334,15.930000305175781,16.1200008392334,15.899999618530273,15.930000305175781
2016-07-01,3000,16.270000457763672,16.280000686645508,16.299999237060547,16.229999542236328,16.280000686645508
2016-06-30,1400,16.190000534057617,16.219999313354492,16.260000228881836,16.170000076293945,16.219999313354492
2016-06-29,1900,16.15999984741211,16.209999084472656,16.260000228881836,16.110000610351562,16.209999084472656
2016-06-28,3800,16.020000457763672,16.06999969482422,16.079999923706055,15.979999542236328,16.06999969482422
2016-06-27,1100,15.800000190734863,15.760000228881836,15.800000190734863,15.760000228881836,15.760000228881836
2016-06-24,6000,15.680000305175781,15.800000190734863,15.859999656677246,15.680000305175781,15.800000190734863
2016-06-23,1900,15.979999542236328,16.040000915527344,16.06999969482422,15.979999542236328,16.040000915527344
2016-06-22,9100,16.149999618530273,15.960000038146973,16.15999984741211,15.960000038146973,15.960000038146973
2016-06-21,4100,16.1299991607666,16.06999969482422,16.1299991607666,16.06999969482422,16.06999969482422
2016-06-20,2900,16.18000030517578,16.299999237060547,16.299999237060547,16.18000030517578,16.299999237060547
2016-06-17,3200,16.079999923706055,16.100000381469727,16.100000381469727,16.040000915527344,16.100000381469727
2016-06-16,3200,15.890000343322754,15.859999656677246,15.970000267028809,15.850000381469727,15.859999656677246
2016-06-15,2000,16.149999618530273,16.06999969482422,16.18000030517578,16.06999969482422,16.06999969482422
2016-06-14,800,16.170000076293945,16.1200008392334,16.170000076293945,16.1200008392334,16.1200008392334
2016-06-13,4300,16.219999313354492,16.18000030517578,16.270000457763672,16.18000030517578,16.18000030517578
2016-06-10,0,16.399999618530273,16.399999618530273,16.399999618530273,16.399999618530273,16.399999618530273
2016-06-09,9400,16.280000686645508,16.399999618530273,16.399999618530273,16.270000457763672,16.399999618530273
2016-06-08,1000,16.34000015258789,16.360000610351562,16.389999389648438,16.34000015258789,16.360000610351562
2016-06-07,3300,16.030000686645508,16.100000381469727,16.100000381469727,16.010000228881836,16.100000381469727
2016-06-06,300,15.979999542236328,15.979999542236328,15.979999542236328,15.979999542236328,15.979999542236328
2016-06-03,0,15.760000228881836,15.760000228881836,15.760000228881836,15.760000228881836,15.760000228881836
2016-06-02,2800,15.630000114440918,15.760000228881836,15.800000190734863,15.600000381469727,15.760000228881836
2016-06-01,4300,15.40999984741211,15.640000343322754,15.640000343322754,15.40999984741211,15.640000343322754
2016-05-31,3600,15.579999923706055,15.5,15.59000015258789,15.5,15.5
2016-05-27,2700,15.470000267028809,15.520000457763672,15.550000190734863,15.470000267028809,15.520000457763672
2016-05-26,4800,15.59000015258789,15.5,15.59000015258789,15.449999809265137,15.5
2016-05-25,4500,15.369999885559082,15.479999542236328,15.479999542236328,15.369999885559082,15.479999542236328
2016-05-24,7200,15.260000228881836,15.3100004196167,15.359999656677246,15.260000228881836,15.3100004196167
2016-05-23,5100,15.300000190734863,15.329999923706055,15.329999923706055,15.300000190734863,15.329999923706055
2016-05-20,100,15.369999885559082,15.369999885559082,15.369999885559082,15.369999885559082,15.369999885559082
2016-05-19,3400,15.210000038146973,15.369999885559082,15.369999885559082,15.1899995803833,15.369999885559082
2016-05-18,23500,15.649999618530273,15.449999809265137,15.649999618530273,15.420000076293945,15.449999809265137
2016-05-17,400,15.579999923706055,15.59000015258789,15.59000015258789,15.579999923706055,15.59000015258789
2016-05-16,3600,15.449999809265137,15.430000305175781,15.5,15.380000114440918,15.430000305175781
2016-05-13,1100,15.34000015258789,15.350000381469727,15.350000381469727,15.319999694824219,15.350000381469727
2016-05-12,2800,15.34000015258789,15.350000381469727,15.40999984741211,15.329999923706055,15.350000381469727
2016-05-11,2200,15.119999885559082,15.34000015258789,15.34000015258789,15.109999656677246,15.34000015258789
2016-05-10,3800,14.960000038146973,15.069999694824219,15.100000381469727,14.960000038146973,15.069999694824219
2016-05-09,7900,15.0,14.800000190734863,15.0,14.800000190734863,14.800000190734863
2016-05-06,5200,15.140000343322754,15.119999885559082,15.229999542236328,15.119999885559082,15.119999885559082
2016-05-05,5700,15.25,15.029999732971191,15.25,14.949999809265137,15.029999732971191
2016-05-04,4100,15.229999542236328,15.180000305175781,15.319999694824219,15.100000381469727,15.180000305175781
2016-05-03,12800,15.380000114440918,15.180000305175781,15.380000114440918,15.140000343322754,15.180000305175781
2016-05-02,4700,15.399999618530273,15.380000114440918,15.430000305175781,15.329999923706055,15.380000114440918
2016-04-29,7600,15.579999923706055,15.550000190734863,15.579999923706055,15.470000267028809,15.550000190734863
2016-04-28,17600,15.34000015258789,15.369999885559082,15.489999771118164,15.34000015258789,15.369999885559082
2016-04-27,793500,15.239999771118164,15.3100004196167,15.3100004196167,15.180000305175781,15.3100004196167
2016-04-26,10900,15.109999656677246,15.210000038146973,15.210000038146973,15.069999694824219,15.210000038146973
2016-04-25,10200,15.100000381469727,15.050000190734863,15.100000381469727,15.0,15.050000190734863
2016-04-22,9500,15.210000038146973,15.100000381469727,15.289999961853027,15.069999694824219,15.100000381469727
2016-04-21,5000,15.279999732971191,15.220000267028809,15.279999732971191,15.220000267028809,15.220000267028809
2016-04-20,3600,14.970000267028809,15.260000228881836,15.260000228881836,14.970000267028809,15.260000228881836
2016-04-19,4300,14.800000190734863,14.989999771118164,14.989999771118164,14.800000190734863,14.989999771118164
2016-04-18,4400,14.470000267028809,14.619999885559082,14.65999984741211,14.470000267028809,14.619999885559082
2016-04-15,1600,14.510000228881836,14.510000228881836,14.510000228881836,14.510000228881836,14.510000228881836
2016-04-14,4000,14.699999809265137,14.619999885559082,14.710000038146973,14.619999885559082,14.619999885559082
2016-04-13,2200,14.710000038146973,14.6899995803833,14.720000267028809,14.65999984741211,14.6899995803833
2016-04-12,8600,14.4399995803833,14.619999885559082,14.670000076293945,14.430000305175781,14.619999885559082
2016-04-11,800,14.34000015258789,14.34000015258789,14.34000015258789,14.34000015258789,14.34000015258789
2016-04-08,300,14.239999771118164,14.279999732971191,14.279999732971191,14.239999771118164,14.279999732971191
2016-04-07,2700,13.920000076293945,14.020000457763672,14.020000457763672,13.920000076293945,14.020000457763672
2016-04-06,4900,13.90999984741211,13.989999771118164,14.039999961853027,13.640000343322754,13.989999771118164
2016-04-05,1100,13.880000114440918,13.90999984741211,13.90999984741211,13.880000114440918,13.90999984741211
2016-04-04,600,14.09000015258789,13.979999542236328,14.09000015258789,13.979999542236328,13.979999542236328
2016-04-01,3700,14.569999694824219,14.100000381469727,14.569999694824219,14.039999961853027,14.100000381469727
2016-03-31,50900,14.279999732971191,14.279999732971191,14.369999885559082,14.229999542236328,14.279999732971191
2016-03-30,8400,14.4399995803833,14.279999732971191,14.479999542236328,14.279999732971191,14.279999732971191
2016-03-29,85000,14.25,14.399999618530273,14.399999618530273,14.220000267028809,14.399999618530273
2016-03-28,3000,14.319999694824219,14.350000381469727,14.390000343322754,14.319999694824219,14.350000381469727
2016-03-24,6600,14.260000228881836,14.390000343322754,14.390000343322754,14.25,14.390000343322754
2016-03-23,20000,14.539999961853027,14.40999984741211,14.539999961853027,14.399999618530273,14.40999984741211
2016-03-22,1900,14.59000015258789,14.680000305175781,14.710000038146973,14.59000015258789,14.680000305175781
2016-03-21,4500,14.640000343322754,14.600000381469727,14.6899995803833,14.600000381469727,14.600000381469727
2016-03-18,2400,14.739999771118164,14.59000015258789,14.739999771118164,14.59000015258789,14.59000015258789
2016-03-17,2400,14.869999885559082,14.640000343322754,14.869999885559082,14.609999656677246,14.640000343322754
2016-03-16,41900,14.270000457763672,14.449999809265137,14.449999809265137,14.270000457763672,14.449999809265137
2016-03-15,5100,14.229999542236328,14.25,14.279999732971191,14.229999542236328,14.25
2016-03-14,2500,14.399999618530273,14.350000381469727,14.399999618530273,14.289999961853027,14.350000381469727
2016-03-11,8000,14.479999542236328,14.5,14.539999961853027,14.460000038146973,14.5
2016-03-10,4000,14.270000457763672,14.34000015258789,14.390000343322754,14.270000457763672,14.34000015258789
2016-03-09,3600,14.210000038146973,14.359999656677246,14.359999656677246,14.210000038146973,14.359999656677246
2016-03-08,700,13.470000267028809,14.210000038146973,14.229999542236328,13.470000267028809,14.210000038146973
2016-03-07,2300,14.260000228881836,14.350000381469727,14.350000381469727,14.260000228881836,14.350000381469727
2016-03-04,800,14.130000114440918,14.149999618530273,14.149999618530273,14.119999885559082,14.149999618530273
2016-03-03,46200,13.800000190734863,13.920000076293945,13.920000076293945,13.800000190734863,13.920000076293945
2016-03-02,8300,13.529999732971191,13.789999961853027,13.789999961853027,13.529999732971191,13.789999961853027
2016-03-01,3200,13.720000267028809,13.720000267028809,13.739999771118164,13.720000267028809,13.720000267028809
2016-02-29,3200,13.670000076293945,13.6899995803833,13.729999542236328,13.65999984741211,13.6899995803833
2016-02-26,1100,13.760000228881836,13.649999618530273,13.760000228881836,13.649999618530273,13.649999618530273
2016-02-25,6100,13.649999618530273,13.670000076293945,13.699999809265137,13.520000457763672,13.670000076293945
2016-02-24,4900,13.5,13.720000267028809,13.720000267028809,13.5,13.720000267028809
2016-02-23,7200,13.65999984741211,13.59000015258789,13.65999984741211,13.550000190734863,13.59000015258789
2016-02-22,800,13.75,13.720000267028809,13.75,13.720000267028809,13.720000267028809
2016-02-19,6000,13.59000015258789,13.579999923706055,13.59000015258789,13.5600004196167,13.579999923706055
2016-02-18,13500,13.789999961853027,13.699999809265137,13.800000190734863,13.699999809265137,13.699999809265137
2016-02-17,5600,13.5600004196167,13.729999542236328,13.739999771118164,13.5600004196167,13.729999542236328
2016-02-16,5700,13.640000343322754,13.5,13.640000343322754,13.489999771118164,13.5
2016-02-12,7400,13.489999771118164,13.59000015258789,13.609999656677246,13.489999771118164,13.59000015258789
2016-02-11,7600,13.399999618530273,13.399999618530273,13.40999984741211,13.359999656677246,13.399999618530273
2016-02-10,9200,13.34000015258789,13.359999656677246,13.399999618530273,13.289999961853027,13.359999656677246
2016-02-09,8600,13.5600004196167,13.359999656677246,13.569999694824219,13.359999656677246,13.359999656677246
2016-02-08,9900,13.720000267028809,13.649999618530273,13.729999542236328,13.640000343322754,13.649999618530273
2016-02-05,12500,13.729999542236328,13.670000076293945,13.739999771118164,13.640000343322754,13.670000076293945
2016-02-04,2000,13.90999984741211,13.770000457763672,13.920000076293945,13.739999771118164,13.770000457763672
2016-02-03,14000,13.609999656677246,13.8100004196167,13.8100004196167,13.59000015258789,13.8100004196167
2016-02-02,6300,13.430000305175781,13.520000457763672,13.550000190734863,13.430000305175781,13.520000457763672
2016-02-01,27400,13.770000457763672,13.739999771118164,13.779999732971191,13.680000305175781,13.739999771118164
2016-01-29,7600,14.09000015258789,13.9399995803833,14.09000015258789,13.84000015258789,13.9399995803833
2016-01-28,3200,13.829999923706055,13.8100004196167,13.829999923706055,13.710000038146973,13.8100004196167
2016-01-27,1500,13.579999923706055,13.699999809265137,13.720000267028809,13.579999923706055,13.699999809265137
2016-01-26,15200,13.510000228881836,13.609999656677246,13.670000076293945,13.510000228881836,13.609999656677246
2016-01-25,36000,13.520000457763672,13.40999984741211,13.529999732971191,13.40999984741211,13.40999984741211
2016-01-22,24700,13.569999694824219,13.569999694824219,13.619999885559082,13.510000228881836,13.569999694824219
2016-01-21,9700,13.180000305175781,13.329999923706055,13.380000114440918,13.180000305175781,13.329999923706055
2016-01-20,7700,13.180000305175781,13.180000305175781,13.180000305175781,13.039999961853027,13.180000305175781
2016-01-19,20500,13.390000343322754,13.229999542236328,13.390000343322754,13.229999542236328,13.229999542236328
2016-01-15,25400,13.329999923706055,13.239999771118164,13.350000381469727,13.220000267028809,13.239999771118164
2016-01-14,1100,13.460000038146973,13.470000267028809,13.470000267028809,13.430000305175781,13.470000267028809
2016-01-13,1600,13.510000228881836,13.4399995803833,13.520000457763672,13.4399995803833,13.4399995803833
2016-01-12,2700,13.550000190734863,13.430000305175781,13.550000190734863,13.40999984741211,13.430000305175781
2016-01-11,23100,13.800000190734863,13.520000457763672,13.800000190734863,13.520000457763672,13.520000457763672
2016-01-08,1700,13.850000381469727,13.829999923706055,13.850000381469727,13.829999923706055,13.829999923706055
2016-01-07,2100,13.819999694824219,13.8100004196167,13.899999618530273,13.8100004196167,13.8100004196167
2016-01-06,5200,13.90999984741211,13.859999656677246,13.9399995803833,13.84000015258789,13.859999656677246
2016-01-05,800,14.020000457763672,14.010000228881836,14.020000457763672,14.010000228881836,14.010000228881836
2016-01-04,7800,14.470000267028809,14.069999694824219,14.470000267028809,14.0600004196167,14.069999694824219
2015-12-31,6600,14.15999984741211,14.220000267028809,14.239999771118164,14.140000343322754,14.220000267028809
2015-12-30,100000,14.260000228881836,14.149999618530273,14.260000228881836,14.09000015258789,14.149999618530273
2015-12-29,70400,14.289999961853027,14.270000457763672,14.289999961853027,14.239999771118164,14.270000457763672
2015-12-28,108800,14.170000076293945,14.050000190734863,14.170000076293945,14.050000190734863,14.050000190734863
2015-12-24,3600,14.15999984741211,14.180000305175781,14.1899995803833,14.15999984741211,14.180000305175781
2015-12-23,181100,14.039999961853027,14.170000076293945,14.170000076293945,13.989999771118164,14.170000076293945
2015-12-22,237700,14.0,13.949999809265137,14.039999961853027,13.930000305175781,13.949999809265137
2015-12-21,69900,13.880000114440918,14.0600004196167,14.09000015258789,13.880000114440918,14.0600004196167
2015-12-18,7100,13.989999771118164,13.970000267028809,14.109999656677246,13.970000267028809,13.970000267028809
2015-12-17,7600,14.649999618530273,13.829999923706055,14.649999618530273,13.75,13.829999923706055
2015-12-16,13300,14.039999961853027,13.979999542236328,14.039999961853027,13.920000076293945,13.979999542236328
2015-12-15,15600,14.039999961853027,14.0,14.079999923706055,14.0,14.0
2015-12-14,31900,14.0600004196167,14.0600004196167,14.140000343322754,14.010000228881836,14.0600004196167
2015-12-11,10000,14.260000228881836,14.180000305175781,14.260000228881836,14.180000305175781,14.180000305175781
2015-12-10,34000,14.380000114440918,14.329999923706055,14.390000343322754,14.300000190734863,14.329999923706055
2015-12-09,37400,14.449999809265137,14.329999923706055,14.5,14.279999732971191,14.329999923706055
2015-12-08,15300,14.34000015258789,14.34000015258789,14.369999885559082,14.319999694824219,14.34000015258789
2015-12-07,16900,14.630000114440918,14.40999984741211,14.630000114440918,14.359999656677246,14.40999984741211
2015-12-04,30900,14.760000228881836,14.800000190734863,14.850000381469727,14.760000228881836,14.800000190734863
2015-12-03,3500,14.680000305175781,14.770000457763672,14.819999694824219,14.680000305175781,14.770000457763672
2015-12-02,1600,14.710000038146973,14.609999656677246,14.710000038146973,14.5600004196167,14.609999656677246
2015-12-01,6200,14.789999961853027,14.869999885559082,14.869999885559082,14.770000457763672,14.869999885559082
2015-11-30,7400,14.75,14.729999542236328,14.8100004196167,14.670000076293945,14.729999542236328
2015-11-27,100,14.760000228881836,14.760000228881836,14.760000228881836,14.760000228881836,14.760000228881836
2015-11-25,200,14.960000038146973,14.960000038146973,14.960000038146973,14.960000038146973,14.960000038146973
2015-11-24,21700,15.0,14.869999885559082,15.0,14.869999885559082,14.869999885559082
2015-11-23,17700,14.6899995803833,14.739999771118164,14.800000190734863,14.6899995803833,14.739999771118164
2015-11-20,6900,14.819999694824219,14.779999732971191,14.869999885559082,14.720000267028809,14.779999732971191
2015-11-19,11300,14.779999732971191,14.829999923706055,14.90999984741211,14.779999732971191,14.829999923706055
2015-11-18,11500,14.819999694824219,14.829999923706055,14.829999923706055,14.75,14.829999923706055
2015-11-17,5900,14.850000381469727,14.859999656677246,14.859999656677246,14.8100004196167,14.859999656677246
2015-11-16,7900,14.90999984741211,15.0,15.0,14.850000381469727,15.0
2015-11-13,2200,15.0,14.960000038146973,15.010000228881836,14.960000038146973,14.960000038146973
2015-11-12,4200,15.09000015258789,15.069999694824219,15.109999656677246,15.0600004196167,15.069999694824219
2015-11-11,3000,15.239999771118164,15.229999542236328,15.260000228881836,15.1899995803833,15.229999542236328
2015-11-10,2600,15.319999694824219,15.260000228881836,15.319999694824219,15.25,15.260000228881836
2015-11-09,7200,15.479999542236328,15.34000015258789,15.479999542236328,15.3100004196167,15.34000015258789
2015-11-06,15200,15.460000038146973,15.529999732971191,15.529999732971191,15.449999809265137,15.529999732971191
2015-11-05,0,15.920000076293945,15.920000076293945,15.920000076293945,15.920000076293945,15.920000076293945
2015-11-04,400,16.469999313354492,15.920000076293945,16.469999313354492,15.920000076293945,15.920000076293945
2015-11-03,10700,15.930000305175781,15.979999542236328,16.0,15.930000305175781,15.979999542236328
2015-11-02,6100,15.829999923706055,15.850000381469727,15.850000381469727,15.800000190734863,15.850000381469727
2015-10-30,5500,15.84000015258789,15.869999885559082,15.920000076293945,15.84000015258789,15.869999885559082
2015-10-29,2900,15.899999618530273,15.8100004196167,15.9399995803833,15.800000190734863,15.8100004196167
2015-10-28,2400,15.800000190734863,15.930000305175781,15.930000305175781,15.800000190734863,15.930000305175781
2015-10-27,4300,15.789999961853027,15.75,15.859999656677246,15.75,15.75
2015-10-26,15200,15.890000343322754,15.8100004196167,15.899999618530273,15.8100004196167,15.8100004196167
2015-10-23,1200,16.0,15.90999984741211,16.0,15.90999984741211,15.90999984741211
2015-10-22,1900,16.190000534057617,16.040000915527344,16.190000534057617,16.040000915527344,16.040000915527344
2015-10-21,700,16.040000915527344,16.09000015258789,16.09000015258789,16.040000915527344,16.09000015258789
2015-10-20,500,16.170000076293945,16.15999984741211,16.170000076293945,16.1200008392334,16.15999984741211
2015-10-19,400,16.170000076293945,16.170000076293945,16.170000076293945,16.170000076293945,16.170000076293945
2015-10-16,1600,16.360000610351562,16.299999237060547,16.360000610351562,16.299999237060547,16.299999237060547
2015-10-15,2200,16.420000076293945,16.420000076293945,16.420000076293945,16.34000015258789,16.420000076293945
2015-10-14,600,16.489999771118164,16.489999771118164,16.489999771118164,16.489999771118164,16.489999771118164
2015-10-13,12300,16.360000610351562,16.40999984741211,16.5,16.360000610351562,16.40999984741211
2015-10-12,6000,16.68000030517578,16.440000534057617,16.68000030517578,16.420000076293945,16.440000534057617
2015-10-09,6400,16.649999618530273,16.579999923706055,16.700000762939453,16.579999923706055,16.579999923706055
2015-10-08,3200,16.420000076293945,16.520000457763672,16.520000457763672,16.389999389648438,16.520000457763672
2015-10-07,4000,16.6200008392334,16.459999084472656,16.6200008392334,16.420000076293945,16.459999084472656
2015-10-06,1100,16.299999237060547,16.469999313354492,16.469999313354492,16.299999237060547,16.469999313354492
2015-10-05,0,16.0,16.0,16.0,16.0,16.0
2015-10-02,100,16.0,16.0,16.0,16.0,16.0
2015-10-01,5500,16.149999618530273,15.90999984741211,16.149999618530273,15.899999618530273,15.90999984741211
2015-09-30,900,16.030000686645508,16.030000686645508,16.030000686645508,16.030000686645508,16.030000686645508
2015-09-29,2300,15.880000114440918,15.949999809265137,16.0,15.880000114440918,15.949999809265137
2015-09-28,4300,16.020000457763672,15.930000305175781,16.020000457763672,15.890000343322754,15.930000305175781
2015-09-25,600,16.040000915527344,16.059999465942383,16.1299991607666,16.040000915527344,16.059999465942383
2015-09-24,10800,15.970000267028809,16.030000686645508,16.030000686645508,15.960000038146973,16.030000686645508
2015-09-23,2500,15.920000076293945,15.920000076293945,15.920000076293945,15.920000076293945,15.920000076293945
2015-09-22,900,16.100000381469727,15.9399995803833,16.100000381469727,15.899999618530273,15.9399995803833
2015-09-21,56400,15.979999542236328,16.079999923706055,16.100000381469727,15.979999542236328,16.079999923706055
2015-09-18,400,16.059999465942383,15.979999542236328,16.059999465942383,15.979999542236328,15.979999542236328
2015-09-17,2500,16.290000915527344,16.309999465942383,16.329999923706055,16.209999084472656,16.309999465942383
2015-09-16,5700,16.260000228881836,16.260000228881836,16.260000228881836,16.239999771118164,16.260000228881836
2015-09-15,4400,16.1200008392334,16.1299991607666,16.1299991607666,16.09000015258789,16.1299991607666
2015-09-14,6000,16.149999618530273,16.1200008392334,16.149999618530273,16.06999969482422,16.1200008392334
2015-09-11,2800,16.1200008392334,16.200000762939453,16.270000457763672,16.1200008392334,16.200000762939453
2015-09-10,3800,16.139999389648438,16.239999771118164,16.270000457763672,16.139999389648438,16.239999771118164
2015-09-09,14900,16.209999084472656,16.079999923706055,16.209999084472656,16.06999969482422,16.079999923706055
2015-09-08,400,16.260000228881836,16.260000228881836,16.260000228881836,16.260000228881836,16.260000228881836
2015-09-04,405400,16.18000030517578,16.1299991607666,16.200000762939453,16.1299991607666,16.1299991607666
2015-09-03,2800,16.280000686645508,16.229999542236328,16.40999984741211,16.229999542236328,16.229999542236328
2015-09-02,1800,16.0,16.200000762939453,16.200000762939453,16.0,16.200000762939453
2015-09-01,6000,16.350000381469727,16.18000030517578,16.350000381469727,16.139999389648438,16.18000030517578
2015-08-31,6200,16.020000457763672,16.559999465942383,16.559999465942383,16.010000228881836,16.559999465942383
2015-08-28,16300,16.079999923706055,16.299999237060547,16.31999969482422,16.079999923706055,16.299999237060547
2015-08-27,12900,15.75,15.930000305175781,15.960000038146973,15.75,15.930000305175781
2015-08-26,12800,15.640000343322754,15.460000038146973,15.640000343322754,15.460000038146973,15.460000038146973
2015-08-25,23200,15.8100004196167,15.729999542236328,15.8100004196167,15.680000305175781,15.729999542236328
2015-08-24,20700,16.0,15.640000343322754,16.0,15.609999656677246,15.640000343322754
2015-08-21,10300,16.0,15.989999771118164,16.040000915527344,15.989999771118164,15.989999771118164
2015-08-20,9900,16.18000030517578,16.209999084472656,16.309999465942383,16.18000030517578,16.209999084472656
2015-08-19,10600,16.309999465942383,16.139999389648438,16.309999465942383,16.110000610351562,16.139999389648438
2015-08-18,5700,16.25,16.270000457763672,16.290000915527344,16.219999313354492,16.270000457763672
2015-08-17,7200,16.43000030517578,16.389999389648438,16.440000534057617,16.389999389648438,16.389999389648438
2015-08-14,91900,16.540000915527344,16.479999542236328,16.540000915527344,16.479999542236328,16.479999542236328
2015-08-13,800,16.579999923706055,16.530000686645508,16.579999923706055,16.510000228881836,16.530000686645508
2015-08-12,20400,16.75,16.6299991607666,16.770000457763672,16.510000228881836,16.6299991607666
2015-08-11,3100,16.700000762939453,16.68000030517578,16.700000762939453,16.610000610351562,16.68000030517578
2015-08-10,74500,16.700000762939453,16.8799991607666,16.920000076293945,16.700000762939453,16.8799991607666
2015-08-07,36000,16.8799991607666,16.510000228881836,16.8799991607666,16.510000228881836,16.510000228881836
2015-08-06,5700,16.520000457763672,16.520000457763672,16.520000457763672,16.479999542236328,16.520000457763672
2015-08-05,1500,16.579999923706055,16.56999969482422,16.579999923706055,16.549999237060547,16.56999969482422
2015-08-04,38100,16.690000534057617,16.6200008392334,16.690000534057617,16.579999923706055,16.6200008392334
2015-08-03,2300,16.540000915527344,16.540000915527344,16.540000915527344,16.530000686645508,16.540000915527344
2015-07-31,31800,16.920000076293945,16.709999084472656,16.93000030517578,16.709999084472656,16.709999084472656
2015-07-30,2300,17.010000228881836,16.969999313354492,17.049999237060547,16.959999084472656,16.969999313354492
2015-07-29,9500,16.979999542236328,17.020000457763672,17.040000915527344,16.979999542236328,17.020000457763672
2015-07-28,26400,16.899999618530273,16.959999084472656,16.979999542236328,16.899999618530273,16.959999084472656
2015-07-27,2000,16.950000762939453,16.81999969482422,16.950000762939453,16.81999969482422,16.81999969482422
2015-07-24,2100,17.190000534057617,17.09000015258789,17.190000534057617,17.059999465942383,17.09000015258789
2015-07-23,130700,17.420000076293945,17.25,17.440000534057617,17.25,17.25
2015-07-22,1600,17.459999084472656,17.450000762939453,17.56999969482422,17.450000762939453,17.450000762939453
2015-07-21,3600,17.649999618530273,17.6299991607666,17.65999984741211,17.6299991607666,17.6299991607666
2015-07-20,35600,17.690000534057617,17.6200008392334,17.690000534057617,17.600000381469727,17.6200008392334
2015-07-17,8700,17.799999237060547,17.8700008392334,17.8700008392334,17.799999237060547,17.8700008392334
2015-07-16,12400,18.06999969482422,17.959999084472656,18.06999969482422,17.959999084472656,17.959999084472656
2015-07-15,8500,18.110000610351562,18.030000686645508,18.110000610351562,18.020000457763672,18.030000686645508
2015-07-14,3500,18.209999084472656,18.239999771118164,18.239999771118164,18.209999084472656,18.239999771118164
2015-07-13,1900,18.219999313354492,18.260000228881836,18.260000228881836,18.18000030517578,18.260000228881836
2015-07-10,5500,18.209999084472656,18.219999313354492,18.219999313354492,18.209999084472656,18.219999313354492
2015-07-09,8100,18.190000534057617,18.139999389648438,18.190000534057617,18.139999389648438,18.139999389648438
2015-07-08,1400,18.020000457763672,17.920000076293945,18.049999237060547,17.920000076293945,17.920000076293945
2015-07-07,41300,18.049999237060547,17.920000076293945,18.75,17.719999313354492,17.920000076293945
2015-07-06,0,18.670000076293945,18.670000076293945,18.670000076293945,18.670000076293945,18.670000076293945
2015-07-02,19900,18.790000915527344,18.670000076293945,18.790000915527344,18.639999389648438,18.670000076293945
2015-07-01,3700,18.68000030517578,18.68000030517578,18.68000030517578,18.670000076293945,18.68000030517578
2015-06-30,1700,18.450000762939453,18.639999389648438,18.639999389648438,18.450000762939453,18.639999389648438
2015-06-29,6900,18.479999542236328,18.469999313354492,18.530000686645508,18.450000762939453,18.469999313354492
2015-06-26,700,18.559999465942383,18.520000457763672,18.559999465942383,18.520000457763672,18.520000457763672
2015-06-25,18600,18.469999313354492,18.5,18.510000228881836,18.420000076293945,18.5
2015-06-24,0,18.489999771118164,18.489999771118164,18.489999771118164,18.489999771118164,18.489999771118164
2015-06-23,20400,18.290000915527344,18.489999771118164,18.489999771118164,18.290000915527344,18.489999771118164
2015-06-22,7400,18.229999542236328,18.290000915527344,18.290000915527344,18.15999984741211,18.290000915527344
2015-06-19,278500,18.31999969482422,18.290000915527344,18.31999969482422,18.25,18.290000915527344
2015-06-18,2100,18.469999313354492,18.450000762939453,18.5,18.450000762939453,18.450000762939453
2015-06-17,11200,18.610000610351562,18.459999084472656,18.610000610351562,18.31999969482422,18.459999084472656
2015-06-16,13500,18.530000686645508,18.399999618530273,18.530000686645508,18.329999923706055,18.399999618530273
2015-06-15,9900,18.389999389648438,18.360000610351562,18.389999389648438,18.360000610351562,18.360000610351562
2015-06-12,8500,18.520000457763672,18.520000457763672,18.520000457763672,18.510000228881836,18.520000457763672
2015-06-11,85500,18.770000457763672,18.610000610351562,18.770000457763672,18.600000381469727,18.610000610351562
2015-06-10,2600,18.950000762939453,18.8700008392334,18.950000762939453,18.8700008392334,18.8700008392334
2015-06-09,4400,18.670000076293945,18.760000228881836,18.780000686645508,18.670000076293945,18.760000228881836
2015-06-08,2800,18.450000762939453,18.489999771118164,18.489999771118164,18.450000762939453,18.489999771118164
2015-06-05,3800,18.209999084472656,18.40999984741211,18.420000076293945,18.170000076293945,18.40999984741211
2015-06-04,3100,18.43000030517578,18.389999389648438,18.43000030517578,18.350000381469727,18.389999389648438
2015-06-03,600,18.68000030517578,18.520000457763672,18.68000030517578,18.520000457763672,18.520000457763672
2015-06-02,1600,18.610000610351562,18.649999618530273,18.649999618530273,18.600000381469727,18.649999618530273
2015-06-01,17000,18.540000915527344,18.56999969482422,18.59000015258789,18.530000686645508,18.56999969482422
2015-05-29,800,18.40999984741211,18.540000915527344,18.540000915527344,18.40999984741211,18.540000915527344
2015-05-28,6200,18.350000381469727,18.40999984741211,18.40999984741211,18.290000915527344,18.40999984741211
2015-05-27,2500,18.420000076293945,18.389999389648438,18.459999084472656,18.350000381469727,18.389999389648438
2015-05-26,6600,18.81999969482422,18.479999542236328,18.81999969482422,18.469999313354492,18.479999542236328
2015-05-22,13900,18.920000076293945,18.850000381469727,18.920000076293945,18.81999969482422,18.850000381469727
2015-05-21,1800,19.059999465942383,19.079999923706055,19.079999923706055,19.059999465942383,19.079999923706055
2015-05-20,15200,18.969999313354492,18.93000030517578,18.969999313354492,18.8799991607666,18.93000030517578
2015-05-19,14300,19.170000076293945,18.920000076293945,19.170000076293945,18.899999618530273,18.920000076293945
2015-05-18,2600,19.34000015258789,19.309999465942383,19.350000381469727,19.309999465942383,19.309999465942383
2015-05-15,4000,19.309999465942383,19.389999389648438,19.389999389648438,19.25,19.389999389648438
2015-05-14,43600,19.360000610351562,19.40999984741211,19.420000076293945,19.34000015258789,19.40999984741211
2015-05-13,8400,19.309999465942383,19.299999237060547,19.389999389648438,19.270000457763672,19.299999237060547
2015-05-12,9500,19.06999969482422,19.25,19.270000457763672,19.06999969482422,19.25
2015-05-11,6000,19.079999923706055,19.040000915527344,19.100000381469727,19.010000228881836,19.040000915527344
2015-05-08,23600,19.030000686645508,19.110000610351562,19.15999984741211,19.030000686645508,19.110000610351562
2015-05-07,900,19.010000228881836,18.959999084472656,19.010000228881836,18.959999084472656,18.959999084472656
2015-05-06,1800,19.34000015258789,19.25,19.3799991607666,19.209999084472656,19.25
2015-05-05,800,19.299999237060547,19.239999771118164,19.299999237060547,19.239999771118164,19.239999771118164
2015-05-04,33200,19.020000457763672,19.079999923706055,19.079999923706055,19.0,19.079999923706055
2015-05-01,4700,19.0,19.0,19.0,19.0,19.0
2015-04-30,23300,18.93000030517578,19.06999969482422,19.09000015258789,18.899999618530273,19.06999969482422
2015-04-29,20000,18.770000457763672,18.93000030517578,18.940000534057617,18.770000457763672,18.93000030517578
2015-04-28,6600,18.719999313354492,18.790000915527344,18.790000915527344,18.700000762939453,18.790000915527344
2015-04-27,8800,18.700000762939453,18.700000762939453,18.739999771118164,18.639999389648438,18.700000762939453
2015-04-24,6100,18.68000030517578,18.670000076293945,18.68000030517578,18.610000610351562,18.670000076293945
2015-04-23,30700,18.690000534057617,18.639999389648438,18.729999542236328,18.639999389648438,18.639999389648438
2015-04-22,13800,18.540000915527344,18.5,18.540000915527344,18.440000534057617,18.5
2015-04-21,5100,18.559999465942383,18.5,18.559999465942383,18.450000762939453,18.5
2015-04-20,10800,18.68000030517578,18.59000015258789,18.68000030517578,18.559999465942383,18.59000015258789
2015-04-17,12400,18.709999084472656,18.700000762939453,18.770000457763672,18.690000534057617,18.700000762939453
2015-04-16,6100,18.6200008392334,18.760000228881836,18.809999465942383,18.600000381469727,18.760000228881836
2015-04-15,14800,18.520000457763672,18.6200008392334,18.6200008392334,18.520000457763672,18.6200008392334
2015-04-14,6200,18.290000915527344,18.299999237060547,18.34000015258789,18.260000228881836,18.299999237060547
2015-04-13,1700,18.31999969482422,18.149999618530273,18.329999923706055,16.790000915527344,18.149999618530273
2015-04-10,20900,18.209999084472656,18.25,18.299999237060547,18.170000076293945,18.25
2015-04-09,21800,18.229999542236328,18.1200008392334,18.229999542236328,18.1200008392334,18.1200008392334
2015-04-08,10600,18.530000686645508,18.219999313354492,18.530000686645508,18.209999084472656,18.219999313354492
2015-04-07,6700,18.479999542236328,18.610000610351562,18.6200008392334,18.479999542236328,18.610000610351562
2015-04-06,14500,18.43000030517578,18.479999542236328,18.5,18.399999618530273,18.479999542236328
2015-04-02,19700,18.260000228881836,18.309999465942383,18.309999465942383,18.239999771118164,18.309999465942383
2015-04-01,15300,18.06999969482422,18.290000915527344,18.350000381469727,18.020000457763672,18.290000915527344
2015-03-31,8900,18.139999389648438,18.059999465942383,18.190000534057617,18.059999465942383,18.059999465942383
2015-03-30,8400,18.200000762939453,18.190000534057617,18.239999771118164,18.1200008392334,18.190000534057617
2015-03-27,12100,18.399999618530273,18.209999084472656,18.399999618530273,18.209999084472656,18.209999084472656
2015-03-26,658200,18.399999618530273,18.520000457763672,18.559999465942383,18.399999618530273,18.520000457763672
2015-03-25,32400,18.389999389648438,18.389999389648438,18.389999389648438,18.34000015258789,18.389999389648438
2015-03-24,8100,18.43000030517578,18.3700008392334,18.43000030517578,18.309999465942383,18.3700008392334
2015-03-23,30900,18.34000015258789,18.40999984741211,18.40999984741211,18.290000915527344,18.40999984741211
2015-03-20,53400,18.100000381469727,18.229999542236328,18.280000686645508,18.100000381469727,18.229999542236328
2015-03-19,15600,17.969999313354492,17.989999771118164,18.010000228881836,17.8799991607666,17.989999771118164
2015-03-18,83900,17.719999313354492,18.1200008392334,18.1200008392334,17.6299991607666,18.1200008392334
2015-03-17,85800,17.799999237060547,17.790000915527344,17.799999237060547,17.719999313354492,17.790000915527344
2015-03-16,5500,17.799999237060547,17.8799991607666,17.8799991607666,17.700000762939453,17.8799991607666
2015-03-13,21400,18.09000015258789,17.93000030517578,18.09000015258789,17.920000076293945,17.93000030517578
2015-03-12,16600,18.3700008392334,18.200000762939453,18.3700008392334,18.149999618530273,18.200000762939453
2015-03-11,5900,18.209999084472656,18.270000457763672,18.280000686645508,18.190000534057617,18.270000457763672
2015-03-10,700,18.290000915527344,18.25,18.290000915527344,18.239999771118164,18.25
2015-03-09,20200,18.5,18.450000762939453,18.5,18.43000030517578,18.450000762939453
2015-03-06,45600,18.520000457763672,18.479999542236328,18.600000381469727,18.420000076293945,18.479999542236328
2015-03-05,37900,18.700000762939453,18.709999084472656,18.809999465942383,18.649999618530273,18.709999084472656
2015-03-04,8000,18.75,18.780000686645508,18.780000686645508,18.600000381469727,18.780000686645508
2015-03-03,4200,18.719999313354492,18.709999084472656,18.770000457763672,18.690000534057617,18.709999084472656
2015-03-02,12800,18.940000534057617,18.75,18.969999313354492,18.719999313354492,18.75
2015-02-27,15800,18.8799991607666,18.950000762939453,19.020000457763672,18.8700008392334,18.950000762939453
2015-02-26,5000,18.850000381469727,18.790000915527344,18.850000381469727,18.729999542236328,18.790000915527344
2015-02-25,4600,18.799999237060547,18.920000076293945,18.920000076293945,18.770000457763672,18.920000076293945
2015-02-24,1200,18.799999237060547,18.719999313354492,18.8700008392334,18.719999313354492,18.719999313354492
2015-02-23,6700,18.780000686645508,18.700000762939453,18.81999969482422,18.700000762939453,18.700000762939453
2015-02-20,24500,19.049999237060547,18.899999618530273,19.049999237060547,18.8700008392334,18.899999618530273
2015-02-19,9500,18.81999969482422,18.979999542236328,19.0,18.81999969482422,18.979999542236328
2015-02-18,30300,19.059999465942383,19.0,19.09000015258789,18.940000534057617,19.0
2015-02-17,16300,19.280000686645508,19.110000610351562,19.280000686645508,18.93000030517578,19.110000610351562
2015-02-13,14400,19.139999389648438,19.219999313354492,19.219999313354492,19.139999389648438,19.219999313354492
2015-02-12,11300,18.809999465942383,18.940000534057617,18.950000762939453,18.790000915527344,18.940000534057617
2015-02-11,8200,18.719999313354492,18.690000534057617,18.75,18.6299991607666,18.690000534057617
2015-02-10,106700,18.90999984741211,18.84000015258789,18.950000762939453,18.790000915527344,18.84000015258789
2015-02-09,3400,18.920000076293945,19.030000686645508,19.079999923706055,18.920000076293945,19.030000686645508
2015-02-06,2000,18.850000381469727,18.84000015258789,18.920000076293945,18.81999969482422,18.84000015258789
2015-02-05,22000,18.940000534057617,18.829999923706055,18.940000534057617,18.739999771118164,18.829999923706055
2015-02-04,31000,18.979999542236328,18.75,18.979999542236328,18.739999771118164,18.75
2015-02-03,93300,18.75,19.110000610351562,19.209999084472656,18.75,19.110000610351562
2015-02-02,12200,18.75,18.639999389648438,18.75,18.510000228881836,18.639999389648438
2015-01-30,57700,17.799999237060547,18.510000228881836,18.520000457763672,17.799999237060547,18.510000228881836
2015-01-29,1108200,18.600000381469727,18.15999984741211,18.600000381469727,15.050000190734863,18.15999984741211
2015-01-28,23800,18.5,18.399999618530273,18.530000686645508,18.399999618530273,18.399999618530273
2015-01-27,336700,18.540000915527344,18.610000610351562,18.649999618530273,18.530000686645508,18.610000610351562
2015-01-26,35100,18.780000686645508,18.540000915527344,18.780000686645508,18.540000915527344,18.540000915527344
2015-01-23,6600,18.649999618530273,18.600000381469727,18.700000762939453,18.579999923706055,18.600000381469727
2015-01-22,15200,18.84000015258789,18.729999542236328,18.84000015258789,18.649999618530273,18.729999542236328
2015-01-21,7800,18.739999771118164,18.84000015258789,18.860000610351562,18.739999771118164,18.84000015258789
2015-01-20,7600,18.790000915527344,18.739999771118164,18.790000915527344,18.68000030517578,18.739999771118164
2015-01-16,18400,18.770000457763672,19.0,19.010000228881836,18.770000457763672,19.0
2015-01-15,10500,19.06999969482422,18.709999084472656,19.06999969482422,18.690000534057617,18.709999084472656
2015-01-14,13400,18.6299991607666,18.8799991607666,18.8799991607666,18.6299991607666,18.8799991607666
2015-01-13,32200,18.760000228881836,18.540000915527344,18.760000228881836,18.520000457763672,18.540000915527344
2015-01-12,27900,18.959999084472656,18.739999771118164,18.959999084472656,18.719999313354492,18.739999771118164
2015-01-09,5200,19.06999969482422,19.09000015258789,19.149999618530273,19.010000228881836,19.09000015258789
2015-01-08,4000,19.100000381469727,19.079999923706055,19.1200008392334,19.059999465942383,19.079999923706055
2015-01-07,10700,19.110000610351562,19.110000610351562,19.149999618530273,19.020000457763672,19.110000610351562
2015-01-06,3300,19.200000762939453,19.15999984741211,19.209999084472656,19.1200008392334,19.15999984741211
2015-01-05,33300,19.1200008392334,19.170000076293945,19.239999771118164,19.1200008392334,19.170000076293945
2015-01-02,37700,19.170000076293945,19.110000610351562,19.190000534057617,19.100000381469727,19.110000610351562
2014-12-31,346500,19.459999084472656,19.25,19.459999084472656,19.09000015258789,19.25
2014-12-30,67600,19.639999389648438,19.56999969482422,19.649999618530273,19.510000228881836,19.56999969482422
2014-12-29,38300,19.760000228881836,19.59000015258789,19.760000228881836,19.540000915527344,19.59000015258789
2014-12-26,168400,19.829999923706055,19.649999618530273,19.829999923706055,19.540000915527344,19.649999618530273
2014-12-24,35700,19.6200008392334,19.600000381469727,19.649999618530273,19.540000915527344,19.600000381469727
2014-12-23,26700,19.719999313354492,19.850000381469727,19.8700008392334,19.719999313354492,19.850000381469727
2014-12-22,74000,20.06999969482422,19.75,20.06999969482422,19.670000076293945,19.75
2014-12-19,92100,20.040000915527344,20.079999923706055,20.079999923706055,19.969999313354492,20.079999923706055
2014-12-18,45500,20.209999084472656,20.079999923706055,20.229999542236328,19.889999389648438,20.079999923706055
2014-12-17,81700,19.969999313354492,19.989999771118164,20.530000686645508,19.729999542236328,19.989999771118164
2014-12-16,841300,20.290000915527344,20.0,21.3799991607666,19.959999084472656,20.0
2014-12-15,194000,20.399999618530273,20.149999618530273,20.450000762939453,20.1200008392334,20.149999618530273
2014-12-12,7200,20.440000534057617,20.440000534057617,20.5,20.420000076293945,20.440000534057617
2014-12-11,66800,20.420000076293945,20.459999084472656,20.56999969482422,20.420000076293945,20.459999084472656
2014-12-10,7300,20.530000686645508,20.459999084472656,20.530000686645508,20.450000762939453,20.459999084472656
2014-12-09,105200,20.440000534057617,20.65999984741211,20.709999084472656,20.440000534057617,20.65999984741211
2014-12-08,52200,20.639999389648438,20.40999984741211,20.639999389648438,20.40999984741211,20.40999984741211
2014-12-05,87900,20.6299991607666,20.700000762939453,20.75,20.6299991607666,20.700000762939453
2014-12-04,69000,20.639999389648438,20.709999084472656,20.770000457763672,20.639999389648438,20.709999084472656
2014-12-03,12600,20.690000534057617,20.739999771118164,20.799999237060547,20.690000534057617,20.739999771118164
2014-12-02,27900,20.940000534057617,20.809999465942383,21.010000228881836,20.809999465942383,20.809999465942383
2014-12-01,82000,21.040000915527344,21.239999771118164,21.25,20.8799991607666,21.239999771118164
2014-11-28,72500,21.5,21.0,21.5,20.959999084472656,21.0
2014-11-26,1400,21.780000686645508,21.75,21.790000915527344,21.739999771118164,21.75
2014-11-25,18800,21.68000030517578,21.75,21.799999237060547,21.68000030517578,21.75
2014-11-24,15600,21.790000915527344,21.600000381469727,21.790000915527344,21.600000381469727,21.600000381469727
2014-11-21,19200,21.959999084472656,21.84000015258789,21.959999084472656,21.760000228881836,21.84000015258789
2014-11-20,3700,21.729999542236328,21.81999969482422,21.81999969482422,21.700000762939453,21.81999969482422
2014-11-19,1500,21.68000030517578,21.65999984741211,21.68000030517578,21.65999984741211,21.65999984741211
2014-11-18,4000,21.6200008392334,21.610000610351562,21.6200008392334,21.59000015258789,21.610000610351562
2014-11-17,77600,21.6200008392334,21.729999542236328,21.75,21.610000610351562,21.729999542236328
2014-11-14,24600,21.420000076293945,21.670000076293945,21.68000030517578,21.40999984741211,21.670000076293945
2014-11-13,4800,21.700000762939453,21.489999771118164,21.700000762939453,21.440000534057617,21.489999771118164
2014-11-12,9600,21.799999237060547,21.709999084472656,21.799999237060547,21.690000534057617,21.709999084472656
2014-11-11,11400,21.649999618530273,21.739999771118164,21.950000762939453,21.479999542236328,21.739999771118164
2014-11-10,280200,21.790000915527344,21.549999237060547,21.90999984741211,21.440000534057617,21.549999237060547
2014-11-07,123000,21.700000762939453,21.729999542236328,21.920000076293945,21.56999969482422,21.729999542236328
2014-11-06,45000,21.43000030517578,21.639999389648438,21.649999618530273,21.420000076293945,21.639999389648438
2014-11-05,74100,21.389999389648438,21.469999313354492,21.579999923706055,21.280000686645508,21.469999313354492
2014-11-04,85600,21.540000915527344,21.520000457763672,21.639999389648438,21.440000534057617,21.520000457763672
2014-11-03,64200,21.729999542236328,21.739999771118164,21.90999984741211,21.6299991607666,21.739999771118164
2014-10-31,50500,22.0,21.739999771118164,22.0,21.510000228881836,21.739999771118164
2014-10-30,48700,21.889999389648438,21.790000915527344,21.959999084472656,21.600000381469727,21.790000915527344
2014-10-29,49200,21.93000030517578,22.010000228881836,22.040000915527344,21.809999465942383,22.010000228881836
2014-10-28,29200,21.700000762939453,21.770000457763672,21.809999465942383,21.549999237060547,21.770000457763672
2014-10-27,13600,21.3799991607666,21.56999969482422,21.579999923706055,21.3700008392334,21.56999969482422
2014-10-24,17900,21.68000030517578,21.530000686645508,21.68000030517578,21.5,21.530000686645508
2014-10-23,26000,21.549999237060547,21.690000534057617,21.709999084472656,21.549999237060547,21.690000534057617
2014-10-22,14500,21.739999771118164,21.540000915527344,21.84000015258789,21.5,21.540000915527344
2014-10-21,36500,21.610000610351562,21.690000534057617,22.0,21.56999969482422,21.690000534057617
2014-10-20,142700,21.670000076293945,21.56999969482422,22.40999984741211,21.420000076293945,21.56999969482422
2014-10-17,77400,21.719999313354492,21.719999313354492,21.899999618530273,21.59000015258789,21.719999313354492
2014-10-16,40700,21.690000534057617,21.729999542236328,21.81999969482422,21.559999465942383,21.729999542236328
2014-10-15,25900,21.81999969482422,21.670000076293945,21.8700008392334,21.59000015258789,21.670000076293945
2014-10-14,18800,22.09000015258789,21.860000610351562,22.09000015258789,21.860000610351562,21.860000610351562
2014-10-13,102600,21.649999618530273,21.979999542236328,22.09000015258789,21.639999389648438,21.979999542236328
2014-10-10,2100,21.829999923706055,21.93000030517578,21.93000030517578,21.829999923706055,21.93000030517578
2014-10-09,1900,22.110000610351562,21.940000534057617,22.110000610351562,21.940000534057617,21.940000534057617
2014-10-08,66200,21.889999389648438,22.059999465942383,22.059999465942383,21.860000610351562,22.059999465942383
2014-10-07,5000,22.1200008392334,22.1200008392334,22.219999313354492,22.1200008392334,22.1200008392334
2014-10-06,16600,21.899999618530273,22.149999618530273,22.149999618530273,21.8700008392334,22.149999618530273
2014-10-03,2800,21.700000762939453,21.860000610351562,21.860000610351562,21.700000762939453,21.860000610351562
2014-10-02,19500,21.959999084472656,21.799999237060547,21.989999771118164,21.729999542236328,21.799999237060547
2014-10-01,2500,22.010000228881836,21.829999923706055,22.059999465942383,21.829999923706055,21.829999923706055
2014-09-30,3500,22.200000762939453,21.979999542236328,22.200000762939453,21.979999542236328,21.979999542236328
2014-09-29,6400,22.09000015258789,22.200000762939453,22.200000762939453,22.09000015258789,22.200000762939453
2014-09-26,3500,22.020000457763672,21.950000762939453,22.06999969482422,21.950000762939453,21.950000762939453
2014-09-25,3700,21.899999618530273,22.020000457763672,22.020000457763672,21.899999618530273,22.020000457763672
2014-09-24,4800,21.899999618530273,22.139999389648438,22.139999389648438,21.899999618530273,22.139999389648438
2014-09-23,7000,22.040000915527344,21.959999084472656,22.040000915527344,21.93000030517578,21.959999084472656
2014-09-22,688700,22.059999465942383,21.860000610351562,22.059999465942383,21.829999923706055,21.860000610351562
2014-09-19,700,22.1299991607666,22.049999237060547,22.149999618530273,22.049999237060547,22.049999237060547
2014-09-18,665700,22.299999237060547,22.260000228881836,22.299999237060547,22.260000228881836,22.260000228881836
2014-09-17,3700,22.510000228881836,22.549999237060547,22.56999969482422,22.5,22.549999237060547
2014-09-16,4500,22.549999237060547,22.649999618530273,22.649999618530273,22.549999237060547,22.649999618530273
2014-09-15,1200,22.65999984741211,22.3799991607666,22.65999984741211,22.3799991607666,22.3799991607666
2014-09-12,0,22.540000915527344,22.540000915527344,22.540000915527344,22.540000915527344,22.540000915527344
2014-09-11,5300,22.5,22.540000915527344,22.59000015258789,22.43000030517578,22.540000915527344
2014-09-10,2800,22.84000015258789,22.639999389648438,22.84000015258789,22.639999389648438,22.639999389648438
2014-09-09,18200,22.899999618530273,22.780000686645508,22.920000076293945,22.780000686645508,22.780000686645508
2014-09-08,6300,23.139999389648438,22.940000534057617,23.139999389648438,22.93000030517578,22.940000534057617
2014-09-05,17800,23.040000915527344,23.1200008392334,23.1200008392334,22.989999771118164,23.1200008392334
2014-09-04,15600,23.15999984741211,23.149999618530273,23.209999084472656,23.049999237060547,23.149999618530273
2014-09-03,42900,23.219999313354492,23.100000381469727,23.239999771118164,23.040000915527344,23.100000381469727
2014-09-02,73400,23.489999771118164,23.219999313354492,23.489999771118164,23.139999389648438,23.219999313354492
2014-08-29,132500,23.43000030517578,23.469999313354492,23.489999771118164,23.31999969482422,23.469999313354492
2014-08-28,70100,23.399999618530273,23.34000015258789,23.450000762939453,23.309999465942383,23.34000015258789
2014-08-27,26100,23.299999237060547,23.329999923706055,23.420000076293945,23.270000457763672,23.329999923706055
2014-08-26,68800,23.299999237060547,23.31999969482422,23.3799991607666,23.200000762939453,23.31999969482422
2014-08-25,18400,23.200000762939453,23.280000686645508,23.280000686645508,23.149999618530273,23.280000686645508
2014-08-22,6100,23.25,23.170000076293945,23.25,23.170000076293945,23.170000076293945
2014-08-21,1600,23.25,23.209999084472656,23.25,23.209999084472656,23.209999084472656
2014-08-20,2000,23.15999984741211,23.219999313354492,23.219999313354492,23.1299991607666,23.219999313354492
2014-08-19,2400,23.059999465942383,23.15999984741211,23.15999984741211,23.059999465942383,23.15999984741211
2014-08-18,5600,23.350000381469727,23.239999771118164,23.350000381469727,23.229999542236328,23.239999771118164
2014-08-15,11900,23.219999313354492,23.31999969482422,23.34000015258789,23.209999084472656,23.31999969482422
2014-08-14,2200,23.219999313354492,23.209999084472656,23.229999542236328,23.200000762939453,23.209999084472656
2014-08-13,5100,23.25,23.34000015258789,23.360000610351562,23.25,23.34000015258789
2014-08-12,300,23.25,23.59000015258789,23.59000015258789,23.25,23.59000015258789
2014-08-11,2900,23.579999923706055,23.59000015258789,23.600000381469727,23.579999923706055,23.59000015258789
2014-08-08,1800,23.920000076293945,23.520000457763672,23.920000076293945,23.510000228881836,23.520000457763672
2014-08-07,200,23.670000076293945,23.670000076293945,23.670000076293945,23.670000076293945,23.670000076293945
2014-08-06,2300,23.700000762939453,23.770000457763672,23.770000457763672,23.700000762939453,23.770000457763672
2014-08-05,0,23.65999984741211,23.65999984741211,23.65999984741211,23.65999984741211,23.65999984741211
2014-08-04,1300,23.670000076293945,23.65999984741211,23.670000076293945,23.65999984741211,23.65999984741211
2014-08-01,2500,23.739999771118164,23.549999237060547,23.739999771118164,23.549999237060547,23.549999237060547
2014-07-31,0,23.899999618530273,23.899999618530273,23.899999618530273,23.899999618530273,23.899999618530273
2014-07-30,0,23.899999618530273,23.899999618530273,23.899999618530273,23.899999618530273,23.899999618530273
2014-07-29,1400,23.8799991607666,23.899999618530273,23.899999618530273,23.8799991607666,23.899999618530273
2014-07-28,2900,24.1299991607666,23.93000030517578,24.1299991607666,23.93000030517578,23.93000030517578
2014-07-25,4900,23.93000030517578,24.010000228881836,24.010000228881836,23.93000030517578,24.010000228881836
2014-07-24,2000,23.90999984741211,23.969999313354492,23.969999313354492,23.860000610351562,23.969999313354492
2014-07-23,1400,23.829999923706055,24.0,24.0,23.829999923706055,24.0
2014-07-22,3400,24.079999923706055,23.940000534057617,24.079999923706055,23.809999465942383,23.940000534057617
2014-07-21,600,23.8700008392334,23.940000534057617,23.979999542236328,23.8700008392334,23.940000534057617
2014-07-18,5900,24.020000457763672,24.0,24.030000686645508,23.90999984741211,24.0
2014-07-17,3400,24.040000915527344,24.149999618530273,24.149999618530273,24.020000457763672,24.149999618530273
2014-07-16,2700,24.020000457763672,24.0,24.020000457763672,23.989999771118164,24.0
2014-07-15,2300,24.1299991607666,23.940000534057617,24.1299991607666,23.940000534057617,23.940000534057617
2014-07-14,23700,24.1299991607666,24.09000015258789,24.149999618530273,24.020000457763672,24.09000015258789
2014-07-11,7700,24.18000030517578,24.1299991607666,24.209999084472656,24.1299991607666,24.1299991607666
2014-07-10,500,24.350000381469727,24.31999969482422,24.350000381469727,24.31999969482422,24.31999969482422
2014-07-09,1900,24.56999969482422,24.5,24.600000381469727,24.5,24.5
2014-07-08,3400,24.639999389648438,24.489999771118164,24.690000534057617,24.489999771118164,24.489999771118164
2014-07-07,7800,24.90999984741211,24.6200008392334,24.90999984741211,24.520000457763672,24.6200008392334
2014-07-03,2700,24.889999389648438,24.899999618530273,24.899999618530273,24.889999389648438,24.899999618530273
2014-07-02,900,24.93000030517578,24.920000076293945,24.959999084472656,24.920000076293945,24.920000076293945
2014-07-01,7900,25.0,24.989999771118164,25.0,24.90999984741211,24.989999771118164
2014-06-30,4500,25.170000076293945,25.06999969482422,25.219999313354492,25.049999237060547,25.06999969482422
2014-06-27,45500,25.290000915527344,25.229999542236328,25.290000915527344,25.229999542236328,25.229999542236328
2014-06-26,800,25.31999969482422,25.34000015258789,25.3799991607666,25.270000457763672,25.34000015258789
2014-06-25,9000,25.34000015258789,25.389999389648438,25.40999984741211,25.329999923706055,25.389999389648438
2014-06-24,800,25.329999923706055,25.329999923706055,25.329999923706055,25.329999923706055,25.329999923706055
2014-06-23,1000,25.329999923706055,25.299999237060547,25.34000015258789,25.299999237060547,25.299999237060547
2014-06-20,44800,25.309999465942383,25.3799991607666,25.40999984741211,25.309999465942383,25.3799991607666
2014-06-19,86300,25.15999984741211,25.3700008392334,25.3700008392334,25.15999984741211,25.3700008392334
2014-06-18,700,25.049999237060547,25.079999923706055,25.079999923706055,25.049999237060547,25.079999923706055
2014-06-17,800,25.0,25.049999237060547,25.049999237060547,25.0,25.049999237060547
2014-06-16,15700,25.06999969482422,25.049999237060547,25.100000381469727,25.030000686645508,25.049999237060547
2014-06-13,1500,25.040000915527344,25.049999237060547,25.06999969482422,25.040000915527344,25.049999237060547
2014-06-12,7200,24.799999237060547,24.899999618530273,24.899999618530273,24.790000915527344,24.899999618530273
2014-06-11,2900,24.8700008392334,24.700000762939453,24.8700008392334,24.670000076293945,24.700000762939453
2014-06-10,3500,24.889999389648438,24.790000915527344,24.889999389648438,24.780000686645508,24.790000915527344
2014-06-09,200,24.860000610351562,24.850000381469727,24.860000610351562,24.850000381469727,24.850000381469727
2014-06-06,16800,24.729999542236328,24.8700008392334,24.8700008392334,24.729999542236328,24.8700008392334
2014-06-05,42800,24.780000686645508,24.780000686645508,24.780000686645508,24.739999771118164,24.780000686645508
2014-06-04,5200,24.799999237060547,24.780000686645508,24.829999923706055,24.780000686645508,24.780000686645508
2014-06-03,123200,24.850000381469727,24.8700008392334,24.90999984741211,24.780000686645508,24.8700008392334
2014-06-02,8500,24.920000076293945,24.90999984741211,24.920000076293945,24.84000015258789,24.90999984741211
2014-05-30,10200,25.0,24.8700008392334,25.0,24.8700008392334,24.8700008392334
2014-05-29,7400,25.100000381469727,25.040000915527344,25.100000381469727,25.010000228881836,25.040000915527344
2014-05-28,8700,25.010000228881836,25.040000915527344,25.049999237060547,24.989999771118164,25.040000915527344
2014-05-27,148600,25.200000762939453,25.0,25.200000762939453,25.0,25.0
2014-05-23,3900,25.31999969482422,25.229999542236328,25.31999969482422,25.219999313354492,25.229999542236328
2014-05-22,44700,25.31999969482422,25.229999542236328,25.31999969482422,25.209999084472656,25.229999542236328
2014-05-21,52000,25.149999618530273,25.260000228881836,25.90999984741211,25.139999389648438,25.260000228881836
2014-05-20,63400,25.239999771118164,25.170000076293945,25.25,25.170000076293945,25.170000076293945
2014-05-19,800,25.209999084472656,25.299999237060547,25.299999237060547,25.209999084472656,25.299999237060547
2014-05-16,600,25.200000762939453,25.149999618530273,25.209999084472656,25.149999618530273,25.149999618530273
2014-05-15,1600,25.299999237060547,25.25,25.329999923706055,25.25,25.25
2014-05-14,6400,25.389999389648438,25.40999984741211,25.450000762939453,25.389999389648438,25.40999984741211
2014-05-13,7500,25.34000015258789,25.34000015258789,25.389999389648438,25.149999618530273,25.34000015258789
2014-05-12,6200,25.350000381469727,25.329999923706055,25.350000381469727,25.309999465942383,25.329999923706055
2014-05-09,7200,25.360000610351562,25.270000457763672,25.360000610351562,25.260000228881836,25.270000457763672
2014-05-08,5700,25.469999313354492,25.360000610351562,25.469999313354492,25.360000610351562,25.360000610351562
2014-05-07,8900,25.469999313354492,25.420000076293945,25.469999313354492,25.3799991607666,25.420000076293945
2014-05-06,9000,25.5,25.549999237060547,25.549999237060547,25.459999084472656,25.549999237060547
2014-05-05,3300,25.489999771118164,25.450000762939453,25.5,25.309999465942383,25.450000762939453
2014-05-02,17100,24.8700008392334,25.43000030517578,25.43000030517578,24.8700008392334,25.43000030517578
2014-05-01,6200,25.5,25.360000610351562,25.5,25.360000610351562,25.360000610351562
2014-04-30,6700,25.81999969482422,25.6299991607666,25.81999969482422,25.559999465942383,25.6299991607666
2014-04-29,4600,25.690000534057617,25.780000686645508,25.809999465942383,25.690000534057617,25.780000686645508
2014-04-28,4200,25.649999618530273,25.6299991607666,25.75,25.610000610351562,25.6299991607666
2014-04-25,4500,25.739999771118164,25.700000762939453,25.739999771118164,25.700000762939453,25.700000762939453
2014-04-24,1100,25.739999771118164,25.709999084472656,25.739999771118164,25.670000076293945,25.709999084472656
2014-04-23,14400,25.600000381469727,25.6299991607666,25.700000762939453,25.530000686645508,25.6299991607666
2014-04-22,800,25.56999969482422,25.59000015258789,25.59000015258789,25.56999969482422,25.59000015258789
2014-04-21,1400,25.530000686645508,25.479999542236328,25.540000915527344,25.459999084472656,25.479999542236328
2014-04-17,18400,25.5,25.6200008392334,25.6200008392334,25.5,25.6200008392334
2014-04-16,2100,25.649999618530273,25.520000457763672,25.649999618530273,25.5,25.520000457763672
2014-04-15,800,25.389999389648438,25.469999313354492,25.489999771118164,25.389999389648438,25.469999313354492
2014-04-14,13700,25.549999237060547,25.549999237060547,25.559999465942383,25.549999237060547,25.549999237060547
2014-04-11,1500,25.450000762939453,25.3799991607666,25.450000762939453,25.3799991607666,25.3799991607666
2014-04-10,10000,25.450000762939453,25.510000228881836,25.510000228881836,25.450000762939453,25.510000228881836
2014-04-09,4600,25.299999237060547,25.399999618530273,25.40999984741211,25.290000915527344,25.399999618530273
2014-04-08,8000,25.190000534057617,25.31999969482422,25.31999969482422,25.190000534057617,25.31999969482422
2014-04-07,117000,25.06999969482422,25.059999465942383,25.1299991607666,25.0,25.059999465942383
2014-04-04,3000,25.059999465942383,24.920000076293945,25.06999969482422,24.920000076293945,24.920000076293945
2014-04-03,8400,24.799999237060547,24.979999542236328,24.979999542236328,24.799999237060547,24.979999542236328
2014-04-02,5300,24.940000534057617,24.809999465942383,24.950000762939453,24.799999237060547,24.809999465942383
2014-04-01,1200,25.020000457763672,24.8700008392334,25.020000457763672,24.8700008392334,24.8700008392334
2014-03-31,6000,25.200000762939453,25.030000686645508,25.200000762939453,24.829999923706055,25.030000686645508
2014-03-28,3400,25.110000610351562,25.09000015258789,25.1200008392334,25.09000015258789,25.09000015258789
2014-03-27,1800,24.790000915527344,25.049999237060547,25.049999237060547,24.790000915527344,25.049999237060547
2014-03-26,4500,24.8700008392334,24.81999969482422,24.889999389648438,24.809999465942383,24.81999969482422
2014-03-25,2600,24.899999618530273,24.8700008392334,24.899999618530273,24.860000610351562,24.8700008392334
2014-03-24,4800,24.889999389648438,24.75,24.889999389648438,24.75,24.75
2014-03-21,1700,24.81999969482422,24.760000228881836,24.81999969482422,24.760000228881836,24.760000228881836
2014-03-20,4400,24.979999542236328,24.809999465942383,24.979999542236328,24.790000915527344,24.809999465942383
2014-03-19,1000,25.110000610351562,25.079999923706055,25.110000610351562,25.06999969482422,25.079999923706055
2014-03-18,1500,24.950000762939453,25.079999923706055,25.100000381469727,24.950000762939453,25.079999923706055
2014-03-17,8700,25.059999465942383,24.979999542236328,25.079999923706055,24.950000762939453,24.979999542236328
2014-03-14,1700,24.260000228881836,25.100000381469727,25.110000610351562,24.260000228881836,25.100000381469727
2014-03-13,5400,25.1299991607666,25.059999465942383,25.1299991607666,25.010000228881836,25.059999465942383
2014-03-12,7000,25.200000762939453,25.1299991607666,25.200000762939453,24.989999771118164,25.1299991607666
2014-03-11,3800,25.270000457763672,25.18000030517578,25.270000457763672,25.149999618530273,25.18000030517578
2014-03-10,600,25.209999084472656,25.18000030517578,25.209999084472656,25.18000030517578,25.18000030517578
2014-03-07,7000,25.809999465942383,25.360000610351562,25.809999465942383,25.31999969482422,25.360000610351562
2014-03-06,3100,25.34000015258789,25.469999313354492,25.469999313354492,25.34000015258789,25.469999313354492
2014-03-05,3200,26.770000457763672,25.25,26.770000457763672,25.25,25.25
2014-03-04,11600,25.100000381469727,25.309999465942383,25.329999923706055,25.100000381469727,25.309999465942383
2014-03-03,1400,25.06999969482422,24.459999084472656,25.299999237060547,24.459999084472656,24.459999084472656
2014-02-28,11000,24.829999923706055,24.920000076293945,24.950000762939453,24.81999969482422,24.920000076293945
2014-02-27,8600,24.209999084472656,24.360000610351562,25.170000076293945,24.209999084472656,24.360000610351562
2014-02-26,6500,24.829999923706055,24.84000015258789,24.8700008392334,24.81999969482422,24.84000015258789
2014-02-25,3400,24.950000762939453,24.93000030517578,24.950000762939453,24.8700008392334,24.93000030517578
2014-02-24,5400,25.010000228881836,24.959999084472656,25.010000228881836,24.920000076293945,24.959999084472656
2014-02-21,1400,24.84000015258789,24.8700008392334,24.8700008392334,24.84000015258789,24.8700008392334
2014-02-20,16900,24.780000686645508,24.81999969482422,24.84000015258789,24.690000534057617,24.81999969482422
2014-02-19,21400,24.799999237060547,24.889999389648438,24.899999618530273,24.700000762939453,24.889999389648438
2014-02-18,6500,24.639999389648438,24.729999542236328,24.729999542236328,24.639999389648438,24.729999542236328
2014-02-14,23600,24.290000915527344,24.309999465942383,24.329999923706055,24.270000457763672,24.309999465942383
2014-02-13,6300,24.049999237060547,24.200000762939453,24.200000762939453,24.049999237060547,24.200000762939453
2014-02-12,9900,24.020000457763672,24.059999465942383,24.149999618530273,24.0,24.059999465942383
2014-02-11,50700,23.8700008392334,23.979999542236328,23.989999771118164,23.84000015258789,23.979999542236328
2014-02-10,1800,23.920000076293945,23.780000686645508,23.93000030517578,23.780000686645508,23.780000686645508
2014-02-07,2000,23.84000015258789,23.84000015258789,23.899999618530273,23.520000457763672,23.84000015258789
2014-02-06,2700,24.0,23.84000015258789,24.0,23.81999969482422,23.84000015258789
2014-02-05,2600,23.950000762939453,23.850000381469727,24.0,23.809999465942383,23.850000381469727
2014-02-04,102500,23.75,23.8799991607666,23.8799991607666,23.68000030517578,23.8799991607666
2014-02-03,5100,23.459999084472656,23.5,23.530000686645508,23.360000610351562,23.5
2014-01-31,4800,23.420000076293945,23.440000534057617,23.440000534057617,23.329999923706055,23.440000534057617
2014-01-30,6400,23.899999618530273,23.489999771118164,23.899999618530273,23.489999771118164,23.489999771118164
2014-01-29,10300,23.510000228881836,23.700000762939453,23.729999542236328,23.5,23.700000762939453
2014-01-28,14400,23.239999771118164,23.489999771118164,23.510000228881836,23.239999771118164,23.489999771118164
2014-01-27,9000,23.530000686645508,23.3799991607666,23.530000686645508,23.34000015258789,23.3799991607666
2014-01-24,5900,23.510000228881836,23.559999465942383,23.559999465942383,23.479999542236328,23.559999465942383
2014-01-23,9200,23.389999389648438,23.40999984741211,23.559999465942383,23.360000610351562,23.40999984741211
2014-01-22,3000,23.350000381469727,23.3799991607666,23.40999984741211,23.299999237060547,23.3799991607666
2014-01-21,8100,23.139999389648438,23.219999313354492,23.270000457763672,23.139999389648438,23.219999313354492
2014-01-17,15000,23.270000457763672,23.280000686645508,23.309999465942383,23.260000228881836,23.280000686645508
2014-01-16,4900,23.059999465942383,23.190000534057617,23.290000915527344,23.059999465942383,23.190000534057617
2014-01-15,147000,23.049999237060547,23.149999618530273,23.309999465942383,23.0,23.149999618530273
2014-01-14,8600,23.18000030517578,23.139999389648438,23.229999542236328,23.1299991607666,23.139999389648438
2014-01-13,9900,23.149999618530273,23.1299991607666,23.18000030517578,22.959999084472656,23.1299991607666
2014-01-10,1900,22.31999969482422,23.84000015258789,23.860000610351562,22.31999969482422,23.84000015258789
2014-01-09,2100,22.81999969482422,22.760000228881836,22.81999969482422,22.739999771118164,22.760000228881836
2014-01-08,500,23.110000610351562,23.020000457763672,23.110000610351562,23.020000457763672,23.020000457763672
2014-01-07,4300,23.25,23.1299991607666,23.31999969482422,23.1299991607666,23.1299991607666
2014-01-06,1500,23.350000381469727,23.219999313354492,23.350000381469727,23.170000076293945,23.219999313354492
2014-01-03,5100,23.239999771118164,23.239999771118164,23.239999771118164,23.15999984741211,23.239999771118164
2014-01-02,3300,23.34000015258789,23.260000228881836,23.34000015258789,23.260000228881836,23.260000228881836
2013-12-31,1100,23.309999465942383,23.309999465942383,23.309999465942383,23.299999237060547,23.309999465942383
2013-12-30,15100,23.56999969482422,23.59000015258789,23.719999313354492,23.56999969482422,23.59000015258789
2013-12-27,65400,23.799999237060547,23.770000457763672,23.84000015258789,23.649999618530273,23.770000457763672
2013-12-26,2900,23.670000076293945,23.739999771118164,23.770000457763672,23.670000076293945,23.739999771118164
2013-12-24,12900,23.610000610351562,23.75,23.75,23.600000381469727,23.75
2013-12-23,24600,23.760000228881836,23.719999313354492,23.950000762939453,23.6200008392334,23.719999313354492
2013-12-20,52200,23.450000762939453,23.8799991607666,23.950000762939453,23.450000762939453,23.8799991607666
2013-12-19,7700,23.420000076293945,23.510000228881836,23.510000228881836,23.360000610351562,23.510000228881836
2013-12-18,3200,23.469999313354492,23.3700008392334,23.469999313354492,23.3700008392334,23.3700008392334
2013-12-17,7100,23.3799991607666,23.3799991607666,23.459999084472656,23.3700008392334,23.3799991607666
2013-12-16,26200,23.389999389648438,23.520000457763672,23.530000686645508,23.389999389648438,23.520000457763672
2013-12-13,6500,23.459999084472656,23.479999542236328,23.5,23.389999389648438,23.479999542236328
2013-12-12,5300,23.549999237060547,23.450000762939453,23.549999237060547,22.959999084472656,23.450000762939453
2013-12-11,14300,23.5,23.65999984741211,23.65999984741211,23.5,23.65999984741211
2013-12-10,600,23.56999969482422,23.559999465942383,23.56999969482422,23.559999465942383,23.559999465942383
2013-12-09,200,23.3700008392334,23.3700008392334,23.3700008392334,23.3700008392334,23.3700008392334
2013-12-06,13200,23.15999984741211,23.25,23.31999969482422,23.15999984741211,23.25
2013-12-05,5600,23.200000762939453,23.229999542236328,23.229999542236328,23.15999984741211,23.229999542236328
2013-12-04,0,23.020000457763672,23.020000457763672,23.020000457763672,23.020000457763672,23.020000457763672
2013-12-03,1300,23.149999618530273,23.020000457763672,23.149999618530273,23.010000228881836,23.020000457763672
2013-12-02,16200,22.920000076293945,23.059999465942383,23.06999969482422,22.920000076293945,23.059999465942383
2013-11-29,300,23.100000381469727,23.100000381469727,23.100000381469727,23.100000381469727,23.100000381469727
2013-11-27,17800,23.0,22.90999984741211,23.020000457763672,22.90999984741211,22.90999984741211
2013-11-26,5200,22.90999984741211,23.030000686645508,23.030000686645508,22.90999984741211,23.030000686645508
2013-11-25,3400,23.0,22.979999542236328,23.0,22.899999618530273,22.979999542236328
2013-11-22,5400,23.040000915527344,22.959999084472656,23.040000915527344,22.8700008392334,22.959999084472656
2013-11-21,11700,22.93000030517578,22.940000534057617,22.940000534057617,22.790000915527344,22.940000534057617
2013-11-20,28700,22.65999984741211,22.829999923706055,22.84000015258789,22.65999984741211,22.829999923706055
2013-11-19,7300,22.899999618530273,22.700000762939453,22.899999618530273,22.690000534057617,22.700000762939453
2013-11-18,3000,22.860000610351562,22.780000686645508,22.860000610351562,22.65999984741211,22.780000686645508
2013-11-15,0,22.950000762939453,22.950000762939453,22.950000762939453,22.950000762939453,22.950000762939453
2013-11-14,1000,22.860000610351562,22.950000762939453,22.950000762939453,22.860000610351562,22.950000762939453
2013-11-13,3900,22.889999389648438,22.860000610351562,22.889999389648438,22.850000381469727,22.860000610351562
2013-11-12,25500,23.0,22.959999084472656,23.049999237060547,22.860000610351562,22.959999084472656
2013-11-11,2400,22.920000076293945,22.979999542236328,22.989999771118164,22.920000076293945,22.979999542236328
2013-11-08,2900,22.780000686645508,22.93000030517578,22.940000534057617,22.780000686645508,22.93000030517578
2013-11-07,1300,22.969999313354492,22.850000381469727,22.969999313354492,22.84000015258789,22.850000381469727
2013-11-06,3700,22.959999084472656,22.8799991607666,22.959999084472656,22.8799991607666,22.8799991607666
2013-11-05,0,22.93000030517578,22.93000030517578,22.93000030517578,22.93000030517578,22.93000030517578
2013-11-04,700,23.0,22.93000030517578,23.0,22.93000030517578,22.93000030517578
2013-11-01,700,23.149999618530273,23.1299991607666,23.149999618530273,23.1299991607666,23.1299991607666
2013-10-31,16000,23.40999984741211,23.360000610351562,23.639999389648438,23.350000381469727,23.360000610351562
2013-10-30,1400,23.610000610351562,23.6200008392334,23.6200008392334,23.610000610351562,23.6200008392334
2013-10-29,3200,23.559999465942383,23.540000915527344,23.579999923706055,23.540000915527344,23.540000915527344
2013-10-28,3400,23.940000534057617,23.639999389648438,23.940000534057617,23.639999389648438,23.639999389648438
2013-10-25,5500,23.760000228881836,23.760000228881836,23.780000686645508,23.6200008392334,23.760000228881836
2013-10-24,10100,23.670000076293945,23.709999084472656,23.719999313354492,23.670000076293945,23.709999084472656
2013-10-23,7200,23.690000534057617,23.68000030517578,23.780000686645508,23.68000030517578,23.68000030517578
2013-10-22,1000,24.020000457763672,24.0,24.020000457763672,24.0,24.0
2013-10-21,500,24.170000076293945,24.0,24.170000076293945,24.0,24.0
2013-10-18,4700,24.0,24.0,24.010000228881836,24.0,24.0
2013-10-17,7100,25.31999969482422,24.489999771118164,26.219999313354492,23.270000457763672,24.489999771118164
2013-10-16,3700,23.860000610351562,23.8799991607666,23.989999771118164,23.760000228881836,23.8799991607666
2013-10-15,8900,23.6299991607666,23.829999923706055,23.850000381469727,23.6299991607666,23.829999923706055
2013-10-14,0,23.770000457763672,23.770000457763672,23.770000457763672,23.770000457763672,23.770000457763672
2013-10-11,3200,23.729999542236328,23.770000457763672,23.770000457763672,23.729999542236328,23.770000457763672
2013-10-10,600,23.920000076293945,23.920000076293945,23.920000076293945,23.920000076293945,23.920000076293945
2013-10-09,1900,23.729999542236328,23.729999542236328,23.790000915527344,23.709999084472656,23.729999542236328
2013-10-08,2000,23.969999313354492,23.959999084472656,23.969999313354492,23.959999084472656,23.959999084472656
2013-10-07,1300,23.68000030517578,23.8700008392334,23.8700008392334,23.68000030517578,23.8700008392334
2013-10-04,2400,23.790000915527344,23.709999084472656,23.790000915527344,23.68000030517578,23.709999084472656
2013-10-03,4000,23.65999984741211,23.65999984741211,23.65999984741211,23.65999984741211,23.65999984741211
2013-10-02,800,23.700000762939453,23.700000762939453,23.700000762939453,23.700000762939453,23.700000762939453
2013-10-01,100,23.5,23.5,23.5,23.5,23.5
2013-09-30,1200,23.719999313354492,23.68000030517578,23.719999313354492,23.65999984741211,23.68000030517578
2013-09-27,3700,23.850000381469727,23.850000381469727,23.8700008392334,23.809999465942383,23.850000381469727
2013-09-26,14000,23.84000015258789,23.809999465942383,23.84000015258789,23.649999618530273,23.809999465942383
2013-09-25,6700,23.75,23.729999542236328,23.799999237060547,23.690000534057617,23.729999542236328
2013-09-24,100,23.65999984741211,23.65999984741211,23.65999984741211,23.65999984741211,23.65999984741211
2013-09-23,1200,23.899999618530273,23.780000686645508,23.899999618530273,23.760000228881836,23.780000686645508
2013-09-20,2400,23.940000534057617,23.920000076293945,23.950000762939453,23.899999618530273,23.920000076293945
2013-09-19,27400,24.329999923706055,24.229999542236328,24.3700008392334,24.200000762939453,24.229999542236328
2013-09-18,25100,23.84000015258789,24.049999237060547,24.049999237060547,23.81999969482422,24.049999237060547
2013-09-17,2100,23.940000534057617,23.940000534057617,23.940000534057617,23.940000534057617,23.940000534057617
2013-09-16,12400,24.06999969482422,24.010000228881836,24.06999969482422,24.010000228881836,24.010000228881836
2013-09-13,9800,24.079999923706055,24.110000610351562,24.110000610351562,24.079999923706055,24.110000610351562
2013-09-12,10500,24.040000915527344,24.1299991607666,24.139999389648438,24.040000915527344,24.1299991607666
2013-09-11,200,23.059999465942383,23.059999465942383,23.059999465942383,23.059999465942383,23.059999465942383
2013-09-10,3600,24.059999465942383,24.100000381469727,24.100000381469727,24.030000686645508,24.100000381469727
2013-09-09,5300,24.5,24.299999237060547,24.5,24.270000457763672,24.299999237060547
2013-09-06,1400,24.329999923706055,24.399999618530273,24.399999618530273,24.329999923706055,24.399999618530273
2013-09-05,1600,24.309999465942383,24.190000534057617,24.309999465942383,24.1299991607666,24.190000534057617
2013-09-04,2900,24.56999969482422,24.229999542236328,24.56999969482422,24.229999542236328,24.229999542236328
2013-09-03,6600,24.670000076293945,24.549999237060547,24.670000076293945,24.489999771118164,24.549999237060547
2013-08-30,7700,24.3799991607666,24.329999923706055,24.420000076293945,24.200000762939453,24.329999923706055
2013-08-29,8000,24.59000015258789,24.510000228881836,24.59000015258789,24.360000610351562,24.510000228881836
2013-08-28,400,24.68000030517578,24.670000076293945,24.68000030517578,24.649999618530273,24.670000076293945
2013-08-27,2400,24.670000076293945,24.68000030517578,24.690000534057617,24.649999618530273,24.68000030517578
2013-08-26,6700,24.389999389648438,24.520000457763672,24.56999969482422,24.389999389648438,24.520000457763672
2013-08-23,6500,24.190000534057617,24.270000457763672,24.280000686645508,24.100000381469727,24.270000457763672
2013-08-22,2000,24.110000610351562,24.09000015258789,24.110000610351562,24.079999923706055,24.09000015258789
2013-08-21,4400,24.149999618530273,24.06999969482422,24.149999618530273,24.06999969482422,24.06999969482422
2013-08-20,1000,24.15999984741211,24.239999771118164,24.239999771118164,24.15999984741211,24.239999771118164
2013-08-19,3500,24.25,24.280000686645508,24.280000686645508,24.239999771118164,24.280000686645508
2013-08-16,9100,24.18000030517578,24.200000762939453,24.209999084472656,24.139999389648438,24.200000762939453
2013-08-15,100,24.020000457763672,24.020000457763672,24.020000457763672,24.020000457763672,24.020000457763672
2013-08-14,4600,23.770000457763672,23.81999969482422,23.829999923706055,23.770000457763672,23.81999969482422
2013-08-13,1800,23.68000030517578,23.68000030517578,23.700000762939453,23.670000076293945,23.68000030517578
2013-08-12,4100,23.6299991607666,23.709999084472656,23.719999313354492,23.6299991607666,23.709999084472656
2013-08-09,1300,23.450000762939453,23.389999389648438,23.459999084472656,23.389999389648438,23.389999389648438
2013-08-08,12200,23.229999542236328,23.170000076293945,23.25,23.139999389648438,23.170000076293945
2013-08-07,400,23.110000610351562,23.100000381469727,23.110000610351562,23.100000381469727,23.100000381469727
2013-08-06,1200,23.239999771118164,23.190000534057617,23.239999771118164,23.190000534057617,23.190000534057617
2013-08-05,500,23.190000534057617,23.290000915527344,23.299999237060547,23.190000534057617,23.290000915527344
2013-08-02,1000,23.549999237060547,23.420000076293945,23.549999237060547,23.420000076293945,23.420000076293945
2013-08-01,6400,23.610000610351562,23.540000915527344,23.610000610351562,23.520000457763672,23.540000915527344
2013-07-31,4100,23.31999969482422,23.530000686645508,23.530000686645508,23.290000915527344,23.530000686645508
2013-07-30,1300,23.350000381469727,23.350000381469727,23.350000381469727,23.31999969482422,23.350000381469727
2013-07-29,3900,23.600000381469727,23.530000686645508,23.600000381469727,23.5,23.530000686645508
2013-07-26,3900,23.6299991607666,23.59000015258789,23.6299991607666,23.59000015258789,23.59000015258789
2013-07-25,200,23.8799991607666,23.8799991607666,23.8799991607666,23.8799991607666,23.8799991607666
2013-07-24,5000,24.200000762939453,23.969999313354492,24.229999542236328,23.969999313354492,23.969999313354492
2013-07-23,3000,24.190000534057617,24.200000762939453,24.200000762939453,24.170000076293945,24.200000762939453
2013-07-22,0,24.18000030517578,24.18000030517578,24.18000030517578,24.18000030517578,24.18000030517578
2013-07-19,100,24.18000030517578,24.18000030517578,24.18000030517578,24.18000030517578,24.18000030517578
2013-07-18,6000,24.010000228881836,24.010000228881836,24.010000228881836,24.010000228881836,24.010000228881836
2013-07-17,2100,24.049999237060547,23.93000030517578,24.049999237060547,23.93000030517578,23.93000030517578
2013-07-16,6500,24.1299991607666,24.110000610351562,24.1299991607666,24.030000686645508,24.110000610351562
2013-07-15,3100,24.200000762939453,23.920000076293945,24.200000762939453,23.84000015258789,23.920000076293945
2013-07-12,700,23.979999542236328,23.979999542236328,23.979999542236328,23.979999542236328,23.979999542236328
2013-07-11,1300,23.940000534057617,23.969999313354492,23.969999313354492,23.940000534057617,23.969999313354492
2013-07-10,1300,23.90999984741211,23.93000030517578,23.93000030517578,23.889999389648438,23.93000030517578
2013-07-09,4600,23.690000534057617,23.68000030517578,23.690000534057617,23.639999389648438,23.68000030517578
2013-07-08,2900,23.579999923706055,23.670000076293945,23.68000030517578,23.579999923706055,23.670000076293945
2013-07-05,3400,23.40999984741211,23.389999389648438,23.40999984741211,23.3799991607666,23.389999389648438
2013-07-03,800,23.579999923706055,23.56999969482422,23.579999923706055,23.56999969482422,23.56999969482422
2013-07-02,2400,23.450000762939453,23.479999542236328,23.479999542236328,23.43000030517578,23.479999542236328
2013-07-01,4000,23.399999618530273,23.360000610351562,23.399999618530273,23.34000015258789,23.360000610351562
2013-06-28,2000,23.3700008392334,23.209999084472656,23.3700008392334,23.209999084472656,23.209999084472656
2013-06-27,1100,23.479999542236328,23.3799991607666,23.489999771118164,23.309999465942383,23.3799991607666
2013-06-26,900,23.440000534057617,23.459999084472656,23.459999084472656,23.360000610351562,23.459999084472656
2013-06-25,3100,23.65999984741211,23.59000015258789,23.65999984741211,23.579999923706055,23.59000015258789
2013-06-24,7400,23.479999542236328,23.469999313354492,23.59000015258789,23.469999313354492,23.469999313354492
2013-06-21,10800,23.799999237060547,23.75,23.81999969482422,23.739999771118164,23.75
2013-06-20,5800,24.3700008392334,23.8799991607666,24.81999969482422,23.809999465942383,23.8799991607666
2013-06-19,24200,24.510000228881836,24.59000015258789,24.6299991607666,24.510000228881836,24.59000015258789
2013-06-18,4300,24.399999618530273,24.3799991607666,24.420000076293945,24.3799991607666,24.3799991607666
2013-06-17,5700,24.729999542236328,24.440000534057617,24.729999542236328,24.31999969482422,24.440000534057617
2013-06-14,300,24.290000915527344,24.290000915527344,24.290000915527344,24.290000915527344,24.290000915527344
2013-06-13,6900,24.25,24.280000686645508,24.280000686645508,24.25,24.280000686645508
2013-06-12,600,24.309999465942383,24.309999465942383,24.309999465942383,24.309999465942383,24.309999465942383
2013-06-11,3800,24.0,24.25,24.25,24.0,24.25
2013-06-10,4800,24.3799991607666,24.34000015258789,24.3799991607666,24.139999389648438,24.34000015258789
2013-06-07,300,24.489999771118164,24.489999771118164,24.489999771118164,24.489999771118164,24.489999771118164
2013-06-06,500,24.56999969482422,24.59000015258789,24.59000015258789,24.56999969482422,24.59000015258789
2013-06-05,2200,24.790000915527344,24.639999389648438,24.790000915527344,24.639999389648438,24.639999389648438
2013-06-04,2400,24.549999237060547,24.670000076293945,24.670000076293945,24.549999237060547,24.670000076293945
2013-06-03,700,24.610000610351562,24.610000610351562,24.610000610351562,24.610000610351562,24.610000610351562
2013-05-31,6600,24.479999542236328,24.3700008392334,24.479999542236328,24.360000610351562,24.3700008392334
2013-05-30,7900,24.559999465942383,24.489999771118164,24.579999923706055,24.469999313354492,24.489999771118164
2013-05-29,2600,24.780000686645508,24.610000610351562,24.780000686645508,24.540000915527344,24.610000610351562
2013-05-28,11600,24.860000610351562,24.700000762939453,24.860000610351562,24.700000762939453,24.700000762939453
2013-05-24,400,24.799999237060547,24.6299991607666,24.799999237060547,24.6299991607666,24.6299991607666
2013-05-23,100,24.520000457763672,24.520000457763672,24.520000457763672,24.520000457763672,24.520000457763672
2013-05-22,5900,24.68000030517578,24.68000030517578,24.709999084472656,24.65999984741211,24.68000030517578
2013-05-21,400,24.68000030517578,24.68000030517578,24.68000030517578,24.68000030517578,24.68000030517578
2013-05-20,1600,24.68000030517578,24.719999313354492,24.729999542236328,24.68000030517578,24.719999313354492
2013-05-17,0,24.420000076293945,24.420000076293945,24.420000076293945,24.420000076293945,24.420000076293945
2013-05-16,2700,24.3799991607666,24.420000076293945,24.43000030517578,24.3799991607666,24.420000076293945
2013-05-15,17200,24.5,24.530000686645508,24.540000915527344,24.5,24.530000686645508
2013-05-14,3500,24.6200008392334,24.600000381469727,24.639999389648438,24.59000015258789,24.600000381469727
2013-05-13,11600,24.65999984741211,24.709999084472656,24.84000015258789,24.6299991607666,24.709999084472656
2013-05-10,2600,24.670000076293945,24.280000686645508,25.170000076293945,24.280000686645508,24.280000686645508
2013-05-09,3900,24.809999465942383,24.90999984741211,24.920000076293945,24.75,24.90999984741211
2013-05-08,2200,24.799999237060547,24.799999237060547,24.850000381469727,24.739999771118164,24.799999237060547
2013-05-07,1400,24.690000534057617,24.690000534057617,24.690000534057617,24.6299991607666,24.690000534057617
2013-05-06,5100,24.700000762939453,24.770000457763672,24.81999969482422,24.700000762939453,24.770000457763672
2013-05-03,400,24.8799991607666,24.860000610351562,24.8799991607666,24.860000610351562,24.860000610351562
2013-05-02,8200,23.850000381469727,24.549999237060547,24.649999618530273,23.850000381469727,24.549999237060547
2013-05-01,5800,24.56999969482422,24.510000228881836,24.600000381469727,24.510000228881836,24.510000228881836
2013-04-30,13800,24.959999084472656,24.93000030517578,25.0,24.93000030517578,24.93000030517578
2013-04-29,8800,24.6200008392334,25.09000015258789,25.110000610351562,24.6200008392334,25.09000015258789
2013-04-26,500,24.649999618530273,24.520000457763672,24.649999618530273,24.520000457763672,24.520000457763672
2013-04-25,3300,24.5,24.739999771118164,24.739999771118164,24.5,24.739999771118164
2013-04-24,500,24.420000076293945,24.3799991607666,24.420000076293945,24.3799991607666,24.3799991607666
2013-04-23,2800,24.299999237060547,24.290000915527344,24.3799991607666,24.280000686645508,24.290000915527344
2013-04-22,1600,24.540000915527344,24.440000534057617,24.540000915527344,24.399999618530273,24.440000534057617
2013-04-19,500,24.549999237060547,24.549999237060547,24.559999465942383,24.549999237060547,24.549999237060547
2013-04-18,4400,24.309999465942383,24.579999923706055,24.579999923706055,24.309999465942383,24.579999923706055
2013-04-17,9400,24.420000076293945,24.309999465942383,24.420000076293945,24.280000686645508,24.309999465942383
2013-04-16,2700,24.290000915527344,24.420000076293945,24.43000030517578,24.290000915527344,24.420000076293945
2013-04-15,8400,24.8799991607666,24.260000228881836,24.8799991607666,24.260000228881836,24.260000228881836
2013-04-12,2100,25.190000534057617,25.010000228881836,25.190000534057617,24.920000076293945,25.010000228881836
2013-04-11,3000,25.200000762939453,25.200000762939453,25.290000915527344,25.15999984741211,25.200000762939453
2013-04-10,14200,25.309999465942383,25.139999389648438,25.790000915527344,25.139999389648438,25.139999389648438
2013-04-09,13700,25.18000030517578,25.290000915527344,25.459999084472656,25.149999618530273,25.290000915527344
2013-04-08,3900,24.920000076293945,25.149999618530273,25.200000762939453,24.920000076293945,25.149999618530273
2013-04-05,800,25.010000228881836,25.020000457763672,25.020000457763672,25.010000228881836,25.020000457763672
2013-04-04,4100,24.989999771118164,24.950000762939453,24.989999771118164,24.8700008392334,24.950000762939453
2013-04-03,9000,25.020000457763672,25.010000228881836,25.309999465942383,25.010000228881836,25.010000228881836
2013-04-02,12300,25.360000610351562,25.299999237060547,25.360000610351562,25.270000457763672,25.299999237060547
2013-04-01,22700,25.799999237060547,25.469999313354492,25.799999237060547,25.459999084472656,25.469999313354492
2013-03-28,6400,26.040000915527344,25.670000076293945,26.049999237060547,25.670000076293945,25.670000076293945
2013-03-27,4300,25.889999389648438,26.06999969482422,26.100000381469727,25.889999389648438,26.06999969482422
2013-03-26,900,25.899999618530273,25.90999984741211,25.90999984741211,25.899999618530273,25.90999984741211
2013-03-25,3300,25.989999771118164,25.799999237060547,25.989999771118164,25.799999237060547,25.799999237060547
2013-03-22,1400,25.950000762939453,25.829999923706055,25.950000762939453,25.780000686645508,25.829999923706055
2013-03-21,300,25.799999237060547,25.8700008392334,25.8700008392334,25.799999237060547,25.8700008392334
2013-03-20,200,25.790000915527344,25.790000915527344,25.790000915527344,25.790000915527344,25.790000915527344
2013-03-19,600,25.649999618530273,25.700000762939453,25.700000762939453,25.649999618530273,25.700000762939453
2013-03-18,5300,25.709999084472656,25.719999313354492,25.719999313354492,25.709999084472656,25.719999313354492
2013-03-15,600,25.1200008392334,25.8700008392334,25.969999313354492,25.1200008392334,25.8700008392334
2013-03-14,1700,25.75,25.860000610351562,25.860000610351562,25.75,25.860000610351562
2013-03-13,1000,25.649999618530273,25.670000076293945,25.670000076293945,25.649999618530273,25.670000076293945
2013-03-12,400,25.780000686645508,25.760000228881836,25.780000686645508,25.760000228881836,25.760000228881836
2013-03-11,2000,25.5,25.700000762939453,25.700000762939453,25.5,25.700000762939453
2013-03-08,2900,25.6299991607666,25.690000534057617,25.690000534057617,25.600000381469727,25.690000534057617
2013-03-07,1700,25.540000915527344,25.5,25.540000915527344,25.5,25.5
2013-03-06,13300,25.549999237060547,25.34000015258789,25.549999237060547,25.329999923706055,25.34000015258789
2013-03-05,4700,25.610000610351562,25.559999465942383,25.6299991607666,25.549999237060547,25.559999465942383
2013-03-04,6200,25.600000381469727,25.440000534057617,25.600000381469727,25.360000610351562,25.440000534057617
2013-03-01,8900,25.440000534057617,25.399999618530273,25.440000534057617,25.389999389648438,25.399999618530273
2013-02-28,800,25.610000610351562,25.530000686645508,25.6299991607666,25.530000686645508,25.530000686645508
2013-02-27,1000,25.690000534057617,25.700000762939453,25.719999313354492,25.68000030517578,25.700000762939453
2013-02-26,800,25.610000610351562,25.649999618530273,25.65999984741211,25.600000381469727,25.649999618530273
2013-02-25,5900,25.700000762939453,25.649999618530273,25.700000762939453,25.6200008392334,25.649999618530273
2013-02-22,2700,25.6299991607666,25.559999465942383,25.6299991607666,25.559999465942383,25.559999465942383
2013-02-21,0,25.899999618530273,25.899999618530273,25.899999618530273,25.899999618530273,25.899999618530273
2013-02-20,10200,26.1200008392334,25.899999618530273,26.1200008392334,25.8799991607666,25.899999618530273
2013-02-19,3300,25.950000762939453,26.059999465942383,26.059999465942383,25.950000762939453,26.059999465942383
2013-02-15,0,26.1200008392334,26.1200008392334,26.1200008392334,26.1200008392334,26.1200008392334
2013-02-14,2800,26.1299991607666,26.1200008392334,26.1299991607666,26.09000015258789,26.1200008392334
2013-02-13,7000,26.280000686645508,26.290000915527344,26.309999465942383,26.270000457763672,26.290000915527344
2013-02-12,5500,26.25,26.25,26.299999237060547,26.219999313354492,26.25
2013-02-11,1900,26.290000915527344,26.299999237060547,26.299999237060547,26.25,26.299999237060547
2013-02-08,1500,26.299999237060547,26.43000030517578,26.559999465942383,26.299999237060547,26.43000030517578
2013-02-07,3800,26.270000457763672,26.479999542236328,26.639999389648438,26.270000457763672,26.479999542236328
2013-02-06,400,26.790000915527344,26.68000030517578,26.790000915527344,26.6299991607666,26.68000030517578
2013-02-05,600,26.690000534057617,26.68000030517578,26.690000534057617,26.68000030517578,26.68000030517578
2013-02-04,600,26.690000534057617,26.770000457763672,26.770000457763672,26.690000534057617,26.770000457763672
2013-02-01,200,26.790000915527344,26.790000915527344,26.790000915527344,26.790000915527344,26.790000915527344
2013-01-31,1500,26.6200008392334,26.6299991607666,26.6299991607666,26.6200008392334,26.6299991607666
2013-01-30,3300,26.030000686645508,26.65999984741211,26.670000076293945,26.030000686645508,26.65999984741211
2013-01-29,1900,26.440000534057617,26.389999389648438,26.440000534057617,26.350000381469727,26.389999389648438
2013-01-28,5700,26.25,26.31999969482422,26.31999969482422,26.25,26.31999969482422
2013-01-25,1400,26.3700008392334,26.329999923706055,26.3700008392334,26.329999923706055,26.329999923706055
2013-01-24,2800,26.440000534057617,26.420000076293945,26.469999313354492,26.389999389648438,26.420000076293945
2013-01-23,3300,26.559999465942383,26.540000915527344,26.56999969482422,26.540000915527344,26.540000915527344
2013-01-22,4600,26.610000610351562,26.579999923706055,26.639999389648438,26.530000686645508,26.579999923706055
2013-01-18,2400,26.420000076293945,26.5,26.5,26.40999984741211,26.5
2013-01-17,1500,26.360000610351562,26.389999389648438,26.389999389648438,26.31999969482422,26.389999389648438
2013-01-16,2600,26.200000762939453,26.239999771118164,26.239999771118164,26.1299991607666,26.239999771118164
2013-01-15,3000,26.15999984741211,26.229999542236328,26.270000457763672,26.15999984741211,26.229999542236328
2013-01-14,1500,26.100000381469727,26.149999618530273,26.149999618530273,26.079999923706055,26.149999618530273
2013-01-11,9800,25.799999237060547,25.940000534057617,25.969999313354492,25.75,25.940000534057617
2013-01-10,2700,25.969999313354492,25.940000534057617,25.969999313354492,25.940000534057617,25.940000534057617
2013-01-09,2000,25.799999237060547,25.709999084472656,25.799999237060547,25.709999084472656,25.709999084472656
2013-01-08,1200,25.809999465942383,25.829999923706055,25.8700008392334,25.809999465942383,25.829999923706055
2013-01-07,2200,25.90999984741211,25.84000015258789,25.90999984741211,25.799999237060547,25.84000015258789
2013-01-04,600,25.809999465942383,25.780000686645508,25.809999465942383,25.780000686645508,25.780000686645508
2013-01-03,10800,26.030000686645508,25.920000076293945,26.030000686645508,25.850000381469727,25.920000076293945
2013-01-02,11400,26.239999771118164,26.149999618530273,26.40999984741211,26.100000381469727,26.149999618530273
2012-12-31,800,25.90999984741211,26.030000686645508,26.049999237060547,25.889999389648438,26.030000686645508
2012-12-28,300,26.040000915527344,26.040000915527344,26.040000915527344,26.040000915527344,26.040000915527344
2012-12-27,9000,26.0,26.030000686645508,26.270000457763672,26.0,26.030000686645508
2012-12-26,2500,26.170000076293945,26.06999969482422,26.170000076293945,26.040000915527344,26.06999969482422
2012-12-24,2300,25.8799991607666,25.940000534057617,25.969999313354492,25.8799991607666,25.940000534057617
2012-12-21,12000,25.979999542236328,26.079999923706055,26.079999923706055,25.979999542236328,26.079999923706055
2012-12-20,19400,25.940000534057617,25.989999771118164,26.0,25.889999389648438,25.989999771118164
2012-12-19,5900,26.100000381469727,26.139999389648438,26.18000030517578,26.100000381469727,26.139999389648438
2012-12-18,10100,26.299999237060547,26.260000228881836,26.309999465942383,26.260000228881836,26.260000228881836
2012-12-17,15800,26.299999237060547,26.290000915527344,26.31999969482422,26.280000686645508,26.290000915527344
2012-12-14,15700,26.290000915527344,26.290000915527344,26.360000610351562,26.280000686645508,26.290000915527344
2012-12-13,1900,26.149999618530273,26.149999618530273,26.149999618530273,26.149999618530273,26.149999618530273
2012-12-12,0,26.34000015258789,26.34000015258789,26.34000015258789,26.34000015258789,26.34000015258789
2012-12-11,800,26.3799991607666,26.34000015258789,26.3799991607666,26.34000015258789,26.34000015258789
2012-12-10,900,26.440000534057617,26.450000762939453,26.450000762939453,26.420000076293945,26.450000762939453
2012-12-07,4000,26.649999618530273,26.510000228881836,26.670000076293945,26.510000228881836,26.510000228881836
2012-12-06,1600,26.670000076293945,26.670000076293945,26.670000076293945,26.670000076293945,26.670000076293945
2012-12-05,800,26.649999618530273,26.81999969482422,26.81999969482422,26.649999618530273,26.81999969482422
2012-12-04,4700,26.65999984741211,26.6200008392334,26.670000076293945,26.6200008392334,26.6200008392334
2012-12-03,1200,26.940000534057617,26.829999923706055,26.940000534057617,26.829999923706055,26.829999923706055
2012-11-30,2200,26.81999969482422,26.760000228881836,26.850000381469727,26.739999771118164,26.760000228881836
2012-11-29,400,26.950000762939453,26.8799991607666,26.950000762939453,26.8799991607666,26.8799991607666
2012-11-28,1700,26.799999237060547,26.81999969482422,26.829999923706055,26.719999313354492,26.81999969482422
2012-11-27,800,27.459999084472656,27.010000228881836,27.459999084472656,26.940000534057617,27.010000228881836
2012-11-26,900,26.860000610351562,26.860000610351562,26.860000610351562,26.860000610351562,26.860000610351562
2012-11-23,700,27.040000915527344,27.020000457763672,27.040000915527344,27.020000457763672,27.020000457763672
2012-11-21,600,26.790000915527344,26.790000915527344,26.790000915527344,26.790000915527344,26.790000915527344
2012-11-20,22400,26.670000076293945,26.780000686645508,26.790000915527344,25.899999618530273,26.780000686645508
2012-11-19,300,27.200000762939453,26.6299991607666,27.200000762939453,26.6299991607666,26.6299991607666
2012-11-16,2300,26.200000762939453,26.420000076293945,26.420000076293945,26.200000762939453,26.420000076293945
2012-11-15,6500,26.489999771118164,26.34000015258789,26.489999771118164,26.34000015258789,26.34000015258789
2012-11-14,13000,26.479999542236328,26.450000762939453,26.56999969482422,26.450000762939453,26.450000762939453
2012-11-13,3500,26.43000030517578,26.40999984741211,26.43000030517578,26.31999969482422,26.40999984741211
2012-11-12,2000,26.350000381469727,26.309999465942383,26.350000381469727,26.309999465942383,26.309999465942383
2012-11-09,1000,26.649999618530273,26.3700008392334,26.649999618530273,26.3700008392334,26.3700008392334
2012-11-08,3800,26.649999618530273,26.479999542236328,26.649999618530273,26.399999618530273,26.479999542236328
2012-11-07,300,26.420000076293945,26.420000076293945,26.420000076293945,26.420000076293945,26.420000076293945
2012-11-06,0,26.270000457763672,26.270000457763672,26.270000457763672,26.270000457763672,26.270000457763672
2012-11-05,8500,26.329999923706055,26.270000457763672,26.329999923706055,26.110000610351562,26.270000457763672
2012-11-02,600,26.489999771118164,26.299999237060547,26.489999771118164,26.299999237060547,26.299999237060547
2012-11-01,1100,26.8799991607666,26.860000610351562,26.8799991607666,26.860000610351562,26.860000610351562
2012-10-31,2600,26.729999542236328,26.760000228881836,26.860000610351562,26.729999542236328,26.760000228881836
2012-10-26,1500,26.81999969482422,26.790000915527344,26.899999618530273,26.790000915527344,26.790000915527344
2012-10-25,62500,26.90999984741211,26.920000076293945,27.049999237060547,26.229999542236328,26.920000076293945
2012-10-24,200,27.020000457763672,27.020000457763672,27.020000457763672,27.020000457763672,27.020000457763672
2012-10-23,2700,27.0,27.049999237060547,27.049999237060547,26.93000030517578,27.049999237060547
2012-10-22,4300,27.469999313354492,27.229999542236328,27.469999313354492,27.229999542236328,27.229999542236328
2012-10-19,3800,27.68000030517578,27.469999313354492,27.68000030517578,27.469999313354492,27.469999313354492
2012-10-18,3800,27.549999237060547,27.700000762939453,27.700000762939453,27.549999237060547,27.700000762939453
2012-10-17,2400,27.450000762939453,27.510000228881836,27.510000228881836,27.450000762939453,27.510000228881836
2012-10-16,800,27.350000381469727,27.309999465942383,27.350000381469727,27.309999465942383,27.309999465942383
2012-10-15,500,27.399999618530273,27.200000762939453,27.399999618530273,27.200000762939453,27.200000762939453
2012-10-12,100,27.5,27.5,27.5,27.5,27.5
2012-10-11,0,27.56999969482422,27.56999969482422,27.56999969482422,27.56999969482422,27.56999969482422
2012-10-10,19100,27.65999984741211,27.56999969482422,27.709999084472656,27.56999969482422,27.56999969482422
2012-10-09,300,27.75,27.719999313354492,27.75,27.719999313354492,27.719999313354492
2012-10-08,600,27.700000762939453,27.639999389648438,27.700000762939453,27.639999389648438,27.639999389648438
2012-10-05,1900,27.75,27.690000534057617,27.75,27.690000534057617,27.690000534057617
2012-10-04,700,27.799999237060547,27.829999923706055,27.829999923706055,27.799999237060547,27.829999923706055
2012-10-03,700,27.65999984741211,27.6200008392334,27.65999984741211,27.6200008392334,27.6200008392334
2012-10-02,1700,28.0,27.90999984741211,28.0,27.90999984741211,27.90999984741211
2012-10-01,0,27.84000015258789,27.84000015258789,27.84000015258789,27.84000015258789,27.84000015258789
2012-09-28,100,27.84000015258789,27.84000015258789,27.84000015258789,27.84000015258789,27.84000015258789
2012-09-27,0,27.25,27.25,27.25,27.25,27.25
2012-09-26,17900,27.25,27.25,27.3700008392334,27.200000762939453,27.25
2012-09-25,1400,27.329999923706055,27.6200008392334,27.639999389648438,27.329999923706055,27.6200008392334
2012-09-24,2500,27.450000762939453,27.489999771118164,27.489999771118164,27.34000015258789,27.489999771118164
2012-09-21,2400,27.670000076293945,27.760000228881836,27.799999237060547,27.670000076293945,27.760000228881836
2012-09-20,3600,27.510000228881836,27.459999084472656,27.59000015258789,27.459999084472656,27.459999084472656
2012-09-19,12500,27.6299991607666,27.610000610351562,27.6299991607666,27.579999923706055,27.610000610351562
2012-09-18,800,27.90999984741211,27.700000762939453,27.90999984741211,27.700000762939453,27.700000762939453
2012-09-17,31200,28.270000457763672,27.920000076293945,28.299999237060547,27.889999389648438,27.920000076293945
2012-09-14,3100,28.56999969482422,28.530000686645508,28.610000610351562,28.530000686645508,28.530000686645508
2012-09-13,15500,28.010000228881836,28.239999771118164,28.25,27.959999084472656,28.239999771118164
2012-09-12,900,27.93000030517578,28.040000915527344,28.040000915527344,27.93000030517578,28.040000915527344
2012-09-11,12400,27.959999084472656,27.90999984741211,28.360000610351562,27.889999389648438,27.90999984741211
2012-09-10,9400,28.459999084472656,27.75,28.459999084472656,27.670000076293945,27.75
2012-09-07,10600,27.100000381469727,27.649999618530273,27.670000076293945,27.100000381469727,27.649999618530273
2012-09-06,6200,27.420000076293945,27.399999618530273,27.469999313354492,27.399999618530273,27.399999618530273
2012-09-05,8700,27.389999389648438,27.31999969482422,27.450000762939453,27.31999969482422,27.31999969482422
2012-09-04,7200,27.6200008392334,27.510000228881836,27.6200008392334,27.459999084472656,27.510000228881836
2012-08-31,700,27.389999389648438,27.420000076293945,27.420000076293945,27.389999389648438,27.420000076293945
2012-08-30,1100,27.260000228881836,27.219999313354492,27.260000228881836,27.219999313354492,27.219999313354492
2012-08-29,1800,27.100000381469727,27.260000228881836,27.260000228881836,27.100000381469727,27.260000228881836
2012-08-28,13700,26.989999771118164,27.100000381469727,27.1299991607666,26.989999771118164,27.100000381469727
2012-08-27,200,27.15999984741211,27.15999984741211,27.15999984741211,27.15999984741211,27.15999984741211
2012-08-24,600,27.34000015258789,27.270000457763672,27.34000015258789,27.270000457763672,27.270000457763672
2012-08-23,700,27.56999969482422,27.450000762939453,27.579999923706055,27.450000762939453,27.450000762939453
2012-08-22,1000,27.350000381469727,27.350000381469727,27.350000381469727,27.350000381469727,27.350000381469727
2012-08-21,2300,27.3799991607666,27.399999618530273,27.399999618530273,27.3799991607666,27.399999618530273
2012-08-20,5500,26.950000762939453,26.850000381469727,26.950000762939453,26.850000381469727,26.850000381469727
2012-08-17,3800,26.8799991607666,26.860000610351562,26.8799991607666,26.799999237060547,26.860000610351562
2012-08-16,0,26.700000762939453,26.700000762939453,26.700000762939453,26.700000762939453,26.700000762939453
2012-08-15,2000,26.610000610351562,26.700000762939453,26.700000762939453,26.610000610351562,26.700000762939453
2012-08-14,1400,26.610000610351562,26.610000610351562,26.6299991607666,26.610000610351562,26.610000610351562
2012-08-13,800,26.600000381469727,26.610000610351562,26.65999984741211,26.600000381469727,26.610000610351562
2012-08-10,3700,26.940000534057617,26.8799991607666,27.0,26.8799991607666,26.8799991607666
2012-08-09,2800,27.049999237060547,27.290000915527344,27.290000915527344,27.049999237060547,27.290000915527344
2012-08-08,6500,26.90999984741211,26.989999771118164,27.010000228881836,26.8799991607666,26.989999771118164
2012-08-07,4200,26.940000534057617,26.989999771118164,26.989999771118164,26.940000534057617,26.989999771118164
2012-08-06,600,26.81999969482422,26.81999969482422,26.81999969482422,26.81999969482422,26.81999969482422
2012-08-03,700,26.81999969482422,26.829999923706055,26.829999923706055,26.81999969482422,26.829999923706055
2012-08-02,4200,26.100000381469727,26.549999237060547,26.639999389648438,26.100000381469727,26.549999237060547
2012-08-01,700,26.81999969482422,26.81999969482422,26.81999969482422,26.81999969482422,26.81999969482422
2012-07-31,1200,27.309999465942383,27.100000381469727,27.309999465942383,27.100000381469727,27.100000381469727
2012-07-30,1200,27.25,27.270000457763672,27.270000457763672,27.25,27.270000457763672
2012-07-27,7400,26.920000076293945,26.940000534057617,26.950000762939453,26.920000076293945,26.940000534057617
2012-07-26,800,26.81999969482422,26.770000457763672,26.81999969482422,26.770000457763672,26.770000457763672
2012-07-25,2400,26.84000015258789,26.81999969482422,26.8700008392334,26.690000534057617,26.81999969482422
2012-07-24,16300,26.649999618530273,26.579999923706055,26.649999618530273,26.489999771118164,26.579999923706055
2012-07-23,6500,27.030000686645508,26.979999542236328,27.040000915527344,26.93000030517578,26.979999542236328
2012-07-20,900,27.3799991607666,27.450000762939453,27.450000762939453,27.3799991607666,27.450000762939453
2012-07-19,3200,27.15999984741211,27.360000610351562,27.3700008392334,27.15999984741211,27.360000610351562
2012-07-18,800,26.649999618530273,26.649999618530273,26.649999618530273,26.649999618530273,26.649999618530273
2012-07-17,2100,26.5,26.549999237060547,26.579999923706055,26.450000762939453,26.549999237060547
2012-07-16,100,26.489999771118164,26.489999771118164,26.489999771118164,26.489999771118164,26.489999771118164
2012-07-13,5700,26.25,26.34000015258789,26.34000015258789,26.25,26.34000015258789
2012-07-12,7500,25.81999969482422,26.040000915527344,26.09000015258789,25.760000228881836,26.040000915527344
2012-07-11,13100,26.100000381469727,25.969999313354492,26.100000381469727,25.799999237060547,25.969999313354492
2012-07-10,12300,26.020000457763672,25.799999237060547,26.020000457763672,25.780000686645508,25.799999237060547
2012-07-09,4400,26.219999313354492,26.209999084472656,26.219999313354492,26.209999084472656,26.209999084472656
2012-07-06,600,25.760000228881836,25.670000076293945,25.760000228881836,25.670000076293945,25.670000076293945
2012-07-05,1500,26.040000915527344,26.209999084472656,26.209999084472656,25.139999389648438,26.209999084472656
2012-07-03,2500,25.739999771118164,25.959999084472656,25.969999313354492,25.739999771118164,25.959999084472656
2012-07-02,1200,25.360000610351562,25.299999237060547,25.389999389648438,25.299999237060547,25.299999237060547
2012-06-29,0,24.469999313354492,24.469999313354492,24.469999313354492,24.469999313354492,24.469999313354492
2012-06-28,23600,24.6200008392334,24.469999313354492,24.6200008392334,24.459999084472656,24.469999313354492
2012-06-27,2500,24.850000381469727,24.760000228881836,24.850000381469727,24.760000228881836,24.760000228881836
2012-06-26,200,24.459999084472656,24.459999084472656,24.459999084472656,24.459999084472656,24.459999084472656
2012-06-25,300,24.25,24.40999984741211,24.40999984741211,24.25,24.40999984741211
2012-06-22,5200,23.799999237060547,24.049999237060547,24.100000381469727,23.799999237060547,24.049999237060547
2012-06-21,11800,24.229999542236328,23.940000534057617,24.299999237060547,23.920000076293945,23.940000534057617
2012-06-20,8400,24.420000076293945,24.43000030517578,24.559999465942383,24.420000076293945,24.43000030517578
2012-06-19,1000,24.690000534057617,24.649999618530273,24.690000534057617,24.649999618530273,24.649999618530273
2012-06-18,1600,24.1200008392334,24.40999984741211,24.40999984741211,24.1200008392334,24.40999984741211
2012-06-15,3400,24.139999389648438,24.229999542236328,24.229999542236328,24.139999389648438,24.229999542236328
2012-06-14,1600,24.079999923706055,24.1299991607666,24.1299991607666,24.079999923706055,24.1299991607666
2012-06-13,13600,23.8799991607666,23.8700008392334,23.90999984741211,23.860000610351562,23.8700008392334
2012-06-12,17700,24.06999969482422,24.040000915527344,24.110000610351562,23.989999771118164,24.040000915527344
2012-06-11,25700,24.149999618530273,24.040000915527344,24.209999084472656,24.020000457763672,24.040000915527344
2012-06-08,2700,24.030000686645508,24.149999618530273,24.149999618530273,24.030000686645508,24.149999618530273
2012-06-07,16000,24.579999923706055,24.209999084472656,24.579999923706055,24.190000534057617,24.209999084472656
2012-06-06,2800,24.350000381469727,24.040000915527344,24.350000381469727,24.040000915527344,24.040000915527344
2012-06-05,3900,23.959999084472656,23.90999984741211,23.989999771118164,23.90999984741211,23.90999984741211
2012-06-04,7200,24.049999237060547,23.90999984741211,24.049999237060547,23.850000381469727,23.90999984741211
2012-06-01,7200,23.84000015258789,23.75,23.899999618530273,23.6200008392334,23.75
2012-05-31,6800,24.190000534057617,24.06999969482422,24.190000534057617,24.06999969482422,24.06999969482422
2012-05-30,2500,24.309999465942383,24.260000228881836,24.309999465942383,24.170000076293945,24.260000228881836
2012-05-29,6600,24.799999237060547,24.56999969482422,24.969999313354492,24.56999969482422,24.56999969482422
2012-05-25,11200,24.889999389648438,24.860000610351562,24.899999618530273,24.68000030517578,24.860000610351562
2012-05-24,66400,24.81999969482422,24.81999969482422,25.1200008392334,24.739999771118164,24.81999969482422
2012-05-23,25000,24.850000381469727,24.889999389648438,24.90999984741211,24.770000457763672,24.889999389648438
2012-05-22,42500,25.520000457763672,25.190000534057617,25.520000457763672,25.1200008392334,25.190000534057617
2012-05-21,700,25.469999313354492,25.530000686645508,25.530000686645508,25.469999313354492,25.530000686645508
2012-05-18,27600,25.489999771118164,25.5,25.5,25.450000762939453,25.5
2012-05-17,1700,25.350000381469727,24.719999313354492,25.600000381469727,24.709999084472656,24.719999313354492
2012-05-16,9500,24.950000762939453,25.1299991607666,25.15999984741211,24.950000762939453,25.1299991607666
2012-05-15,11000,25.020000457763672,25.059999465942383,25.100000381469727,24.950000762939453,25.059999465942383
2012-05-14,4300,24.899999618530273,24.93000030517578,24.950000762939453,24.899999618530273,24.93000030517578
2012-05-11,7700,25.299999237060547,25.260000228881836,25.5,25.25,25.260000228881836
2012-05-10,26600,25.56999969482422,25.5,25.610000610351562,25.299999237060547,25.5
2012-05-09,7800,25.389999389648438,25.540000915527344,25.549999237060547,25.3799991607666,25.540000915527344
2012-05-08,17600,25.579999923706055,25.510000228881836,25.579999923706055,25.010000228881836,25.510000228881836
2012-05-07,2700,25.549999237060547,25.65999984741211,25.709999084472656,25.549999237060547,25.65999984741211
2012-05-04,3200,25.84000015258789,25.739999771118164,25.84000015258789,25.739999771118164,25.739999771118164
2012-05-03,7300,26.079999923706055,26.0,26.079999923706055,25.969999313354492,26.0
2012-05-02,7500,26.399999618530273,26.1299991607666,26.399999618530273,26.1299991607666,26.1299991607666
2012-05-01,3000,26.549999237060547,26.600000381469727,26.600000381469727,26.549999237060547,26.600000381469727
2012-04-30,3800,26.049999237060547,26.399999618530273,26.399999618530273,26.049999237060547,26.399999618530273
2012-04-27,1300,26.3700008392334,26.40999984741211,26.40999984741211,26.3700008392334,26.40999984741211
2012-04-26,8000,26.270000457763672,26.209999084472656,26.299999237060547,26.209999084472656,26.209999084472656
2012-04-25,9900,26.1299991607666,26.040000915527344,26.280000686645508,25.940000534057617,26.040000915527344
2012-04-24,4000,26.059999465942383,25.93000030517578,26.06999969482422,25.93000030517578,25.93000030517578
2012-04-23,7200,25.739999771118164,25.8700008392334,25.889999389648438,25.739999771118164,25.8700008392334
2012-04-20,800,25.940000534057617,25.940000534057617,25.940000534057617,25.940000534057617,25.940000534057617
2012-04-19,500,25.790000915527344,25.790000915527344,25.790000915527344,25.790000915527344,25.790000915527344
2012-04-18,14200,25.760000228881836,25.75,25.940000534057617,25.719999313354492,25.75
2012-04-17,3400,26.020000457763672,25.959999084472656,26.020000457763672,25.959999084472656,25.959999084472656
2012-04-16,1100,25.989999771118164,25.940000534057617,25.989999771118164,25.940000534057617,25.940000534057617
2012-04-13,1000,26.219999313354492,26.190000534057617,26.219999313354492,26.190000534057617,26.190000534057617
2012-04-12,6700,26.350000381469727,26.540000915527344,26.549999237060547,26.329999923706055,26.540000915527344
2012-04-11,1200,26.190000534057617,26.219999313354492,26.219999313354492,26.190000534057617,26.219999313354492
2012-04-10,100,26.170000076293945,26.170000076293945,26.170000076293945,26.170000076293945,26.170000076293945
2012-04-09,8600,26.469999313354492,26.469999313354492,26.469999313354492,26.360000610351562,26.469999313354492
2012-04-05,9300,26.6200008392334,26.610000610351562,26.6200008392334,26.559999465942383,26.610000610351562
2012-04-04,42800,26.670000076293945,26.459999084472656,26.93000030517578,26.459999084472656,26.459999084472656
2012-04-03,25700,27.030000686645508,26.979999542236328,27.059999465942383,26.959999084472656,26.979999542236328
2012-04-02,4200,26.850000381469727,27.0,27.0,26.639999389648438,27.0
2012-03-30,35600,26.350000381469727,26.68000030517578,27.139999389648438,26.350000381469727,26.68000030517578
2012-03-29,20600,26.610000610351562,26.309999465942383,26.6200008392334,26.299999237060547,26.309999465942383
2012-03-28,8000,26.809999465942383,26.780000686645508,26.93000030517578,26.729999542236328,26.780000686645508
2012-03-27,8100,27.100000381469727,27.09000015258789,27.309999465942383,27.09000015258789,27.09000015258789
2012-03-26,2700,27.399999618530273,27.219999313354492,27.399999618530273,27.139999389648438,27.219999313354492
2012-03-23,4800,26.899999618530273,27.1299991607666,27.170000076293945,26.899999618530273,27.1299991607666
2012-03-22,8700,26.829999923706055,26.8700008392334,26.940000534057617,26.780000686645508,26.8700008392334
2012-03-21,7200,27.31999969482422,27.139999389648438,27.31999969482422,27.1200008392334,27.139999389648438
2012-03-20,36200,27.520000457763672,27.239999771118164,27.93000030517578,27.110000610351562,27.239999771118164
2012-03-19,2100,27.670000076293945,27.510000228881836,27.670000076293945,27.489999771118164,27.510000228881836
2012-03-16,10000,27.399999618530273,27.510000228881836,27.600000381469727,27.399999618530273,27.510000228881836
2012-03-15,1500,27.3700008392334,27.440000534057617,27.440000534057617,27.3700008392334,27.440000534057617
2012-03-14,6000,27.329999923706055,27.15999984741211,27.350000381469727,27.030000686645508,27.15999984741211
2012-03-13,11800,27.25,27.40999984741211,27.459999084472656,27.209999084472656,27.40999984741211
2012-03-12,8100,27.09000015258789,27.25,27.299999237060547,27.06999969482422,27.25
2012-03-09,4000,27.110000610351562,27.31999969482422,27.360000610351562,27.110000610351562,27.31999969482422
2012-03-08,3000,27.549999237060547,27.110000610351562,27.549999237060547,27.059999465942383,27.110000610351562
2012-03-07,3000,26.950000762939453,27.09000015258789,27.09000015258789,26.950000762939453,27.09000015258789
2012-03-06,800,27.09000015258789,27.079999923706055,27.15999984741211,27.079999923706055,27.079999923706055
2012-03-05,0,27.780000686645508,27.780000686645508,27.780000686645508,27.780000686645508,27.780000686645508
2012-03-02,32800,27.690000534057617,27.780000686645508,27.780000686645508,27.56999969482422,27.780000686645508
2012-03-01,3600,27.809999465942383,27.940000534057617,27.940000534057617,27.770000457763672,27.940000534057617
2012-02-29,800,27.889999389648438,27.760000228881836,27.889999389648438,27.760000228881836,27.760000228881836
2012-02-28,1000,28.020000457763672,27.959999084472656,28.030000686645508,27.940000534057617,27.959999084472656
2012-02-27,8100,27.84000015258789,28.0,28.040000915527344,27.84000015258789,28.0
2012-02-24,3600,27.93000030517578,28.079999923706055,28.079999923706055,27.90999984741211,28.079999923706055
2012-02-23,1800,27.81999969482422,27.850000381469727,27.8700008392334,27.81999969482422,27.850000381469727
2012-02-22,900,27.75,27.889999389648438,27.889999389648438,27.75,27.889999389648438
2012-02-21,1600,27.559999465942383,27.739999771118164,27.75,27.469999313354492,27.739999771118164
2012-02-17,2300,27.260000228881836,27.399999618530273,27.420000076293945,27.260000228881836,27.399999618530273
2012-02-16,900,27.15999984741211,27.239999771118164,27.239999771118164,27.15999984741211,27.239999771118164
2012-02-15,1500,27.25,27.15999984741211,27.25,27.15999984741211,27.15999984741211
2012-02-14,1200,27.399999618530273,27.229999542236328,27.399999618530273,27.149999618530273,27.229999542236328
2012-02-13,2100,27.829999923706055,27.25,27.829999923706055,26.780000686645508,27.25
2012-02-10,1700,27.25,27.25,27.25,27.25,27.25
2012-02-09,400,27.540000915527344,27.600000381469727,27.600000381469727,27.540000915527344,27.600000381469727
2012-02-08,1200,28.059999465942383,27.3700008392334,28.059999465942383,27.3700008392334,27.3700008392334
2012-02-07,200,27.200000762939453,27.200000762939453,27.200000762939453,27.200000762939453,27.200000762939453
2012-02-06,700,27.239999771118164,27.18000030517578,27.31999969482422,27.18000030517578,27.18000030517578
2012-02-03,1100,26.950000762939453,27.260000228881836,27.260000228881836,26.950000762939453,27.260000228881836
2012-02-02,800,26.5,27.0,27.0,26.5,27.0
2012-02-01,200,26.770000457763672,26.770000457763672,26.770000457763672,26.770000457763672,26.770000457763672
2012-01-31,7600,26.989999771118164,26.959999084472656,26.989999771118164,26.329999923706055,26.959999084472656
2012-01-30,2100,27.260000228881836,27.190000534057617,27.31999969482422,27.190000534057617,27.190000534057617
2012-01-27,900,27.399999618530273,27.420000076293945,27.440000534057617,27.399999618530273,27.420000076293945
2012-01-26,500,27.739999771118164,27.440000534057617,27.739999771118164,27.440000534057617,27.440000534057617
2012-01-25,11000,27.299999237060547,27.350000381469727,27.399999618530273,27.290000915527344,27.350000381469727
2012-01-24,4100,27.899999618530273,27.15999984741211,27.899999618530273,26.84000015258789,27.15999984741211
2012-01-23,1900,26.6200008392334,27.530000686645508,27.530000686645508,26.6200008392334,27.530000686645508
2012-01-20,1300,26.600000381469727,26.579999923706055,26.600000381469727,26.579999923706055,26.579999923706055
2012-01-19,16900,26.75,26.530000686645508,27.1299991607666,26.530000686645508,26.530000686645508
2012-01-18,18300,26.549999237060547,26.6200008392334,27.489999771118164,26.489999771118164,26.6200008392334
2012-01-17,6900,26.5,26.739999771118164,26.75,26.5,26.739999771118164
2012-01-13,18400,26.610000610351562,26.600000381469727,26.700000762939453,26.510000228881836,26.600000381469727
2012-01-12,19100,26.850000381469727,26.799999237060547,27.040000915527344,26.450000762939453,26.799999237060547
2012-01-11,1700,26.969999313354492,27.020000457763672,27.09000015258789,26.969999313354492,27.020000457763672
2012-01-10,5300,27.239999771118164,27.209999084472656,27.280000686645508,27.18000030517578,27.209999084472656
2012-01-09,7800,27.0,26.920000076293945,27.049999237060547,26.799999237060547,26.920000076293945
2012-01-06,1800,26.920000076293945,26.8799991607666,26.920000076293945,26.770000457763672,26.8799991607666
2012-01-05,3000,26.799999237060547,26.719999313354492,26.799999237060547,26.709999084472656,26.719999313354492
2012-01-04,4800,27.06999969482422,27.1200008392334,27.1200008392334,26.770000457763672,27.1200008392334
2012-01-03,1600,27.770000457763672,27.030000686645508,27.770000457763672,26.899999618530273,27.030000686645508
2011-12-30,2100,26.209999084472656,26.450000762939453,26.549999237060547,26.209999084472656,26.450000762939453
2011-12-29,2000,26.309999465942383,26.209999084472656,26.309999465942383,26.209999084472656,26.209999084472656
2011-12-28,1100,26.540000915527344,26.459999084472656,26.540000915527344,26.459999084472656,26.459999084472656
2011-12-27,3500,26.530000686645508,26.709999084472656,26.709999084472656,26.530000686645508,26.709999084472656
2011-12-23,5200,26.520000457763672,26.510000228881836,26.530000686645508,26.40999984741211,26.510000228881836
2011-12-22,0,26.34000015258789,26.34000015258789,26.34000015258789,26.34000015258789,26.34000015258789
2011-12-21,1700,26.229999542236328,26.34000015258789,26.34000015258789,26.06999969482422,26.34000015258789
2011-12-20,600,26.149999618530273,26.260000228881836,26.260000228881836,26.149999618530273,26.260000228881836
2011-12-19,1000,25.780000686645508,25.81999969482422,25.81999969482422,25.700000762939453,25.81999969482422
2011-12-16,1600,25.600000381469727,25.770000457763672,25.770000457763672,25.600000381469727,25.770000457763672
2011-12-15,0,25.6200008392334,25.6200008392334,25.6200008392334,25.6200008392334,25.6200008392334
2011-12-14,1600,25.979999542236328,25.6200008392334,25.979999542236328,25.6200008392334,25.6200008392334
2011-12-13,17800,26.6299991607666,26.559999465942383,26.6299991607666,26.559999465942383,26.559999465942383
2011-12-12,1800,26.399999618530273,26.479999542236328,26.479999542236328,26.280000686645508,26.479999542236328
2011-12-09,700,26.670000076293945,26.799999237060547,26.8700008392334,26.670000076293945,26.799999237060547
2011-12-08,4500,27.690000534057617,26.950000762939453,27.690000534057617,26.8700008392334,26.950000762939453
2011-12-07,3100,27.219999313354492,27.15999984741211,27.239999771118164,27.09000015258789,27.15999984741211
2011-12-06,0,27.329999923706055,27.329999923706055,27.329999923706055,27.329999923706055,27.329999923706055
2011-12-05,4000,27.360000610351562,27.329999923706055,27.360000610351562,27.31999969482422,27.329999923706055
2011-12-02,17000,27.31999969482422,27.540000915527344,27.559999465942383,26.06999969482422,27.540000915527344
2011-12-01,1700,28.0,27.34000015258789,28.0,27.34000015258789,27.34000015258789
2011-11-30,800,28.149999618530273,27.520000457763672,28.149999618530273,27.510000228881836,27.520000457763672
2011-11-29,600,27.030000686645508,27.110000610351562,27.139999389648438,27.030000686645508,27.110000610351562
2011-11-28,16300,28.329999923706055,26.920000076293945,28.329999923706055,25.5,26.920000076293945
2011-11-25,200,26.75,26.709999084472656,26.75,26.709999084472656,26.709999084472656
2011-11-23,14700,26.75,26.809999465942383,26.889999389648438,26.649999618530273,26.809999465942383
2011-11-22,5600,27.059999465942383,27.15999984741211,27.15999984741211,27.049999237060547,27.15999984741211
2011-11-21,6500,26.940000534057617,26.93000030517578,26.940000534057617,26.920000076293945,26.93000030517578
2011-11-18,3100,27.40999984741211,27.280000686645508,27.420000076293945,27.280000686645508,27.280000686645508
2011-11-17,1800,27.8700008392334,27.389999389648438,27.8700008392334,27.350000381469727,27.389999389648438
2011-11-16,3500,28.09000015258789,28.09000015258789,28.15999984741211,28.079999923706055,28.09000015258789
2011-11-15,1000,27.940000534057617,27.8799991607666,28.049999237060547,27.8799991607666,27.8799991607666
2011-11-14,200,27.889999389648438,27.889999389648438,27.889999389648438,27.889999389648438,27.889999389648438
2011-11-11,3900,28.049999237060547,28.040000915527344,28.049999237060547,28.040000915527344,28.040000915527344
2011-11-10,3300,27.940000534057617,27.899999618530273,27.969999313354492,27.84000015258789,27.899999618530273
2011-11-09,0,28.540000915527344,28.540000915527344,28.540000915527344,28.540000915527344,28.540000915527344
2011-11-08,15300,28.350000381469727,28.540000915527344,28.540000915527344,28.31999969482422,28.540000915527344
2011-11-07,3500,28.5,28.5,28.5,28.5,28.5
2011-11-04,1700,28.149999618530273,28.149999618530273,28.149999618530273,28.149999618530273,28.149999618530273
2011-11-03,1300,28.0,28.100000381469727,28.100000381469727,28.0,28.100000381469727
2011-11-02,600,28.010000228881836,27.719999313354492,28.010000228881836,27.719999313354492,27.719999313354492
2011-11-01,900,27.969999313354492,27.969999313354492,27.969999313354492,27.969999313354492,27.969999313354492
2011-10-31,700,28.43000030517578,28.43000030517578,28.43000030517578,28.43000030517578,28.43000030517578
2011-10-28,1500,28.399999618530273,28.549999237060547,28.549999237060547,28.399999618530273,28.549999237060547
2011-10-27,2200,28.399999618530273,28.350000381469727,28.43000030517578,28.350000381469727,28.350000381469727
2011-10-26,1600,27.639999389648438,27.639999389648438,27.639999389648438,27.639999389648438,27.639999389648438
2011-10-25,2400,27.899999618530273,28.079999923706055,28.100000381469727,27.899999618530273,28.079999923706055
2011-10-24,1600,27.709999084472656,27.770000457763672,27.889999389648438,27.709999084472656,27.770000457763672
2011-10-21,900,27.209999084472656,27.399999618530273,27.469999313354492,27.209999084472656,27.399999618530273
2011-10-20,0,27.239999771118164,27.239999771118164,27.239999771118164,27.239999771118164,27.239999771118164
2011-10-19,1800,27.549999237060547,27.239999771118164,27.68000030517578,27.239999771118164,27.239999771118164
2011-10-18,900,27.260000228881836,27.709999084472656,27.709999084472656,27.260000228881836,27.709999084472656
2011-10-17,1000,27.399999618530273,27.719999313354492,27.75,27.399999618530273,27.719999313354492
2011-10-14,5400,27.899999618530273,27.899999618530273,27.899999618530273,27.799999237060547,27.899999618530273
2011-10-13,5600,27.15999984741211,27.530000686645508,27.579999923706055,27.15999984741211,27.530000686645508
2011-10-12,0,27.399999618530273,27.399999618530273,27.399999618530273,27.399999618530273,27.399999618530273
2011-10-11,1500,27.15999984741211,27.399999618530273,27.549999237060547,27.15999984741211,27.399999618530273
2011-10-10,1600,26.829999923706055,27.200000762939453,27.200000762939453,26.829999923706055,27.200000762939453
2011-10-07,7000,26.479999542236328,26.530000686645508,26.860000610351562,26.479999542236328,26.530000686645508
2011-10-06,0,26.40999984741211,26.40999984741211,26.40999984741211,26.40999984741211,26.40999984741211
2011-10-05,1400,26.1299991607666,26.40999984741211,26.40999984741211,26.1299991607666,26.40999984741211
2011-10-04,5800,26.040000915527344,26.149999618530273,26.149999618530273,25.950000762939453,26.149999618530273
2011-10-03,2200,26.18000030517578,26.31999969482422,26.31999969482422,26.15999984741211,26.31999969482422
2011-09-30,400,26.43000030517578,26.309999465942383,26.43000030517578,26.309999465942383,26.309999465942383
2011-09-29,600,27.299999237060547,27.299999237060547,27.299999237060547,27.299999237060547,27.299999237060547
2011-09-28,29300,27.469999313354492,26.8700008392334,27.469999313354492,26.6200008392334,26.8700008392334
2011-09-27,9300,27.899999618530273,27.739999771118164,27.899999618530273,27.469999313354492,27.739999771118164
2011-09-26,9400,27.059999465942383,26.940000534057617,27.059999465942383,26.600000381469727,26.940000534057617
2011-09-23,6100,27.5,26.809999465942383,27.5,26.809999465942383,26.809999465942383
2011-09-22,8300,28.0,27.59000015258789,28.020000457763672,27.559999465942383,27.59000015258789
2011-09-21,9600,29.06999969482422,28.8799991607666,29.200000762939453,28.479999542236328,28.8799991607666
2011-09-20,9500,29.299999237060547,29.170000076293945,29.299999237060547,29.15999984741211,29.170000076293945
2011-09-19,5600,30.0,29.229999542236328,30.0,29.09000015258789,29.229999542236328
2011-09-16,10100,29.850000381469727,29.59000015258789,29.8700008392334,29.56999969482422,29.59000015258789
2011-09-15,200,29.780000686645508,29.81999969482422,29.81999969482422,29.780000686645508,29.81999969482422
2011-09-14,0,30.09000015258789,30.09000015258789,30.09000015258789,30.09000015258789,30.09000015258789
2011-09-13,500,30.100000381469727,30.09000015258789,30.219999313354492,30.09000015258789,30.09000015258789
2011-09-12,4700,30.079999923706055,30.110000610351562,30.149999618530273,30.079999923706055,30.110000610351562
2011-09-09,800,30.149999618530273,30.350000381469727,30.350000381469727,30.149999618530273,30.350000381469727
2011-09-08,200,30.6200008392334,30.6200008392334,30.6200008392334,30.6200008392334,30.6200008392334
2011-09-07,800,30.579999923706055,30.510000228881836,30.639999389648438,30.510000228881836,30.510000228881836
2011-09-06,1600,30.540000915527344,30.049999237060547,30.540000915527344,30.049999237060547,30.049999237060547
2011-09-02,4000,30.59000015258789,30.700000762939453,30.700000762939453,30.5,30.700000762939453
2011-09-01,3500,30.809999465942383,30.770000457763672,30.809999465942383,30.719999313354492,30.770000457763672
2011-08-31,2300,30.8700008392334,30.969999313354492,30.969999313354492,30.8700008392334,30.969999313354492
2011-08-30,2400,30.670000076293945,30.850000381469727,30.850000381469727,30.670000076293945,30.850000381469727
2011-08-29,4000,30.93000030517578,30.520000457763672,30.93000030517578,30.479999542236328,30.520000457763672
2011-08-26,2300,29.920000076293945,29.979999542236328,29.979999542236328,29.920000076293945,29.979999542236328
2011-08-25,1400,29.850000381469727,29.989999771118164,29.989999771118164,29.850000381469727,29.989999771118164
2011-08-24,1000,30.010000228881836,29.860000610351562,30.010000228881836,29.860000610351562,29.860000610351562
2011-08-23,500,30.25,30.219999313354492,30.350000381469727,30.219999313354492,30.219999313354492
2011-08-22,2500,30.010000228881836,30.09000015258789,30.09000015258789,30.010000228881836,30.09000015258789
2011-08-19,400,30.0,30.059999465942383,30.059999465942383,30.0,30.059999465942383
2011-08-18,2700,29.530000686645508,29.649999618530273,29.700000762939453,29.530000686645508,29.649999618530273
2011-08-17,1800,30.190000534057617,30.149999618530273,30.229999542236328,30.079999923706055,30.149999618530273
2011-08-16,2700,29.420000076293945,29.889999389648438,29.979999542236328,29.420000076293945,29.889999389648438
2011-08-15,2300,29.940000534057617,29.850000381469727,29.940000534057617,29.729999542236328,29.850000381469727
2011-08-12,300,29.610000610351562,29.65999984741211,29.709999084472656,29.610000610351562,29.65999984741211
2011-08-11,900,29.6200008392334,29.6200008392334,29.6200008392334,29.6200008392334,29.6200008392334
2011-08-10,3800,29.209999084472656,29.139999389648438,29.209999084472656,29.100000381469727,29.139999389648438
2011-08-09,19200,28.809999465942383,29.209999084472656,29.25,28.719999313354492,29.209999084472656
2011-08-08,2500,29.170000076293945,28.770000457763672,29.170000076293945,28.770000457763672,28.770000457763672
2011-08-05,3000,29.739999771118164,29.34000015258789,29.739999771118164,29.079999923706055,29.34000015258789
2011-08-04,6000,30.459999084472656,29.700000762939453,30.459999084472656,29.610000610351562,29.700000762939453
2011-08-03,12000,30.559999465942383,30.600000381469727,30.670000076293945,30.450000762939453,30.600000381469727
2011-08-02,4800,30.719999313354492,30.90999984741211,30.90999984741211,30.649999618530273,30.90999984741211
2011-08-01,900,31.170000076293945,30.600000381469727,31.170000076293945,30.600000381469727,30.600000381469727
2011-07-29,200,30.920000076293945,30.719999313354492,30.920000076293945,30.719999313354492,30.719999313354492
2011-07-28,800,31.049999237060547,31.0,31.049999237060547,31.0,31.0
2011-07-27,800,31.200000762939453,31.219999313354492,31.34000015258789,31.200000762939453,31.219999313354492
2011-07-26,800,31.25,31.360000610351562,31.360000610351562,30.950000762939453,31.360000610351562
2011-07-25,1400,31.239999771118164,31.0,31.239999771118164,30.979999542236328,31.0
2011-07-22,1900,31.190000534057617,31.1299991607666,31.200000762939453,31.09000015258789,31.1299991607666
2011-07-21,0,31.100000381469727,31.100000381469727,31.100000381469727,31.100000381469727,31.100000381469727
2011-07-20,1400,31.09000015258789,31.100000381469727,31.149999618530273,30.979999542236328,31.100000381469727
2011-07-19,700,31.170000076293945,31.110000610351562,31.170000076293945,31.049999237060547,31.110000610351562
2011-07-18,900,30.75,30.969999313354492,30.969999313354492,30.75,30.969999313354492
2011-07-15,2100,30.90999984741211,31.06999969482422,31.06999969482422,30.90999984741211,31.06999969482422
2011-07-14,5700,31.309999465942383,30.75,31.309999465942383,30.639999389648438,30.75
2011-07-13,1300,30.829999923706055,31.1200008392334,31.15999984741211,30.829999923706055,31.1200008392334
2011-07-12,4500,30.299999237060547,30.639999389648438,30.639999389648438,30.299999237060547,30.639999389648438
2011-07-11,500,30.200000762939453,30.0,30.200000762939453,30.0,30.0
2011-07-08,300,30.139999389648438,30.360000610351562,30.360000610351562,30.139999389648438,30.360000610351562
2011-07-07,1300,30.389999389648438,30.420000076293945,30.420000076293945,30.18000030517578,30.420000076293945
2011-07-06,900,30.190000534057617,30.049999237060547,30.190000534057617,30.049999237060547,30.049999237060547
2011-07-05,3300,30.1200008392334,30.049999237060547,30.149999618530273,30.049999237060547,30.049999237060547
2011-07-01,100,29.670000076293945,29.670000076293945,29.670000076293945,29.670000076293945,29.670000076293945
2011-06-30,13500,29.670000076293945,29.719999313354492,29.84000015258789,29.6299991607666,29.719999313354492
2011-06-29,9800,29.90999984741211,30.0,30.139999389648438,29.81999969482422,30.0
2011-06-28,4000,29.290000915527344,29.600000381469727,29.670000076293945,29.290000915527344,29.600000381469727
2011-06-27,2700,29.479999542236328,29.25,29.479999542236328,29.09000015258789,29.25
2011-06-24,1400,29.260000228881836,29.420000076293945,29.5,29.260000228881836,29.420000076293945
2011-06-23,7400,29.670000076293945,29.510000228881836,29.670000076293945,29.209999084472656,29.510000228881836
2011-06-22,2400,30.09000015258789,30.1299991607666,30.209999084472656,30.09000015258789,30.1299991607666
2011-06-21,500,30.260000228881836,30.190000534057617,30.260000228881836,30.190000534057617,30.190000534057617
2011-06-20,1200,30.0,29.969999313354492,30.0,29.950000762939453,29.969999313354492
2011-06-17,4800,30.229999542236328,30.0,30.229999542236328,30.0,30.0
2011-06-16,2400,30.31999969482422,30.219999313354492,30.31999969482422,30.200000762939453,30.219999313354492
2011-06-15,4100,30.899999618530273,30.5,30.899999618530273,30.229999542236328,30.5
2011-06-14,2700,30.81999969482422,30.899999618530273,30.899999618530273,30.81999969482422,30.899999618530273
2011-06-13,2800,31.299999237060547,30.969999313354492,31.299999237060547,30.760000228881836,30.969999313354492
2011-06-10,5700,31.200000762939453,31.239999771118164,31.5,31.049999237060547,31.239999771118164
2011-06-09,4400,31.75,31.549999237060547,31.799999237060547,31.479999542236328,31.549999237060547
2011-06-08,2200,31.229999542236328,31.299999237060547,31.43000030517578,31.149999618530273,31.299999237060547
2011-06-07,800,31.229999542236328,31.280000686645508,31.280000686645508,31.010000228881836,31.280000686645508
2011-06-06,600,31.479999542236328,31.399999618530273,31.479999542236328,31.399999618530273,31.399999618530273
2011-06-03,700,31.360000610351562,31.3799991607666,31.3799991607666,31.18000030517578,31.3799991607666
2011-06-02,4900,31.200000762939453,31.309999465942383,31.309999465942383,31.200000762939453,31.309999465942383
2011-06-01,1900,31.18000030517578,31.209999084472656,31.350000381469727,31.06999969482422,31.209999084472656
2011-05-31,3400,31.559999465942383,31.489999771118164,31.56999969482422,31.440000534057617,31.489999771118164
2011-05-27,5100,31.34000015258789,31.15999984741211,31.34000015258789,31.15999984741211,31.15999984741211
2011-05-26,900,30.780000686645508,30.90999984741211,31.020000457763672,30.780000686645508,30.90999984741211
2011-05-25,1600,30.799999237060547,30.90999984741211,30.969999313354492,30.790000915527344,30.90999984741211
2011-05-24,3700,30.639999389648438,30.649999618530273,30.940000534057617,30.639999389648438,30.649999618530273
2011-05-23,7600,30.3700008392334,30.469999313354492,30.989999771118164,30.299999237060547,30.469999313354492
2011-05-20,300,30.40999984741211,30.3700008392334,30.40999984741211,30.3700008392334,30.3700008392334
2011-05-19,3900,31.420000076293945,30.489999771118164,31.420000076293945,30.3799991607666,30.489999771118164
2011-05-18,11000,30.360000610351562,31.170000076293945,31.170000076293945,30.219999313354492,31.170000076293945
2011-05-17,2000,30.219999313354492,29.959999084472656,30.40999984741211,29.75,29.959999084472656
2011-05-16,3200,30.559999465942383,30.209999084472656,30.969999313354492,30.209999084472656,30.209999084472656
2011-05-13,2500,31.010000228881836,30.260000228881836,31.110000610351562,29.959999084472656,30.260000228881836
2011-05-12,4500,29.739999771118164,30.139999389648438,30.200000762939453,29.65999984741211,30.139999389648438
2011-05-11,2900,30.850000381469727,30.530000686645508,31.149999618530273,30.489999771118164,30.530000686645508
2011-05-10,900,30.850000381469727,31.049999237060547,31.360000610351562,30.850000381469727,31.049999237060547
2011-05-09,3900,30.639999389648438,30.989999771118164,31.030000686645508,30.489999771118164,30.989999771118164
2011-05-06,5000,30.850000381469727,30.139999389648438,30.850000381469727,30.079999923706055,30.139999389648438
2011-05-05,31900,31.3700008392334,30.31999969482422,31.3700008392334,30.0,30.31999969482422
2011-05-04,2600,32.0,31.979999542236328,32.0,31.84000015258789,31.979999542236328
2011-05-03,5700,32.66999816894531,32.470001220703125,32.689998626708984,32.400001525878906,32.470001220703125
2011-05-02,11000,33.650001525878906,32.81999969482422,33.650001525878906,32.779998779296875,32.81999969482422
2011-04-29,4800,32.97999954223633,33.209999084472656,33.22999954223633,32.7400016784668,33.209999084472656
2011-04-28,6800,32.689998626708984,32.7599983215332,33.04999923706055,32.689998626708984,32.7599983215332
2011-04-27,4100,32.599998474121094,32.779998779296875,32.84000015258789,32.599998474121094,32.779998779296875
2011-04-26,3700,33.0,32.900001525878906,33.0,32.810001373291016,32.900001525878906
2011-04-25,7800,33.65999984741211,33.0,33.65999984741211,32.4900016784668,33.0
2011-04-21,1200,32.95000076293945,32.68000030517578,32.95000076293945,32.68000030517578,32.68000030517578
2011-04-20,8000,32.880001068115234,32.68000030517578,32.880001068115234,32.59000015258789,32.68000030517578
2011-04-19,1400,32.099998474121094,32.349998474121094,32.369998931884766,32.060001373291016,32.349998474121094
2011-04-18,31000,32.150001525878906,32.15999984741211,32.220001220703125,31.899999618530273,32.15999984741211
2011-04-15,2000,32.439998626708984,32.220001220703125,32.439998626708984,31.979999542236328,32.220001220703125
2011-04-14,5200,32.060001373291016,32.18000030517578,32.209999084472656,32.060001373291016,32.18000030517578
2011-04-13,1300,32.15999984741211,31.920000076293945,32.15999984741211,31.920000076293945,31.920000076293945
2011-04-12,6700,32.4900016784668,32.060001373291016,32.4900016784668,31.93000030517578,32.060001373291016
2011-04-11,14200,33.06999969482422,32.75,33.06999969482422,32.68000030517578,32.75
2011-04-08,10300,32.4900016784668,32.779998779296875,32.83000183105469,32.4900016784668,32.779998779296875
2011-04-07,4100,32.68000030517578,32.529998779296875,32.68000030517578,32.25,32.529998779296875
2011-04-06,10300,32.68000030517578,32.5,32.849998474121094,32.43000030517578,32.5
2011-04-05,400,32.209999084472656,32.400001525878906,32.400001525878906,32.209999084472656,32.400001525878906
2011-04-04,1000,32.220001220703125,32.29999923706055,32.31999969482422,32.220001220703125,32.29999923706055
2011-04-01,3100,32.06999969482422,32.220001220703125,32.220001220703125,31.969999313354492,32.220001220703125
2011-03-31,7000,31.889999389648438,32.11000061035156,32.119998931884766,31.860000610351562,32.11000061035156
2011-03-30,3000,31.510000228881836,31.559999465942383,31.559999465942383,31.40999984741211,31.559999465942383
2011-03-29,300,31.56999969482422,31.5,31.56999969482422,31.5,31.5
2011-03-28,3200,31.989999771118164,31.68000030517578,31.989999771118164,31.68000030517578,31.68000030517578
2011-03-25,900,31.969999313354492,32.029998779296875,32.029998779296875,31.969999313354492,32.029998779296875
2011-03-24,2300,31.799999237060547,31.829999923706055,31.829999923706055,31.6299991607666,31.829999923706055
2011-03-23,2600,31.68000030517578,31.600000381469727,31.700000762939453,31.600000381469727,31.600000381469727
2011-03-22,100,31.440000534057617,31.440000534057617,31.440000534057617,31.440000534057617,31.440000534057617
2011-03-21,6000,31.3799991607666,31.299999237060547,31.420000076293945,31.239999771118164,31.299999237060547
2011-03-18,500,31.059999465942383,31.139999389648438,31.139999389648438,31.059999465942383,31.139999389648438
2011-03-17,34600,29.510000228881836,30.81999969482422,30.850000381469727,29.510000228881836,30.81999969482422
2011-03-16,3000,30.309999465942383,29.84000015258789,30.34000015258789,29.719999313354492,29.84000015258789
2011-03-15,2900,29.940000534057617,29.850000381469727,30.020000457763672,29.799999237060547,29.850000381469727
2011-03-14,4600,30.200000762939453,30.780000686645508,30.799999237060547,30.200000762939453,30.780000686645508
2011-03-11,6700,30.899999618530273,30.899999618530273,30.93000030517578,30.530000686645508,30.899999618530273
2011-03-10,5300,31.110000610351562,31.110000610351562,31.110000610351562,30.989999771118164,31.110000610351562
2011-03-09,6600,31.600000381469727,31.530000686645508,31.600000381469727,31.40999984741211,31.530000686645508
2011-03-08,4600,32.09000015258789,31.639999389648438,32.09000015258789,31.639999389648438,31.639999389648438
2011-03-07,12100,31.850000381469727,31.920000076293945,32.45000076293945,31.850000381469727,31.920000076293945
2011-03-04,13900,32.0099983215332,31.850000381469727,32.029998779296875,31.850000381469727,31.850000381469727
2011-03-03,4100,31.700000762939453,31.8799991607666,31.8799991607666,31.700000762939453,31.8799991607666
2011-03-02,6800,31.770000457763672,31.809999465942383,31.809999465942383,31.59000015258789,31.809999465942383
2011-03-01,2700,31.5,31.610000610351562,31.610000610351562,31.389999389648438,31.610000610351562
2011-02-28,3200,31.469999313354492,31.450000762939453,31.530000686645508,31.34000015258789,31.450000762939453
2011-02-25,5800,30.8799991607666,31.260000228881836,31.34000015258789,30.8799991607666,31.260000228881836
2011-02-24,7000,30.889999389648438,31.0,31.0,30.889999389648438,31.0
2011-02-23,2300,30.5,30.93000030517578,30.93000030517578,30.5,30.93000030517578
2011-02-22,12700,31.0,30.670000076293945,31.450000762939453,30.520000457763672,30.670000076293945
2011-02-18,16400,31.079999923706055,30.860000610351562,31.079999923706055,30.84000015258789,30.860000610351562
2011-02-17,11000,30.559999465942383,30.899999618530273,31.190000534057617,30.559999465942383,30.899999618530273
2011-02-16,1900,30.56999969482422,30.489999771118164,30.65999984741211,30.489999771118164,30.489999771118164
2011-02-15,3300,30.790000915527344,30.6299991607666,30.790000915527344,30.389999389648438,30.6299991607666
2011-02-14,6900,30.950000762939453,30.75,31.010000228881836,30.75,30.75
2011-02-11,3500,30.790000915527344,30.790000915527344,30.829999923706055,30.690000534057617,30.790000915527344
2011-02-10,6600,31.0,30.790000915527344,31.649999618530273,30.790000915527344,30.790000915527344
2011-02-09,11000,31.1200008392334,31.0,31.260000228881836,30.239999771118164,31.0
2011-02-08,6800,31.610000610351562,30.8700008392334,31.610000610351562,30.8700008392334,30.8700008392334
2011-02-07,2500,31.68000030517578,30.989999771118164,31.68000030517578,30.950000762939453,30.989999771118164
2011-02-04,5700,31.850000381469727,31.079999923706055,31.850000381469727,31.030000686645508,31.079999923706055
2011-02-03,2700,31.790000915527344,31.1299991607666,31.790000915527344,31.1299991607666,31.1299991607666
2011-02-02,3200,31.280000686645508,31.34000015258789,31.34000015258789,31.18000030517578,31.34000015258789
2011-02-01,1900,31.100000381469727,31.110000610351562,31.809999465942383,31.020000457763672,31.110000610351562
2011-01-31,5400,30.8799991607666,31.030000686645508,31.040000915527344,30.579999923706055,31.030000686645508
2011-01-28,1200,30.440000534057617,30.540000915527344,30.579999923706055,30.440000534057617,30.540000915527344
2011-01-27,4400,30.950000762939453,30.239999771118164,31.1299991607666,30.200000762939453,30.239999771118164
2011-01-26,7500,29.850000381469727,30.420000076293945,30.420000076293945,29.850000381469727,30.420000076293945
2011-01-25,5700,30.950000762939453,29.940000534057617,30.950000762939453,29.850000381469727,29.940000534057617
2011-01-24,10700,31.059999465942383,30.459999084472656,31.059999465942383,30.399999618530273,30.459999084472656
2011-01-21,1300,30.489999771118164,30.549999237060547,30.6299991607666,30.489999771118164,30.549999237060547
2011-01-20,5500,30.25,30.40999984741211,30.40999984741211,30.06999969482422,30.40999984741211
2011-01-19,4600,30.719999313354492,30.510000228881836,30.739999771118164,30.510000228881836,30.510000228881836
2011-01-18,6600,30.719999313354492,30.700000762939453,30.770000457763672,30.549999237060547,30.700000762939453
2011-01-14,7700,30.479999542236328,30.6299991607666,30.6299991607666,30.43000030517578,30.6299991607666
2011-01-13,15100,30.700000762939453,30.520000457763672,30.799999237060547,30.520000457763672,30.520000457763672
2011-01-12,8300,30.829999923706055,30.809999465942383,30.829999923706055,30.639999389648438,30.809999465942383
2011-01-11,2900,30.299999237060547,30.3799991607666,30.389999389648438,30.200000762939453,30.3799991607666
2011-01-10,3100,30.020000457763672,30.059999465942383,30.059999465942383,29.920000076293945,30.059999465942383
2011-01-07,1000,30.25,29.81999969482422,30.25,29.81999969482422,29.81999969482422
2011-01-06,5200,30.729999542236328,30.020000457763672,30.729999542236328,30.020000457763672,30.020000457763672
2011-01-05,8700,29.950000762939453,30.420000076293945,30.420000076293945,28.809999465942383,30.420000076293945
2011-01-04,5000,31.0,30.200000762939453,31.0,30.139999389648438,30.200000762939453
2011-01-03,4100,31.6299991607666,30.780000686645508,31.6299991607666,30.75,30.780000686645508
2010-12-31,15400,30.59000015258789,30.600000381469727,30.770000457763672,30.3799991607666,30.600000381469727
2010-12-30,3800,30.3799991607666,30.209999084472656,30.3799991607666,30.06999969482422,30.209999084472656
2010-12-29,200,30.540000915527344,30.420000076293945,30.540000915527344,30.420000076293945,30.420000076293945
2010-12-28,6900,30.549999237060547,30.399999618530273,30.549999237060547,30.270000457763672,30.399999618530273
2010-12-27,3000,30.459999084472656,30.450000762939453,30.850000381469727,30.06999969482422,30.450000762939453
2010-12-23,2100,30.0,30.079999923706055,30.079999923706055,29.899999618530273,30.079999923706055
2010-12-22,2000,29.829999923706055,29.979999542236328,29.979999542236328,29.829999923706055,29.979999542236328
2010-12-21,5600,29.979999542236328,29.889999389648438,29.979999542236328,29.700000762939453,29.889999389648438
2010-12-20,3800,29.469999313354492,29.829999923706055,29.829999923706055,29.469999313354492,29.829999923706055
2010-12-17,1000,29.229999542236328,29.229999542236328,29.229999542236328,29.229999542236328,29.229999542236328
2010-12-16,3900,29.18000030517578,29.06999969482422,29.18000030517578,29.020000457763672,29.06999969482422
2010-12-15,90700,29.600000381469727,29.229999542236328,30.0,29.200000762939453,29.229999542236328
2010-12-14,24400,29.59000015258789,29.540000915527344,29.59000015258789,29.399999618530273,29.540000915527344
2010-12-13,9400,29.440000534057617,29.450000762939453,29.600000381469727,29.40999984741211,29.450000762939453
2010-12-10,48900,29.1200008392334,29.040000915527344,29.299999237060547,28.93000030517578,29.040000915527344
2010-12-09,17500,29.25,29.079999923706055,29.25,29.079999923706055,29.079999923706055
2010-12-08,4200,29.280000686645508,29.219999313354492,29.34000015258789,29.030000686645508,29.219999313354492
2010-12-07,2000,29.670000076293945,29.299999237060547,29.700000762939453,29.299999237060547,29.299999237060547
2010-12-06,100,29.290000915527344,29.290000915527344,29.290000915527344,29.290000915527344,29.290000915527344
2010-12-03,5300,28.979999542236328,29.100000381469727,29.260000228881836,28.8799991607666,29.100000381469727
2010-12-02,5300,28.670000076293945,28.65999984741211,28.8799991607666,28.600000381469727,28.65999984741211
2010-12-01,900,27.059999465942383,28.6200008392334,28.6200008392334,27.059999465942383,28.6200008392334
2010-11-30,5900,28.0,27.829999923706055,28.0,27.510000228881836,27.829999923706055
2010-11-29,900,27.809999465942383,27.860000610351562,27.959999084472656,27.639999389648438,27.860000610351562
2010-11-26,2200,27.739999771118164,27.799999237060547,27.989999771118164,27.739999771118164,27.799999237060547
2010-11-24,800,27.5,27.93000030517578,27.989999771118164,27.5,27.93000030517578
2010-11-23,0,27.6200008392334,27.6200008392334,27.6200008392334,27.6200008392334,27.6200008392334
2010-11-22,8900,28.34000015258789,27.6200008392334,28.34000015258789,27.260000228881836,27.6200008392334
2010-11-19,1800,27.600000381469727,27.690000534057617,27.690000534057617,27.010000228881836,27.690000534057617
2010-11-18,2100,27.670000076293945,27.860000610351562,27.860000610351562,27.5,27.860000610351562
2010-11-17,23400,27.209999084472656,27.100000381469727,27.3700008392334,26.93000030517578,27.100000381469727
2010-11-16,8100,27.459999084472656,26.75,28.290000915527344,26.75,26.75
2010-11-15,19400,28.25,27.809999465942383,29.219999313354492,27.239999771118164,27.809999465942383
2010-11-12,19900,28.719999313354492,28.139999389648438,29.790000915527344,27.520000457763672,28.139999389648438
2010-11-11,23900,29.540000915527344,29.15999984741211,29.540000915527344,29.1299991607666,29.15999984741211
2010-11-10,15700,30.149999618530273,29.34000015258789,30.149999618530273,29.149999618530273,29.34000015258789
2010-11-09,20400,29.739999771118164,29.299999237060547,30.049999237060547,29.299999237060547,29.299999237060547
2010-11-08,6300,29.06999969482422,29.25,29.25,28.829999923706055,29.25
2010-11-05,6400,29.010000228881836,29.06999969482422,29.079999923706055,28.780000686645508,29.06999969482422
2010-11-04,11000,28.639999389648438,28.93000030517578,28.93000030517578,28.639999389648438,28.93000030517578
2010-11-03,2000,28.049999237060547,28.209999084472656,28.209999084472656,27.989999771118164,28.209999084472656
2010-11-02,6700,28.06999969482422,28.190000534057617,28.209999084472656,28.030000686645508,28.190000534057617
2010-11-01,5300,28.06999969482422,27.979999542236328,28.25,27.979999542236328,27.979999542236328
2010-10-29,3000,27.75,27.899999618530273,27.899999618530273,27.700000762939453,27.899999618530273
2010-10-28,1400,27.850000381469727,27.75,27.860000610351562,27.75,27.75
2010-10-27,2000,27.5,27.600000381469727,27.600000381469727,27.5,27.600000381469727
2010-10-26,1600,27.719999313354492,27.899999618530273,27.899999618530273,27.68000030517578,27.899999618530273
2010-10-25,3600,27.93000030517578,27.729999542236328,27.93000030517578,27.65999984741211,27.729999542236328
2010-10-22,6800,27.56999969482422,27.510000228881836,27.56999969482422,27.399999618530273,27.510000228881836
2010-10-21,14200,27.989999771118164,27.420000076293945,27.989999771118164,27.420000076293945,27.420000076293945
2010-10-20,1200,27.18000030517578,27.739999771118164,27.790000915527344,27.18000030517578,27.739999771118164
2010-10-19,4900,27.030000686645508,27.020000457763672,27.209999084472656,27.020000457763672,27.020000457763672
2010-10-18,3300,27.690000534057617,27.799999237060547,27.799999237060547,27.600000381469727,27.799999237060547
2010-10-15,800,27.959999084472656,27.829999923706055,27.959999084472656,27.829999923706055,27.829999923706055
2010-10-14,3900,27.600000381469727,28.0,28.010000228881836,27.600000381469727,28.0
2010-10-13,6600,28.0,28.030000686645508,28.399999618530273,28.0,28.030000686645508
2010-10-12,0,27.649999618530273,27.649999618530273,27.649999618530273,27.649999618530273,27.649999618530273
2010-10-11,5000,27.709999084472656,27.649999618530273,28.489999771118164,27.549999237060547,27.649999618530273
2010-10-08,3800,25.8700008392334,27.559999465942383,28.0,25.829999923706055,27.559999465942383
2010-10-07,3100,27.0,26.56999969482422,27.0,26.450000762939453,26.56999969482422
2010-10-06,1300,26.889999389648438,26.8700008392334,26.950000762939453,26.8700008392334,26.8700008392334
2010-10-05,300,26.309999465942383,26.75,26.75,26.309999465942383,26.75
2010-10-04,400,26.239999771118164,26.1200008392334,26.239999771118164,26.1200008392334,26.1200008392334
2010-10-01,400,26.799999237060547,26.510000228881836,26.799999237060547,26.510000228881836,26.510000228881836
2010-09-30,1000,27.15999984741211,27.0,27.15999984741211,26.450000762939453,27.0
2010-09-29,200,26.579999923706055,26.579999923706055,26.579999923706055,26.579999923706055,26.579999923706055
2010-09-28,100,26.600000381469727,26.600000381469727,26.600000381469727,26.600000381469727,26.600000381469727
2010-09-27,200,26.600000381469727,26.600000381469727,26.600000381469727,26.600000381469727,26.600000381469727
2010-09-24,0,26.290000915527344,26.290000915527344,26.290000915527344,26.290000915527344,26.290000915527344
2010-09-23,1600,26.350000381469727,26.290000915527344,26.350000381469727,25.850000381469727,26.290000915527344
2010-09-22,1400,26.25,26.25,26.25,26.25,26.25
2010-09-21,1000,26.360000610351562,26.190000534057617,26.360000610351562,26.190000534057617,26.190000534057617
2010-09-20,1100,26.5,26.450000762939453,26.5,26.100000381469727,26.450000762939453
2010-09-17,1000,26.149999618530273,26.149999618530273,26.149999618530273,26.149999618530273,26.149999618530273
2010-09-16,0,26.149999618530273,26.149999618530273,26.149999618530273,26.149999618530273,26.149999618530273
2010-09-15,200,26.149999618530273,26.149999618530273,26.149999618530273,26.149999618530273,26.149999618530273
2010-09-14,0,26.170000076293945,26.170000076293945,26.170000076293945,26.170000076293945,26.170000076293945
2010-09-13,600,26.190000534057617,26.170000076293945,26.200000762939453,26.170000076293945,26.170000076293945
2010-09-10,600,25.81999969482422,25.850000381469727,25.850000381469727,25.81999969482422,25.850000381469727
2010-09-09,300,25.25,25.25,25.25,25.25,25.25
2010-09-08,0,25.5,25.5,25.5,25.5,25.5
2010-09-07,1300,25.649999618530273,25.5,25.649999618530273,25.40999984741211,25.5
2010-09-03,1200,25.5,25.729999542236328,25.729999542236328,25.5,25.729999542236328
2010-09-02,0,25.010000228881836,25.010000228881836,25.010000228881836,25.010000228881836,25.010000228881836
2010-09-01,700,24.860000610351562,25.010000228881836,25.010000228881836,24.860000610351562,25.010000228881836
2010-08-31,0,25.0,25.0,25.0,25.0,25.0
2010-08-30,7200,25.25,25.0,25.25,25.0,25.0
2010-08-27,800,24.530000686645508,24.950000762939453,24.950000762939453,24.530000686645508,24.950000762939453
2010-08-26,1300,24.510000228881836,24.489999771118164,24.510000228881836,24.469999313354492,24.489999771118164
2010-08-25,0,24.299999237060547,24.299999237060547,24.299999237060547,24.299999237060547,24.299999237060547
2010-08-24,700,24.299999237060547,24.299999237060547,24.299999237060547,24.299999237060547,24.299999237060547
2010-08-23,2300,24.969999313354492,24.65999984741211,24.979999542236328,24.649999618530273,24.65999984741211
2010-08-20,3000,25.040000915527344,24.709999084472656,25.040000915527344,24.709999084472656,24.709999084472656
2010-08-19,0,25.0,25.0,25.0,25.0,25.0
2010-08-18,1700,24.760000228881836,25.0,25.0,24.760000228881836,25.0
2010-08-17,200,25.0,25.0,25.0,25.0,25.0
2010-08-16,9500,25.440000534057617,24.790000915527344,25.440000534057617,24.790000915527344,24.790000915527344
2010-08-13,2200,23.829999923706055,24.860000610351562,24.860000610351562,23.829999923706055,24.860000610351562
2010-08-12,0,25.350000381469727,25.350000381469727,25.350000381469727,25.350000381469727,25.350000381469727
2010-08-11,0,25.350000381469727,25.350000381469727,25.350000381469727,25.350000381469727,25.350000381469727
2010-08-10,0,25.350000381469727,25.350000381469727,25.350000381469727,25.350000381469727,25.350000381469727
2010-08-09,700,26.0,25.350000381469727,26.0,25.350000381469727,25.350000381469727
2010-08-06,0,25.75,25.75,25.75,25.75,25.75
2010-08-05,9900,25.75,25.75,25.75,25.75,25.75
2010-08-04,1100,25.600000381469727,25.899999618530273,25.899999618530273,25.600000381469727,25.899999618530273
2010-08-03,1700,25.149999618530273,25.350000381469727,25.700000762939453,25.149999618530273,25.350000381469727
2010-08-02,3300,25.270000457763672,25.75,25.75,25.270000457763672,25.75
2010-07-30,8200,25.0,25.399999618530273,25.459999084472656,25.0,25.399999618530273
2010-07-29,0,24.25,24.25,24.25,24.25,24.25
2010-07-28,0,24.25,24.25,24.25,24.25,24.25
2010-07-27,1000,24.350000381469727,24.25,24.350000381469727,24.25,24.25
2010-07-26,600,24.25,24.799999237060547,24.799999237060547,24.25,24.799999237060547
2010-07-23,300,24.360000610351562,24.350000381469727,24.829999923706055,24.350000381469727,24.350000381469727
2010-07-22,600,24.100000381469727,24.100000381469727,24.100000381469727,24.100000381469727,24.100000381469727
2010-07-21,0,24.280000686645508,24.280000686645508,24.280000686645508,24.280000686645508,24.280000686645508
2010-07-20,0,24.280000686645508,24.280000686645508,24.280000686645508,24.280000686645508,24.280000686645508
2010-07-19,2600,25.190000534057617,24.280000686645508,25.190000534057617,24.280000686645508,24.280000686645508
2010-07-16,0,24.5,24.5,24.5,24.5,24.5
2010-07-15,200,24.5,24.5,24.5,24.5,24.5
2010-07-14,0,24.299999237060547,24.299999237060547,24.299999237060547,24.299999237060547,24.299999237060547
2010-07-13,0,24.299999237060547,24.299999237060547,24.299999237060547,24.299999237060547,24.299999237060547
2010-07-12,1100,24.0,24.299999237060547,24.299999237060547,24.0,24.299999237060547
2010-07-09,0,23.950000762939453,23.950000762939453,23.950000762939453,23.950000762939453,23.950000762939453
2010-07-08,8400,24.25,23.950000762939453,24.25,23.799999237060547,23.950000762939453
2010-07-07,0,23.5,23.5,23.5,23.5,23.5
2010-07-06,1000,23.5,23.5,23.5,23.5,23.5
2010-07-02,100,23.5,23.5,23.5,23.5,23.5
2010-07-01,3700,23.600000381469727,23.700000762939453,23.700000762939453,23.40999984741211,23.700000762939453
2010-06-30,500,23.639999389648438,23.68000030517578,23.68000030517578,23.639999389648438,23.68000030517578
2010-06-29,0,24.5,24.5,24.5,24.5,24.5
2010-06-28,0,24.5,24.5,24.5,24.5,24.5
2010-06-25,300,24.5,24.5,24.5,24.5,24.5
2010-06-24,200,24.25,24.25,24.25,24.25,24.25
2010-06-23,1000,24.1299991607666,23.899999618530273,24.1299991607666,23.899999618530273,23.899999618530273
2010-06-22,0,24.18000030517578,24.18000030517578,24.18000030517578,24.18000030517578,24.18000030517578
2010-06-21,0,24.18000030517578,24.18000030517578,24.18000030517578,24.18000030517578,24.18000030517578
2010-06-18,100,24.18000030517578,24.18000030517578,24.18000030517578,24.18000030517578,24.18000030517578
2010-06-17,200,24.31999969482422,24.31999969482422,24.31999969482422,24.31999969482422,24.31999969482422
2010-06-16,100,24.420000076293945,24.420000076293945,24.420000076293945,24.420000076293945,24.420000076293945
2010-06-15,300,24.260000228881836,24.209999084472656,24.260000228881836,24.209999084472656,24.209999084472656
2010-06-14,0,23.530000686645508,23.530000686645508,23.530000686645508,23.530000686645508,23.530000686645508
2010-06-11,2400,23.40999984741211,23.530000686645508,23.530000686645508,22.829999923706055,23.530000686645508
2010-06-10,100,23.690000534057617,23.690000534057617,23.690000534057617,23.690000534057617,23.690000534057617
2010-06-09,2500,23.350000381469727,23.280000686645508,23.360000610351562,22.6200008392334,23.280000686645508
2010-06-08,0,23.0,23.0,23.0,23.0,23.0
2010-06-07,8300,23.010000228881836,23.0,23.010000228881836,21.530000686645508,23.0
2010-06-04,100,23.020000457763672,23.020000457763672,23.020000457763672,23.020000457763672,23.020000457763672
2010-06-03,0,23.6200008392334,23.6200008392334,23.6200008392334,23.6200008392334,23.6200008392334
2010-06-02,700,23.549999237060547,23.6200008392334,23.6200008392334,23.549999237060547,23.6200008392334
2010-06-01,0,23.65999984741211,23.65999984741211,23.65999984741211,23.65999984741211,23.65999984741211
2010-05-28,0,23.65999984741211,23.65999984741211,23.65999984741211,23.65999984741211,23.65999984741211
2010-05-27,0,23.65999984741211,23.65999984741211,23.65999984741211,23.65999984741211,23.65999984741211
2010-05-26,600,23.399999618530273,23.65999984741211,23.65999984741211,23.399999618530273,23.65999984741211
2010-05-25,600,23.399999618530273,23.399999618530273,23.399999618530273,23.399999618530273,23.399999618530273
2010-05-24,700,23.420000076293945,23.420000076293945,23.420000076293945,23.420000076293945,23.420000076293945
2010-05-21,2000,23.0,23.420000076293945,23.420000076293945,23.0,23.420000076293945
2010-05-20,3900,23.229999542236328,23.15999984741211,23.25,23.079999923706055,23.15999984741211
2010-05-19,3700,23.5,23.489999771118164,23.5,22.829999923706055,23.489999771118164
2010-05-18,1300,24.110000610351562,23.739999771118164,24.110000610351562,23.700000762939453,23.739999771118164
2010-05-17,2500,24.229999542236328,23.799999237060547,24.229999542236328,23.799999237060547,23.799999237060547
2010-05-14,3200,24.690000534057617,24.25,24.850000381469727,24.25,24.25
2010-05-13,76200,24.75,24.950000762939453,24.950000762939453,24.75,24.950000762939453
2010-05-12,2700,24.940000534057617,24.969999313354492,25.0,24.790000915527344,24.969999313354492
2010-05-11,400,24.610000610351562,24.610000610351562,24.610000610351562,24.610000610351562,24.610000610351562
2010-05-10,3300,24.770000457763672,24.75,25.020000457763672,24.75,24.75
2010-05-07,500,24.479999542236328,24.5,24.5,24.299999237060547,24.5
2010-05-06,400,24.510000228881836,24.510000228881836,24.649999618530273,24.510000228881836,24.510000228881836
2010-05-05,2700,24.829999923706055,24.5,24.829999923706055,24.5,24.5
2010-05-04,900,25.649999618530273,25.100000381469727,25.649999618530273,25.100000381469727,25.100000381469727
2010-05-03,0,25.549999237060547,25.549999237060547,25.549999237060547,25.549999237060547,25.549999237060547
2010-04-30,200,25.450000762939453,25.549999237060547,25.549999237060547,25.450000762939453,25.549999237060547
2010-04-29,0,25.290000915527344,25.290000915527344,25.290000915527344,25.290000915527344,25.290000915527344
2010-04-28,500,25.5,25.290000915527344,25.5,25.290000915527344,25.290000915527344
2010-04-27,3300,25.59000015258789,25.399999618530273,25.59000015258789,25.399999618530273,25.399999618530273
2010-04-26,2000,25.649999618530273,25.649999618530273,25.649999618530273,25.649999618530273,25.649999618530273
2010-04-23,200,25.799999237060547,25.799999237060547,25.799999237060547,25.799999237060547,25.799999237060547
2010-04-22,6700,25.68000030517578,25.90999984741211,26.860000610351562,25.68000030517578,25.90999984741211
2010-04-21,1000,25.75,25.75,25.75,25.549999237060547,25.75
2010-04-20,1600,25.479999542236328,25.3799991607666,25.479999542236328,25.3799991607666,25.3799991607666
2010-04-19,200,25.399999618530273,25.399999618530273,25.399999618530273,25.399999618530273,25.399999618530273
2010-04-16,400,25.6299991607666,25.649999618530273,25.649999618530273,25.6299991607666,25.649999618530273
2010-04-15,6200,25.93000030517578,25.93000030517578,25.93000030517578,25.899999618530273,25.93000030517578
2010-04-14,800,25.670000076293945,25.799999237060547,25.850000381469727,25.670000076293945,25.799999237060547
2010-04-13,2800,25.600000381469727,25.799999237060547,25.799999237060547,25.56999969482422,25.799999237060547
2010-04-12,3300,25.59000015258789,25.610000610351562,25.610000610351562,25.59000015258789,25.610000610351562
2010-04-09,800,25.5,25.59000015258789,25.600000381469727,25.5,25.59000015258789
2010-04-08,300,25.5,25.5,25.5,25.5,25.5
2010-04-07,3700,25.700000762939453,25.700000762939453,26.860000610351562,25.540000915527344,25.700000762939453
2010-04-06,21300,25.700000762939453,25.780000686645508,26.270000457763672,25.59000015258789,25.780000686645508
2010-04-05,7500,25.450000762939453,25.75,25.75,24.40999984741211,25.75
2010-04-01,3300,25.25,25.25,25.25,25.25,25.25
2010-03-31,1700,25.149999618530273,25.149999618530273,25.149999618530273,25.100000381469727,25.149999618530273
2010-03-30,2200,25.149999618530273,25.100000381469727,25.149999618530273,25.100000381469727,25.100000381469727
2010-03-29,2800,25.0,25.25,25.25,25.0,25.25
2010-03-26,11500,24.09000015258789,24.579999923706055,24.600000381469727,24.09000015258789,24.579999923706055
2010-03-25,1800,24.649999618530273,24.729999542236328,24.739999771118164,24.649999618530273,24.729999542236328
2010-03-24,3900,28.0,24.75,28.0,24.65999984741211,24.75
2010-03-23,3000,27.700000762939453,25.25,27.700000762939453,25.25,25.25
2010-03-22,1100,28.299999237060547,25.5,28.299999237060547,25.5,25.5
2010-03-19,400,26.0,26.0,26.0,26.0,26.0
2010-03-18,0,25.399999618530273,25.399999618530273,25.399999618530273,25.399999618530273,25.399999618530273
2010-03-17,1100,25.5,25.399999618530273,25.5,25.399999618530273,25.399999618530273
2010-03-16,0,24.920000076293945,24.920000076293945,24.920000076293945,24.920000076293945,24.920000076293945
2010-03-15,400,25.0,24.920000076293945,25.0,24.799999237060547,24.920000076293945
2010-03-12,1400,25.350000381469727,25.209999084472656,25.350000381469727,25.209999084472656,25.209999084472656
2010-03-11,100,25.350000381469727,25.350000381469727,25.350000381469727,25.350000381469727,25.350000381469727
2010-03-10,200,25.649999618530273,25.649999618530273,25.649999618530273,25.649999618530273,25.649999618530273
2010-03-09,1000,25.3799991607666,25.3799991607666,25.3799991607666,25.3799991607666,25.3799991607666
2010-03-08,100,25.59000015258789,25.59000015258789,25.59000015258789,25.59000015258789,25.59000015258789
2010-03-05,700,25.600000381469727,25.5,25.600000381469727,25.5,25.5
2010-03-04,3700,25.5,24.93000030517578,25.5,24.93000030517578,24.93000030517578
2010-03-03,300,25.850000381469727,25.850000381469727,25.850000381469727,25.850000381469727,25.850000381469727
2010-03-02,1100,25.450000762939453,25.549999237060547,25.549999237060547,25.450000762939453,25.549999237060547
2010-03-01,1500,25.75,25.299999237060547,25.75,25.299999237060547,25.299999237060547
2010-02-26,600,25.309999465942383,25.350000381469727,25.350000381469727,25.309999465942383,25.350000381469727
2010-02-25,0,25.200000762939453,25.200000762939453,25.200000762939453,25.200000762939453,25.200000762939453
2010-02-24,700,25.200000762939453,25.200000762939453,25.200000762939453,25.200000762939453,25.200000762939453
2010-02-23,4000,25.219999313354492,25.200000762939453,25.25,25.149999618530273,25.200000762939453
2010-02-22,4100,25.450000762939453,25.530000686645508,25.530000686645508,24.719999313354492,25.530000686645508
2010-02-19,3600,25.549999237060547,25.5,25.549999237060547,24.579999923706055,25.5
2010-02-18,0,25.25,25.25,25.25,25.25,25.25
2010-02-17,3600,25.360000610351562,25.25,25.360000610351562,24.579999923706055,25.25
2010-02-16,12300,29.770000457763672,25.600000381469727,29.770000457763672,25.280000686645508,25.600000381469727
2010-02-12,6500,24.68000030517578,24.809999465942383,24.850000381469727,24.6299991607666,24.809999465942383
2010-02-11,100,25.020000457763672,25.020000457763672,25.020000457763672,25.020000457763672,25.020000457763672
2010-02-10,0,24.59000015258789,24.59000015258789,24.59000015258789,24.59000015258789,24.59000015258789
2010-02-09,1000,24.59000015258789,24.59000015258789,24.59000015258789,24.59000015258789,24.59000015258789
2010-02-08,700,24.5,24.399999618530273,24.5,24.399999618530273,24.399999618530273
2010-02-05,5400,24.5,24.100000381469727,24.5,23.760000228881836,24.100000381469727
2010-02-04,1300,24.219999313354492,24.350000381469727,24.350000381469727,24.219999313354492,24.350000381469727
2010-02-03,100,25.049999237060547,25.049999237060547,25.049999237060547,25.049999237060547,25.049999237060547
2010-02-02,3000,25.049999237060547,25.049999237060547,25.049999237060547,25.049999237060547,25.049999237060547
2010-02-01,1500,24.700000762939453,24.719999313354492,24.75,24.700000762939453,24.719999313354492
2010-01-29,3700,24.770000457763672,24.149999618530273,24.790000915527344,24.149999618530273,24.149999618530273
2010-01-28,2900,24.899999618530273,24.81999969482422,25.0,24.770000457763672,24.81999969482422
2010-01-27,7100,25.0,24.75,25.600000381469727,24.75,24.75
2010-01-26,1600,25.420000076293945,25.34000015258789,25.920000076293945,25.34000015258789,25.34000015258789
2010-01-25,4800,25.68000030517578,25.6299991607666,25.889999389648438,25.6299991607666,25.6299991607666
2010-01-22,400,25.229999542236328,25.68000030517578,25.68000030517578,25.229999542236328,25.68000030517578
2010-01-21,1400,25.950000762939453,25.5,25.950000762939453,25.5,25.5
2010-01-20,3000,25.799999237060547,26.040000915527344,26.040000915527344,25.799999237060547,26.040000915527344
2010-01-19,2000,26.079999923706055,26.290000915527344,26.290000915527344,26.079999923706055,26.290000915527344
2010-01-15,1900,26.350000381469727,26.229999542236328,26.350000381469727,26.229999542236328,26.229999542236328
2010-01-14,4800,26.6299991607666,26.5,27.43000030517578,26.450000762939453,26.5
2010-01-13,1400,26.18000030517578,26.610000610351562,26.6200008392334,26.18000030517578,26.610000610351562
2010-01-12,6600,26.700000762939453,26.31999969482422,26.700000762939453,26.25,26.31999969482422
2010-01-11,5200,27.170000076293945,27.200000762939453,27.200000762939453,27.020000457763672,27.200000762939453
2010-01-08,8600,27.5,27.190000534057617,27.530000686645508,27.0,27.190000534057617
2010-01-07,89100,27.399999618530273,27.18000030517578,29.149999618530273,27.149999618530273,27.18000030517578
2010-01-06,11700,27.200000762939453,27.600000381469727,27.649999618530273,27.200000762939453,27.600000381469727
2010-01-05,37400,26.899999618530273,26.899999618530273,27.0,26.700000762939453,26.899999618530273
2010-01-04,1100,26.81999969482422,27.0,27.0,26.81999969482422,27.0
2009-12-31,2600,26.600000381469727,26.639999389648438,26.700000762939453,26.5,26.639999389648438
2009-12-30,3300,26.350000381469727,26.600000381469727,26.600000381469727,26.280000686645508,26.600000381469727
2009-12-29,1800,26.579999923706055,26.59000015258789,26.600000381469727,26.579999923706055,26.59000015258789
2009-12-28,4700,26.489999771118164,26.5,26.579999923706055,26.3700008392334,26.5
2009-12-24,0,26.100000381469727,26.100000381469727,26.100000381469727,26.100000381469727,26.100000381469727
2009-12-23,3400,25.649999618530273,26.100000381469727,26.100000381469727,25.649999618530273,26.100000381469727
2009-12-22,500,25.579999923706055,25.600000381469727,25.600000381469727,25.579999923706055,25.600000381469727
2009-12-21,1000,25.850000381469727,25.950000762939453,25.950000762939453,25.850000381469727,25.950000762939453
2009-12-18,2500,25.850000381469727,25.889999389648438,25.950000762939453,25.75,25.889999389648438
2009-12-17,3000,25.600000381469727,25.690000534057617,25.719999313354492,25.549999237060547,25.690000534057617
2009-12-16,4700,25.940000534057617,26.079999923706055,26.18000030517578,25.920000076293945,26.079999923706055
2009-12-15,3000,25.549999237060547,25.700000762939453,25.700000762939453,25.549999237060547,25.700000762939453
2009-12-14,1400,25.600000381469727,25.549999237060547,25.600000381469727,25.549999237060547,25.549999237060547
2009-12-11,2000,25.459999084472656,25.350000381469727,25.459999084472656,25.350000381469727,25.350000381469727
2009-12-10,1000,25.200000762939453,25.200000762939453,25.200000762939453,25.200000762939453,25.200000762939453
2009-12-09,3000,25.5,24.989999771118164,25.5,24.989999771118164,24.989999771118164
2009-12-08,1000,25.399999618530273,25.399999618530273,25.399999618530273,25.399999618530273,25.399999618530273
2009-12-07,0,25.8700008392334,25.8700008392334,25.8700008392334,25.8700008392334,25.8700008392334
2009-12-04,0,25.8700008392334,25.8700008392334,25.8700008392334,25.8700008392334,25.8700008392334
2009-12-03,1500,25.84000015258789,25.8700008392334,25.889999389648438,25.84000015258789,25.8700008392334
2009-12-02,1500,25.979999542236328,25.989999771118164,25.989999771118164,25.93000030517578,25.989999771118164
2009-12-01,1100,26.239999771118164,26.100000381469727,26.239999771118164,26.100000381469727,26.100000381469727
2009-11-30,5200,25.729999542236328,25.8700008392334,25.93000030517578,25.6299991607666,25.8700008392334
2009-11-27,1400,25.34000015258789,25.799999237060547,25.799999237060547,25.34000015258789,25.799999237060547
2009-11-25,1300,25.68000030517578,26.059999465942383,26.059999465942383,25.68000030517578,26.059999465942383
2009-11-24,1000,25.469999313354492,25.489999771118164,25.489999771118164,25.469999313354492,25.489999771118164
2009-11-23,0,25.530000686645508,25.530000686645508,25.530000686645508,25.530000686645508,25.530000686645508
2009-11-20,600,25.530000686645508,25.530000686645508,25.530000686645508,25.530000686645508,25.530000686645508
2009-11-19,1400,25.540000915527344,25.549999237060547,25.56999969482422,25.540000915527344,25.549999237060547
2009-11-18,1000,26.079999923706055,26.079999923706055,26.079999923706055,26.079999923706055,26.079999923706055
2009-11-17,0,24.979999542236328,24.979999542236328,24.979999542236328,24.979999542236328,24.979999542236328
2009-11-16,0,24.979999542236328,24.979999542236328,24.979999542236328,24.979999542236328,24.979999542236328
2009-11-13,1000,24.979999542236328,24.979999542236328,24.979999542236328,24.979999542236328,24.979999542236328
2009-11-12,2600,25.0,25.0,25.0,25.0,25.0
2009-11-11,1900,25.5,25.350000381469727,25.5,25.350000381469727,25.350000381469727
2009-11-10,2200,25.309999465942383,25.229999542236328,25.34000015258789,25.229999542236328,25.229999542236328
2009-11-09,800,25.360000610351562,25.360000610351562,25.360000610351562,25.360000610351562,25.360000610351562
2009-11-06,2000,25.040000915527344,25.049999237060547,25.049999237060547,25.040000915527344,25.049999237060547
2009-11-05,8200,25.5,25.440000534057617,25.559999465942383,25.440000534057617,25.440000534057617
2009-11-04,400,25.649999618530273,25.639999389648438,25.649999618530273,25.639999389648438,25.639999389648438
2009-11-03,5200,25.200000762939453,25.3700008392334,25.3700008392334,25.200000762939453,25.3700008392334
2009-11-02,100,25.350000381469727,25.350000381469727,25.350000381469727,25.350000381469727,25.350000381469727
2009-10-30,5700,25.43000030517578,25.31999969482422,25.799999237060547,25.020000457763672,25.31999969482422
2009-10-29,300,25.530000686645508,25.6200008392334,25.6200008392334,25.530000686645508,25.6200008392334
