date,volume,open,close,high,low,adjclose
2018-11-16,3264,21.19499969482422,21.260000228881836,21.260000228881836,21.190000534057617,21.260000228881836
2018-11-15,10200,20.8700008392334,21.219999313354492,21.290000915527344,20.8700008392334,21.219999313354492
2018-11-14,4600,20.84000015258789,20.850000381469727,20.920000076293945,20.760000228881836,20.850000381469727
2018-11-13,4800,20.709999084472656,20.760000228881836,20.809999465942383,20.709999084472656,20.760000228881836
2018-11-12,29300,20.719999313354492,20.600000381469727,20.75,20.56999969482422,20.600000381469727
2018-11-09,600,20.8799991607666,20.850000381469727,20.920000076293945,20.850000381469727,20.850000381469727
2018-11-08,8300,21.459999084472656,21.209999084472656,21.459999084472656,21.149999618530273,21.209999084472656
2018-11-07,11600,21.65999984741211,21.700000762939453,21.700000762939453,21.610000610351562,21.700000762939453
2018-11-06,6400,21.559999465942383,21.469999313354492,21.559999465942383,21.459999084472656,21.469999313354492
2018-11-05,2600,21.549999237060547,21.610000610351562,21.610000610351562,21.540000915527344,21.610000610351562
2018-11-02,8500,21.31999969482422,21.31999969482422,21.479999542236328,21.299999237060547,21.31999969482422
2018-11-01,7600,20.81999969482422,21.110000610351562,21.110000610351562,20.81999969482422,21.110000610351562
2018-10-31,4500,20.729999542236328,20.579999923706055,20.729999542236328,20.559999465942383,20.579999923706055
2018-10-30,14600,20.31999969482422,20.399999618530273,20.459999084472656,20.299999237060547,20.399999618530273
2018-10-29,7100,20.489999771118164,20.149999618530273,20.540000915527344,20.079999923706055,20.149999618530273
2018-10-26,7600,20.31999969482422,20.389999389648438,20.420000076293945,20.25,20.389999389648438
2018-10-25,3200,20.469999313354492,20.540000915527344,20.6299991607666,20.469999313354492,20.540000915527344
2018-10-24,7300,20.479999542236328,20.170000076293945,20.479999542236328,20.170000076293945,20.170000076293945
2018-10-23,4100,20.43000030517578,20.6299991607666,20.690000534057617,20.34000015258789,20.6299991607666
2018-10-22,8200,20.959999084472656,20.760000228881836,20.959999084472656,20.709999084472656,20.760000228881836
2018-10-19,12400,20.790000915527344,20.760000228881836,20.90999984741211,20.739999771118164,20.760000228881836
2018-10-18,4400,20.790000915527344,20.579999923706055,20.790000915527344,20.579999923706055,20.579999923706055
2018-10-17,8100,21.020000457763672,20.979999542236328,21.059999465942383,20.920000076293945,20.979999542236328
2018-10-16,9700,20.90999984741211,21.059999465942383,21.059999465942383,20.790000915527344,21.059999465942383
2018-10-15,8800,20.6200008392334,20.649999618530273,20.649999618530273,20.579999923706055,20.649999618530273
2018-10-12,2700,20.690000534057617,20.579999923706055,20.739999771118164,20.530000686645508,20.579999923706055
2018-10-11,12300,20.399999618530273,20.309999465942383,20.450000762939453,20.260000228881836,20.309999465942383
2018-10-10,23700,20.729999542236328,20.3799991607666,20.729999542236328,20.3799991607666,20.3799991607666
2018-10-09,10200,20.760000228881836,20.8700008392334,20.8700008392334,20.760000228881836,20.8700008392334
2018-10-08,6400,20.780000686645508,20.780000686645508,20.780000686645508,20.6200008392334,20.780000686645508
2018-10-05,6100,20.649999618530273,20.549999237060547,20.739999771118164,20.5,20.549999237060547
2018-10-04,49000,20.790000915527344,20.610000610351562,20.790000915527344,20.459999084472656,20.610000610351562
2018-10-03,2600,21.170000076293945,20.850000381469727,21.170000076293945,20.850000381469727,20.850000381469727
2018-10-02,6300,20.940000534057617,21.010000228881836,21.010000228881836,20.940000534057617,21.010000228881836
2018-10-01,2800,21.030000686645508,21.010000228881836,21.059999465942383,20.989999771118164,21.010000228881836
2018-09-28,37200,20.989999771118164,20.989999771118164,21.100000381469727,20.8700008392334,20.989999771118164
2018-09-27,7100,21.18000030517578,21.15999984741211,21.25,21.15999984741211,21.15999984741211
2018-09-26,3500,21.1299991607666,21.18000030517578,21.290000915527344,21.110000610351562,21.18000030517578
2018-09-25,1600,20.860000610351562,21.0,21.0,20.860000610351562,21.0
2018-09-24,2700,20.959999084472656,20.940000534057617,21.010000228881836,20.940000534057617,20.940000534057617
2018-09-21,5000,21.1200008392334,21.139999389648438,21.170000076293945,21.110000610351562,21.139999389648438
2018-09-20,7300,21.020000457763672,21.079999923706055,21.079999923706055,20.940000534057617,21.079999923706055
2018-09-19,5000,21.329999923706055,21.270000457763672,21.329999923706055,21.190000534057617,20.910999298095703
2018-09-18,7900,20.979999542236328,21.079999923706055,21.1299991607666,20.979999542236328,20.724206924438477
2018-09-17,4000,20.860000610351562,20.979999542236328,21.030000686645508,20.860000610351562,20.62589454650879
2018-09-14,7400,21.209999084472656,21.15999984741211,21.219999313354492,21.06999969482422,20.8028564453125
2018-09-13,11300,21.219999313354492,21.15999984741211,21.219999313354492,21.09000015258789,20.8028564453125
2018-09-12,6600,20.790000915527344,21.010000228881836,21.010000228881836,20.790000915527344,20.65538787841797
2018-09-11,9600,20.530000686645508,20.729999542236328,20.729999542236328,20.530000686645508,20.38011360168457
2018-09-10,32500,20.790000915527344,20.700000762939453,20.790000915527344,20.610000610351562,20.35062026977539
2018-09-07,16000,20.799999237060547,20.770000457763672,20.899999618530273,20.700000762939453,20.4194393157959
2018-09-06,21400,20.75,20.75,20.75,20.649999618530273,20.399776458740234
2018-09-05,13300,20.639999389648438,20.65999984741211,20.719999313354492,20.6299991607666,20.311294555664062
2018-09-04,12400,20.899999618530273,20.8700008392334,20.979999542236328,20.850000381469727,20.517751693725586
2018-08-31,9800,21.15999984741211,21.290000915527344,21.309999465942383,21.100000381469727,20.930662155151367
2018-08-30,12300,21.209999084472656,21.06999969482422,21.510000228881836,21.049999237060547,20.714374542236328
2018-08-29,5500,21.459999084472656,21.709999084472656,21.709999084472656,21.459999084472656,21.34357261657715
2018-08-28,3600,21.850000381469727,21.639999389648438,21.850000381469727,21.639999389648438,21.27475357055664
2018-08-27,17400,21.670000076293945,21.799999237060547,21.84000015258789,21.65999984741211,21.432052612304688
2018-08-24,9000,21.520000457763672,21.5,21.59000015258789,21.420000076293945,21.137117385864258
2018-08-23,3000,21.6200008392334,21.34000015258789,21.6200008392334,21.34000015258789,20.97981834411621
2018-08-22,5200,21.479999542236328,21.65999984741211,21.65999984741211,21.479999542236328,21.294416427612305
2018-08-21,7100,21.450000762939453,21.520000457763672,21.520000457763672,21.440000534057617,21.156780242919922
2018-08-20,28500,21.209999084472656,21.25,21.25,21.1299991607666,20.89133644104004
2018-08-17,19100,21.0,21.139999389648438,21.149999618530273,20.899999618530273,20.783193588256836
2018-08-16,63400,21.079999923706055,21.059999465942383,21.190000534057617,21.059999465942383,20.704544067382812
2018-08-15,49500,21.0,20.959999084472656,21.110000610351562,20.649999618530273,20.606231689453125
2018-08-14,3700,21.139999389648438,21.25,21.25,21.139999389648438,20.89133644104004
2018-08-13,10000,21.100000381469727,21.030000686645508,21.260000228881836,20.959999084472656,20.675050735473633
2018-08-10,16900,21.399999618530273,21.440000534057617,21.440000534057617,21.329999923706055,21.0781307220459
2018-08-09,3500,22.219999313354492,22.219999313354492,22.260000228881836,22.219999313354492,21.8449649810791
2018-08-08,1100,22.360000610351562,22.25,22.360000610351562,22.25,21.87445831298828
2018-08-07,11700,22.43000030517578,22.34000015258789,22.450000762939453,22.270000457763672,21.962940216064453
2018-08-06,5500,22.239999771118164,22.219999313354492,22.260000228881836,22.219999313354492,21.8449649810791
2018-08-03,2100,22.450000762939453,22.479999542236328,22.479999542236328,22.399999618530273,22.100576400756836
2018-08-02,4500,22.260000228881836,22.31999969482422,22.3700008392334,22.260000228881836,21.94327735900879
2018-08-01,3500,22.510000228881836,22.549999237060547,22.56999969482422,22.510000228881836,22.169395446777344
2018-07-31,3800,22.3700008392334,22.520000457763672,22.520000457763672,22.3700008392334,22.139902114868164
2018-07-30,3400,22.450000762939453,22.420000076293945,22.489999771118164,22.3799991607666,22.041589736938477
2018-07-27,2800,22.389999389648438,22.40999984741211,22.450000762939453,22.299999237060547,22.03175926208496
2018-07-26,2100,22.440000534057617,22.290000915527344,22.440000534057617,22.290000915527344,21.91378402709961
2018-07-25,5800,22.309999465942383,22.510000228881836,22.510000228881836,22.270000457763672,22.13007164001465
2018-07-24,5800,22.219999313354492,22.18000030517578,22.229999542236328,22.1200008392334,21.805641174316406
2018-07-23,3700,22.010000228881836,21.969999313354492,22.030000686645508,21.959999084472656,21.599184036254883
2018-07-20,2800,22.020000457763672,22.010000228881836,22.030000686645508,22.010000228881836,21.63850975036621
2018-07-19,9400,21.56999969482422,21.75,21.75,21.56999969482422,21.382898330688477
2018-07-18,3500,21.760000228881836,21.799999237060547,21.860000610351562,21.709999084472656,21.432052612304688
2018-07-17,6000,21.59000015258789,21.81999969482422,21.81999969482422,21.59000015258789,21.45171546936035
2018-07-16,15000,21.6200008392334,21.610000610351562,21.690000534057617,21.59000015258789,21.245262145996094
2018-07-13,3300,21.610000610351562,21.639999389648438,21.690000534057617,21.610000610351562,21.27475357055664
2018-07-12,2300,21.56999969482422,21.6200008392334,21.6299991607666,21.56999969482422,21.25509262084961
2018-07-11,39600,21.68000030517578,21.489999771118164,21.700000762939453,21.489999771118164,21.127286911010742
2018-07-10,10100,21.799999237060547,21.8799991607666,21.8799991607666,21.690000534057617,21.510704040527344
2018-07-09,5900,21.790000915527344,21.790000915527344,21.81999969482422,21.760000228881836,21.422224044799805
2018-07-06,7400,21.399999618530273,21.6200008392334,21.649999618530273,21.399999618530273,21.25509262084961
2018-07-05,5700,21.25,21.31999969482422,21.3700008392334,21.229999542236328,20.960155487060547
2018-07-03,1100,21.200000762939453,21.229999542236328,21.229999542236328,21.200000762939453,20.871673583984375
2018-07-02,13300,21.18000030517578,21.149999618530273,21.209999084472656,21.100000381469727,20.79302406311035
2018-06-29,8100,21.309999465942383,21.389999389648438,21.389999389648438,21.309999465942383,21.028974533081055
2018-06-28,12100,21.0,21.040000915527344,21.06999969482422,20.950000762939453,20.68488311767578
2018-06-27,8500,21.309999465942383,21.020000457763672,21.329999923706055,21.020000457763672,20.665220260620117
2018-06-26,8900,21.399999618530273,21.420000076293945,21.489999771118164,21.3700008392334,21.058467864990234
2018-06-25,8100,21.360000610351562,21.43000030517578,21.43000030517578,21.270000457763672,21.068300247192383
2018-06-22,8700,21.700000762939453,21.549999237060547,21.700000762939453,21.510000228881836,21.1862735748291
2018-06-21,27500,21.540000915527344,21.469999313354492,21.610000610351562,21.43000030517578,21.107624053955078
2018-06-20,2900,22.010000228881836,21.950000762939453,22.040000915527344,21.950000762939453,21.320960998535156
2018-06-19,57500,21.709999084472656,21.959999084472656,22.010000228881836,21.709999084472656,21.330673217773438
2018-06-18,5100,22.229999542236328,22.059999465942383,22.229999542236328,22.010000228881836,21.42780876159668
2018-06-15,19600,22.350000381469727,22.3700008392334,22.3700008392334,22.139999389648438,21.728925704956055
2018-06-14,9200,22.690000534057617,22.489999771118164,22.690000534057617,22.43000030517578,21.84548568725586
2018-06-13,8000,22.8799991607666,22.700000762939453,22.8799991607666,22.6299991607666,22.049468994140625
2018-06-12,6700,23.030000686645508,22.889999389648438,23.049999237060547,22.889999389648438,22.23402214050293
2018-06-11,9200,23.030000686645508,22.90999984741211,23.040000915527344,22.90999984741211,22.253450393676758
2018-06-08,2300,22.940000534057617,23.020000457763672,23.020000457763672,22.780000686645508,22.36029815673828
2018-06-07,9100,23.020000457763672,22.829999923706055,23.020000457763672,22.690000534057617,22.175743103027344
2018-06-06,3300,23.030000686645508,23.149999618530273,23.149999618530273,23.010000228881836,22.486572265625
2018-06-05,6800,23.1200008392334,23.0,23.1200008392334,22.989999771118164,22.340869903564453
2018-06-04,4800,23.200000762939453,23.209999084472656,23.239999771118164,23.170000076293945,22.544851303100586
2018-06-01,4800,22.950000762939453,23.040000915527344,23.1299991607666,22.950000762939453,22.379724502563477
2018-05-31,7300,22.950000762939453,22.950000762939453,23.040000915527344,22.829999923706055,22.29230308532715
2018-05-30,13100,22.799999237060547,22.959999084472656,22.959999084472656,22.709999084472656,22.30201530456543
2018-05-29,4900,22.920000076293945,22.700000762939453,22.950000762939453,22.65999984741211,22.049468994140625
2018-05-25,3900,23.1200008392334,23.139999389648438,23.149999618530273,23.059999465942383,22.476858139038086
2018-05-24,4500,23.020000457763672,23.049999237060547,23.079999923706055,22.989999771118164,22.389436721801758
2018-05-23,17600,22.979999542236328,23.229999542236328,23.229999542236328,22.969999313354492,22.56427764892578
2018-05-22,7400,23.190000534057617,23.25,23.270000457763672,23.15999984741211,22.58370590209961
2018-05-21,3000,23.079999923706055,23.030000686645508,23.09000015258789,22.989999771118164,22.370012283325195
2018-05-18,12600,22.950000762939453,22.90999984741211,23.020000457763672,22.889999389648438,22.253450393676758
2018-05-17,8100,23.360000610351562,23.229999542236328,23.40999984741211,23.219999313354492,22.56427764892578
2018-05-16,4100,23.43000030517578,23.530000686645508,23.530000686645508,23.43000030517578,22.855682373046875
2018-05-15,7500,23.3700008392334,23.309999465942383,23.3700008392334,23.229999542236328,22.641986846923828
2018-05-14,14100,23.899999618530273,23.68000030517578,23.899999618530273,23.68000030517578,23.00138282775879
2018-05-11,4000,23.56999969482422,23.399999618530273,23.56999969482422,23.389999389648438,22.729406356811523
2018-05-10,26300,23.219999313354492,23.5,23.5,23.209999084472656,22.826541900634766
2018-05-09,43500,23.079999923706055,23.020000457763672,23.079999923706055,22.8700008392334,22.36029815673828
2018-05-08,4300,23.030000686645508,23.079999923706055,23.079999923706055,22.90999984741211,22.4185791015625
2018-05-07,8900,23.219999313354492,23.040000915527344,23.270000457763672,23.020000457763672,22.379724502563477
2018-05-04,11300,23.270000457763672,23.43000030517578,23.469999313354492,23.239999771118164,22.758548736572266
2018-05-03,14100,23.239999771118164,23.440000534057617,23.469999313354492,23.239999771118164,22.768260955810547
2018-05-02,323900,23.600000381469727,23.530000686645508,23.68000030517578,23.530000686645508,22.855682373046875
2018-05-01,9500,23.760000228881836,23.700000762939453,23.760000228881836,23.549999237060547,23.020811080932617
2018-04-30,5800,24.040000915527344,23.889999389648438,24.1200008392334,23.889999389648438,23.205364227294922
2018-04-27,3100,24.100000381469727,24.110000610351562,24.18000030517578,24.100000381469727,23.41905975341797
2018-04-26,8300,23.90999984741211,24.09000015258789,24.100000381469727,23.90999984741211,23.399633407592773
2018-04-25,15200,23.860000610351562,23.799999237060547,23.920000076293945,23.760000228881836,23.117944717407227
2018-04-24,7700,24.18000030517578,24.010000228881836,24.190000534057617,23.899999618530273,23.32192611694336
2018-04-23,6400,24.270000457763672,24.139999389648438,24.290000915527344,24.1299991607666,23.448200225830078
2018-04-20,1000,24.3799991607666,24.34000015258789,24.3799991607666,24.31999969482422,23.64246940612793
2018-04-19,4400,24.6299991607666,24.510000228881836,24.6299991607666,24.420000076293945,23.80759620666504
2018-04-18,2200,24.5,24.6299991607666,24.6299991607666,24.5,23.924158096313477
2018-04-17,3200,24.43000030517578,24.43000030517578,24.450000762939453,24.43000030517578,23.729890823364258
2018-04-16,6200,24.270000457763672,24.34000015258789,24.3799991607666,24.239999771118164,23.64246940612793
2018-04-13,5600,24.520000457763672,24.329999923706055,24.520000457763672,24.329999923706055,23.632755279541016
2018-04-12,2100,24.610000610351562,24.559999465942383,24.610000610351562,24.549999237060547,23.856163024902344
2018-04-11,2700,24.25,24.5,24.5,24.25,23.797883987426758
2018-04-10,3500,24.360000610351562,24.440000534057617,24.5,24.25,23.73960304260254
2018-04-09,8900,24.43000030517578,24.280000686645508,24.440000534057617,24.25,23.58418846130371
2018-04-06,3700,24.719999313354492,24.43000030517578,24.719999313354492,24.34000015258789,23.729890823364258
2018-04-05,7100,24.829999923706055,24.81999969482422,24.950000762939453,24.809999465942383,24.108713150024414
2018-04-04,2600,24.389999389648438,24.84000015258789,24.84000015258789,24.389999389648438,24.12813949584961
2018-04-03,10100,24.700000762939453,24.739999771118164,24.739999771118164,24.56999969482422,24.031005859375
2018-04-02,9200,24.809999465942383,24.510000228881836,24.809999465942383,24.389999389648438,23.80759620666504
2018-03-29,4600,24.59000015258789,24.8799991607666,24.920000076293945,24.59000015258789,24.1669921875
2018-03-28,11000,24.549999237060547,24.489999771118164,24.559999465942383,24.469999313354492,23.788169860839844
2018-03-27,7900,24.829999923706055,24.56999969482422,24.850000381469727,24.56999969482422,23.86587905883789
2018-03-26,6800,24.729999542236328,24.8799991607666,24.8799991607666,24.649999618530273,24.1669921875
2018-03-23,4900,24.799999237060547,24.530000686645508,24.81999969482422,24.530000686645508,23.827024459838867
2018-03-22,3300,24.950000762939453,24.75,24.969999313354492,24.75,24.040719985961914
2018-03-21,4000,25.170000076293945,25.309999465942383,25.309999465942383,25.1299991607666,24.448680877685547
2018-03-20,6300,25.100000381469727,25.09000015258789,25.100000381469727,25.020000457763672,24.236169815063477
2018-03-19,19800,25.049999237060547,25.0,25.06999969482422,24.860000610351562,24.14923095703125
2018-03-16,5300,25.219999313354492,25.290000915527344,25.350000381469727,25.219999313354492,24.429363250732422
2018-03-15,5500,25.540000915527344,25.3799991607666,25.540000915527344,25.34000015258789,24.516298294067383
2018-03-14,13600,25.700000762939453,25.670000076293945,25.700000762939453,25.530000686645508,24.796430587768555
2018-03-13,3300,25.889999389648438,25.739999771118164,25.950000762939453,25.709999084472656,24.86404800415039
2018-03-12,3700,25.920000076293945,25.889999389648438,25.969999313354492,25.829999923706055,25.008943557739258
2018-03-09,6000,25.860000610351562,26.030000686645508,26.030000686645508,25.829999923706055,25.144180297851562
2018-03-08,4700,25.75,25.700000762939453,25.780000686645508,25.65999984741211,24.825410842895508
2018-03-07,6300,26.030000686645508,25.81999969482422,26.030000686645508,25.6299991607666,24.941326141357422
2018-03-06,16800,26.030000686645508,25.860000610351562,26.139999389648438,25.860000610351562,24.979965209960938
2018-03-05,3600,25.700000762939453,25.860000610351562,25.889999389648438,25.68000030517578,24.979965209960938
2018-03-02,22900,25.59000015258789,25.790000915527344,25.790000915527344,25.3799991607666,24.9123477935791
2018-03-01,13800,25.780000686645508,25.65999984741211,25.940000534057617,25.540000915527344,24.786771774291992
2018-02-28,8000,26.06999969482422,25.920000076293945,26.15999984741211,25.84000015258789,25.03792381286621
2018-02-27,20000,26.31999969482422,26.25,26.3799991607666,26.139999389648438,25.356693267822266
2018-02-26,17700,26.520000457763672,26.489999771118164,26.559999465942383,26.389999389648438,25.588525772094727
2018-02-23,15800,26.290000915527344,26.440000534057617,26.510000228881836,26.280000686645508,25.54022789001465
2018-02-22,11900,26.280000686645508,26.18000030517578,26.329999923706055,26.09000015258789,25.289073944091797
2018-02-21,12600,26.110000610351562,26.1299991607666,26.360000610351562,26.079999923706055,25.24077606201172
2018-02-20,73400,26.06999969482422,26.030000686645508,26.100000381469727,25.8700008392334,25.144180297851562
2018-02-16,6300,26.18000030517578,26.200000762939453,26.399999618530273,26.170000076293945,25.308395385742188
2018-02-15,6100,26.190000534057617,26.229999542236328,26.290000915527344,26.110000610351562,25.337373733520508
2018-02-14,14900,25.510000228881836,26.0,26.0,25.5,25.11520004272461
2018-02-13,13900,25.360000610351562,25.59000015258789,25.59000015258789,25.360000610351562,24.719152450561523
2018-02-12,4700,25.280000686645508,25.469999313354492,25.549999237060547,25.280000686645508,24.60323715209961
2018-02-09,22900,25.219999313354492,25.139999389648438,25.219999313354492,24.56999969482422,24.284465789794922
2018-02-08,28900,25.6299991607666,24.760000228881836,25.6299991607666,24.760000228881836,23.91739845275879
2018-02-07,10500,25.8700008392334,25.600000381469727,25.979999542236328,25.600000381469727,24.72881317138672
2018-02-06,73500,25.309999465942383,26.0,26.139999389648438,25.309999465942383,25.11520004272461
2018-02-05,15700,25.950000762939453,25.440000534057617,26.1200008392334,25.229999542236328,24.57425880432129
2018-02-02,10600,26.229999542236328,26.079999923706055,26.299999237060547,26.049999237060547,25.19247817993164
2018-02-01,13800,26.6200008392334,26.579999923706055,26.709999084472656,26.520000457763672,25.675464630126953
2018-01-31,30500,26.899999618530273,26.610000610351562,26.93000030517578,26.549999237060547,25.704442977905273
2018-01-30,66800,26.600000381469727,26.56999969482422,26.670000076293945,26.3799991607666,25.665803909301758
2018-01-29,37500,26.809999465942383,26.809999465942383,26.969999313354492,26.770000457763672,25.89763641357422
2018-01-26,60200,27.170000076293945,27.229999542236328,27.309999465942383,27.149999618530273,26.303342819213867
2018-01-25,13700,27.209999084472656,27.190000534057617,27.3799991607666,27.15999984741211,26.264705657958984
2018-01-24,8700,26.950000762939453,27.110000610351562,27.110000610351562,26.90999984741211,26.187427520751953
2018-01-23,10100,26.709999084472656,26.739999771118164,26.850000381469727,26.700000762939453,25.83001708984375
2018-01-22,7200,26.479999542236328,26.65999984741211,26.65999984741211,26.479999542236328,25.75274085998535
2018-01-19,7700,26.56999969482422,26.540000915527344,26.56999969482422,26.40999984741211,25.636823654174805
2018-01-18,12900,26.5,26.43000030517578,26.530000686645508,26.309999465942383,25.530569076538086
2018-01-17,46100,26.34000015258789,26.350000381469727,26.489999771118164,26.290000915527344,25.453289031982422
2018-01-16,31900,26.15999984741211,26.110000610351562,26.25,26.0,25.221458435058594
2018-01-12,7400,26.100000381469727,26.170000076293945,26.229999542236328,26.040000915527344,25.279415130615234
2018-01-11,124400,25.899999618530273,26.030000686645508,26.079999923706055,25.899999618530273,25.144180297851562
2018-01-10,12200,25.8799991607666,25.860000610351562,26.040000915527344,25.860000610351562,24.979965209960938
2018-01-09,11200,26.110000610351562,26.1299991607666,26.18000030517578,26.06999969482422,25.24077606201172
2018-01-08,9400,26.100000381469727,26.170000076293945,26.229999542236328,26.049999237060547,25.279415130615234
2018-01-05,8700,26.040000915527344,26.190000534057617,26.25,26.040000915527344,25.298736572265625
2018-01-04,24500,25.979999542236328,26.020000457763672,26.059999465942383,25.93000030517578,25.134521484375
2018-01-03,17900,25.760000228881836,25.899999618530273,25.959999084472656,25.760000228881836,25.018604278564453
2018-01-02,11200,25.690000534057617,25.780000686645508,25.780000686645508,25.65999984741211,24.902687072753906
2017-12-29,17700,25.389999389648438,25.420000076293945,25.56999969482422,25.389999389648438,24.5549373626709
2017-12-28,3800,25.239999771118164,25.219999313354492,25.270000457763672,25.219999313354492,24.361743927001953
2017-12-27,4900,25.149999618530273,25.079999923706055,25.18000030517578,25.049999237060547,24.22650909423828
2017-12-26,3000,24.979999542236328,25.0,25.020000457763672,24.959999084472656,24.14923095703125
2017-12-22,4000,24.8799991607666,24.90999984741211,24.969999313354492,24.8799991607666,24.062294006347656
2017-12-21,6100,24.8700008392334,24.8700008392334,24.940000534057617,24.860000610351562,24.02365493774414
2017-12-20,7800,25.059999465942383,25.020000457763672,25.1200008392334,25.020000457763672,24.08354377746582
2017-12-19,9900,25.0,24.989999771118164,25.0,24.920000076293945,24.054668426513672
2017-12-18,21600,24.700000762939453,24.989999771118164,25.049999237060547,24.700000762939453,24.054668426513672
2017-12-15,5400,24.65999984741211,24.75,24.75,24.6299991607666,23.823650360107422
2017-12-14,10000,24.68000030517578,24.540000915527344,24.68000030517578,24.540000915527344,23.621511459350586
2017-12-13,20700,24.540000915527344,24.510000228881836,24.540000915527344,24.3799991607666,23.592634201049805
2017-12-12,7500,24.229999542236328,24.309999465942383,24.309999465942383,24.170000076293945,23.400117874145508
2017-12-11,7100,24.399999618530273,24.299999237060547,24.440000534057617,24.299999237060547,23.390491485595703
2017-12-08,5800,24.43000030517578,24.3700008392334,24.43000030517578,24.329999923706055,23.457874298095703
2017-12-07,24800,24.15999984741211,24.239999771118164,24.3799991607666,24.1299991607666,23.332738876342773
2017-12-06,34000,24.219999313354492,24.34000015258789,24.350000381469727,24.219999313354492,23.428997039794922
2017-12-05,3300,24.40999984741211,24.360000610351562,24.450000762939453,24.31999969482422,23.4482479095459
2017-12-04,8600,24.3700008392334,24.299999237060547,24.450000762939453,24.219999313354492,23.390491485595703
2017-12-01,7100,24.280000686645508,24.209999084472656,24.31999969482422,24.1200008392334,23.30385971069336
2017-11-30,8200,24.559999465942383,24.389999389648438,24.559999465942383,24.350000381469727,23.47712516784668
2017-11-29,15700,24.670000076293945,24.5,24.670000076293945,24.360000610351562,23.583009719848633
2017-11-28,6200,24.790000915527344,24.809999465942383,24.850000381469727,24.790000915527344,23.881404876708984
2017-11-27,4600,24.760000228881836,24.700000762939453,24.760000228881836,24.68000030517578,23.775522232055664
2017-11-24,600,24.809999465942383,24.829999923706055,24.829999923706055,24.809999465942383,23.90065574645996
2017-11-22,3100,24.84000015258789,24.829999923706055,24.850000381469727,24.790000915527344,23.90065574645996
2017-11-21,3800,24.690000534057617,24.799999237060547,24.81999969482422,24.690000534057617,23.871776580810547
2017-11-20,2300,24.549999237060547,24.610000610351562,24.6299991607666,24.549999237060547,23.68889045715332
2017-11-17,9600,24.56999969482422,24.670000076293945,24.670000076293945,24.520000457763672,23.746644973754883
2017-11-16,24000,24.420000076293945,24.540000915527344,24.559999465942383,24.420000076293945,23.621511459350586
2017-11-15,7000,24.290000915527344,24.229999542236328,24.290000915527344,24.190000534057617,23.32311248779297
2017-11-14,7600,24.450000762939453,24.309999465942383,24.450000762939453,24.280000686645508,23.400117874145508
2017-11-13,4000,24.459999084472656,24.459999084472656,24.479999542236328,24.459999084472656,23.544504165649414
2017-11-10,5500,24.59000015258789,24.510000228881836,24.600000381469727,24.469999313354492,23.592634201049805
2017-11-09,4600,24.670000076293945,24.649999618530273,24.670000076293945,24.549999237060547,23.727394104003906
2017-11-08,5900,24.700000762939453,24.760000228881836,24.760000228881836,24.6200008392334,23.833276748657227
2017-11-07,13800,24.809999465942383,24.520000457763672,24.809999465942383,24.520000457763672,23.60226058959961
2017-11-06,8100,24.649999618530273,24.739999771118164,24.739999771118164,24.559999465942383,23.814023971557617
2017-11-03,7300,24.649999618530273,24.579999923706055,24.649999618530273,24.440000534057617,23.66001319885254
2017-11-02,11100,24.600000381469727,24.65999984741211,24.65999984741211,24.56999969482422,23.737018585205078
2017-11-01,7700,24.760000228881836,24.649999618530273,24.81999969482422,24.649999618530273,23.727394104003906
2017-10-31,25200,24.639999389648438,24.639999389648438,24.709999084472656,24.56999969482422,23.71776580810547
2017-10-30,11200,24.610000610351562,24.520000457763672,24.610000610351562,24.43000030517578,23.60226058959961
2017-10-27,6800,24.559999465942383,24.670000076293945,24.690000534057617,24.559999465942383,23.746644973754883
2017-10-26,64200,24.649999618530273,24.459999084472656,24.690000534057617,24.420000076293945,23.544504165649414
2017-10-25,32100,24.739999771118164,24.649999618530273,24.81999969482422,24.510000228881836,23.727394104003906
2017-10-24,19800,24.950000762939453,24.780000686645508,24.950000762939453,24.780000686645508,23.852527618408203
2017-10-23,27300,24.8799991607666,24.809999465942383,24.90999984741211,24.809999465942383,23.881404876708984
2017-10-20,6800,25.049999237060547,24.940000534057617,25.049999237060547,24.90999984741211,24.006540298461914
2017-10-19,4000,24.920000076293945,24.969999313354492,24.969999313354492,24.860000610351562,24.035415649414062
2017-10-18,5400,25.079999923706055,25.049999237060547,25.139999389648438,25.030000686645508,24.1124210357666
2017-10-17,11500,25.149999618530273,25.1200008392334,25.270000457763672,25.020000457763672,24.17980194091797
2017-10-16,6900,25.309999465942383,25.270000457763672,25.43000030517578,25.270000457763672,24.324188232421875
2017-10-13,11900,25.219999313354492,25.31999969482422,25.329999923706055,25.219999313354492,24.372316360473633
2017-10-12,7100,25.059999465942383,25.110000610351562,25.139999389648438,25.059999465942383,24.170177459716797
2017-10-11,10400,24.889999389648438,25.020000457763672,25.020000457763672,24.889999389648438,24.08354377746582
2017-10-10,7000,24.799999237060547,24.790000915527344,24.899999618530273,24.770000457763672,23.862154006958008
2017-10-09,18400,24.600000381469727,24.6200008392334,24.68000030517578,24.59000015258789,23.698516845703125
2017-10-06,2300,24.579999923706055,24.6200008392334,24.6200008392334,24.540000915527344,23.698516845703125
2017-10-05,9100,24.729999542236328,24.649999618530273,24.780000686645508,24.649999618530273,23.727394104003906
2017-10-04,5800,24.540000915527344,24.610000610351562,24.6299991607666,24.540000915527344,23.68889045715332
2017-10-03,4300,24.489999771118164,24.520000457763672,24.579999923706055,24.489999771118164,23.60226058959961
2017-10-02,4200,24.479999542236328,24.530000686645508,24.559999465942383,24.479999542236328,23.61188507080078
2017-09-29,6700,24.600000381469727,24.690000534057617,24.690000534057617,24.549999237060547,23.765897750854492
2017-09-28,11000,24.329999923706055,24.450000762939453,24.459999084472656,24.270000457763672,23.534879684448242
2017-09-27,8900,24.360000610351562,24.280000686645508,24.389999389648438,24.239999771118164,23.37124252319336
2017-09-26,8500,24.59000015258789,24.5,24.59000015258789,24.440000534057617,23.583009719848633
2017-09-25,13600,24.639999389648438,24.540000915527344,24.649999618530273,24.5,23.621511459350586
2017-09-22,9700,24.760000228881836,24.709999084472656,24.809999465942383,24.690000534057617,23.78514862060547
2017-09-21,4400,24.920000076293945,24.780000686645508,24.920000076293945,24.760000228881836,23.852527618408203
2017-09-20,8600,25.190000534057617,25.059999465942383,25.229999542236328,25.020000457763672,23.89103126525879
2017-09-19,11200,25.200000762939453,25.18000030517578,25.200000762939453,25.079999923706055,24.00543212890625
2017-09-18,5400,25.299999237060547,25.149999618530273,25.34000015258789,25.110000610351562,23.976831436157227
2017-09-15,17900,25.260000228881836,25.290000915527344,25.309999465942383,25.200000762939453,24.110301971435547
2017-09-14,5500,25.170000076293945,25.219999313354492,25.229999542236328,25.1299991607666,24.04356575012207
2017-09-13,20600,25.239999771118164,25.239999771118164,25.260000228881836,25.190000534057617,24.062633514404297
2017-09-12,4200,25.329999923706055,25.299999237060547,25.350000381469727,25.299999237060547,24.11983299255371
2017-09-11,24100,25.420000076293945,25.420000076293945,25.5,25.329999923706055,24.234237670898438
2017-09-08,6100,25.280000686645508,25.219999313354492,25.309999465942383,25.18000030517578,24.04356575012207
2017-09-07,6400,25.299999237060547,25.290000915527344,25.329999923706055,25.260000228881836,24.110301971435547
2017-09-06,2600,25.100000381469727,25.15999984741211,25.15999984741211,25.100000381469727,23.986364364624023
2017-09-05,15400,25.040000915527344,25.010000228881836,25.18000030517578,24.90999984741211,23.84336280822754
2017-09-01,9700,25.190000534057617,25.290000915527344,25.290000915527344,25.18000030517578,24.110301971435547
2017-08-31,15300,25.1200008392334,25.1299991607666,25.139999389648438,25.059999465942383,23.957761764526367
2017-08-30,3900,25.09000015258789,25.06999969482422,25.110000610351562,25.040000915527344,23.900564193725586
2017-08-29,8800,24.940000534057617,25.190000534057617,25.229999542236328,24.889999389648438,24.014965057373047
2017-08-28,8900,25.239999771118164,25.079999923706055,25.239999771118164,25.030000686645508,23.910097122192383
2017-08-25,8100,25.0,25.049999237060547,25.170000076293945,24.989999771118164,23.881494522094727
2017-08-24,5700,24.889999389648438,24.90999984741211,25.0,24.889999389648438,23.748027801513672
2017-08-23,6200,24.899999618530273,24.940000534057617,24.940000534057617,24.84000015258789,23.776628494262695
2017-08-22,8500,24.90999984741211,24.920000076293945,24.979999542236328,24.860000610351562,23.7575626373291
2017-08-21,8300,24.780000686645508,24.81999969482422,24.860000610351562,24.760000228881836,23.6622257232666
2017-08-18,14700,24.579999923706055,24.690000534057617,24.809999465942383,24.440000534057617,23.538288116455078
2017-08-17,20000,24.68000030517578,24.5,24.799999237060547,24.5,23.357152938842773
2017-08-16,9100,24.75,24.75,24.760000228881836,24.68000030517578,23.59549331665039
2017-08-15,6700,24.450000762939453,24.520000457763672,24.59000015258789,24.40999984741211,23.376218795776367
2017-08-14,18500,24.639999389648438,24.610000610351562,24.709999084472656,24.549999237060547,23.46202278137207
2017-08-11,8000,24.3700008392334,24.43000030517578,24.469999313354492,24.3700008392334,23.290416717529297
2017-08-10,8200,24.450000762939453,24.25,24.489999771118164,24.25,23.118812561035156
2017-08-09,34000,24.579999923706055,24.6200008392334,24.6200008392334,24.459999084472656,23.471555709838867
2017-08-08,5500,24.770000457763672,24.670000076293945,24.860000610351562,24.670000076293945,23.519224166870117
2017-08-07,11700,24.690000534057617,24.68000030517578,24.760000228881836,24.6299991607666,23.528757095336914
2017-08-04,18300,24.719999313354492,24.610000610351562,24.719999313354492,24.56999969482422,23.46202278137207
2017-08-03,8800,24.6299991607666,24.65999984741211,24.739999771118164,24.56999969482422,23.509687423706055
2017-08-02,26600,24.549999237060547,24.649999618530273,24.690000534057617,24.549999237060547,23.500154495239258
2017-08-01,5000,24.65999984741211,24.56999969482422,24.65999984741211,24.549999237060547,23.423885345458984
2017-07-31,14700,24.600000381469727,24.6200008392334,24.6299991607666,24.530000686645508,23.471555709838867
2017-07-28,11200,24.549999237060547,24.600000381469727,24.6299991607666,24.459999084472656,23.45248794555664
2017-07-27,16700,24.850000381469727,24.549999237060547,24.850000381469727,24.479999542236328,23.404817581176758
2017-07-26,7200,24.649999618530273,24.799999237060547,24.850000381469727,24.639999389648438,23.643156051635742
2017-07-25,8000,24.739999771118164,24.639999389648438,24.75,24.639999389648438,23.49062156677246
2017-07-24,11500,24.739999771118164,24.670000076293945,24.739999771118164,24.639999389648438,23.519224166870117
2017-07-21,16700,24.709999084472656,24.670000076293945,24.729999542236328,24.670000076293945,23.519224166870117
2017-07-20,20000,24.639999389648438,24.68000030517578,24.75,24.639999389648438,23.528757095336914
2017-07-19,11800,24.59000015258789,24.600000381469727,24.65999984741211,24.549999237060547,23.45248794555664
2017-07-18,11100,24.329999923706055,24.43000030517578,24.43000030517578,24.309999465942383,23.290416717529297
2017-07-17,13000,24.389999389648438,24.31999969482422,24.399999618530273,24.299999237060547,23.185548782348633
2017-07-14,32400,24.219999313354492,24.329999923706055,24.350000381469727,24.15999984741211,23.195083618164062
2017-07-13,17800,24.0,24.040000915527344,24.079999923706055,23.979999542236328,22.918611526489258
2017-07-12,17100,23.84000015258789,23.950000762939453,24.0,23.790000915527344,22.832809448242188
2017-07-11,14900,23.530000686645508,23.530000686645508,23.600000381469727,23.440000534057617,22.432401657104492
2017-07-10,36400,23.360000610351562,23.510000228881836,23.520000457763672,23.34000015258789,22.413333892822266
2017-07-07,30100,23.260000228881836,23.34000015258789,23.34000015258789,23.18000030517578,22.251264572143555
2017-07-06,22700,23.5,23.290000915527344,23.5,23.290000915527344,22.203596115112305
2017-07-05,29900,23.540000915527344,23.479999542236328,23.540000915527344,23.309999465942383,22.384733200073242
2017-07-03,58000,23.700000762939453,23.639999389648438,23.90999984741211,23.56999969482422,22.537269592285156
2017-06-30,16800,23.600000381469727,23.709999084472656,23.729999542236328,23.579999923706055,22.60400390625
2017-06-29,13500,23.600000381469727,23.489999771118164,23.670000076293945,23.389999389648438,22.394268035888672
2017-06-28,29200,23.59000015258789,23.739999771118164,23.780000686645508,23.540000915527344,22.632604598999023
2017-06-27,10300,23.670000076293945,23.530000686645508,23.670000076293945,23.489999771118164,22.432401657104492
2017-06-26,23900,23.8700008392334,23.729999542236328,23.8700008392334,23.65999984741211,22.623071670532227
2017-06-23,16300,23.559999465942383,23.6299991607666,23.700000762939453,23.530000686645508,22.52773666381836
2017-06-22,26100,23.670000076293945,23.540000915527344,23.670000076293945,23.440000534057617,22.441936492919922
2017-06-21,17700,23.700000762939453,23.420000076293945,23.700000762939453,23.34000015258789,22.327533721923828
2017-06-20,28700,23.829999923706055,23.709999084472656,23.90999984741211,23.700000762939453,22.30655860900879
2017-06-19,10900,24.0,24.040000915527344,24.110000610351562,23.979999542236328,22.617023468017578
2017-06-16,31200,23.969999313354492,23.969999313354492,24.0,23.8700008392334,22.551166534423828
2017-06-15,11100,23.8799991607666,23.969999313354492,24.0,23.8700008392334,22.551166534423828
2017-06-14,19300,24.350000381469727,24.149999618530273,24.350000381469727,24.06999969482422,22.72051239013672
2017-06-13,9100,24.139999389648438,24.149999618530273,24.209999084472656,24.1299991607666,22.72051239013672
2017-06-12,67100,23.959999084472656,24.059999465942383,24.09000015258789,23.959999084472656,22.635839462280273
2017-06-09,19000,24.190000534057617,24.1299991607666,24.260000228881836,24.010000228881836,22.701696395874023
2017-06-08,11700,24.239999771118164,24.239999771118164,24.280000686645508,24.170000076293945,22.805185317993164
2017-06-07,11500,24.280000686645508,24.190000534057617,24.299999237060547,24.010000228881836,22.75814437866211
2017-06-06,3800,24.219999313354492,24.299999237060547,24.3700008392334,24.219999313354492,22.86163330078125
2017-06-05,9400,24.43000030517578,24.350000381469727,24.440000534057617,24.350000381469727,22.908676147460938
2017-06-02,5000,24.299999237060547,24.3700008392334,24.440000534057617,24.260000228881836,22.927492141723633
2017-06-01,6300,24.350000381469727,24.25,24.350000381469727,24.139999389648438,22.814594268798828
2017-05-31,10500,24.15999984741211,24.06999969482422,24.15999984741211,24.06999969482422,22.645248413085938
2017-05-30,9500,24.399999618530273,24.270000457763672,24.399999618530273,24.239999771118164,22.833410263061523
2017-05-26,17000,24.299999237060547,24.3700008392334,24.450000762939453,24.299999237060547,22.927492141723633
2017-05-25,9700,24.3700008392334,24.389999389648438,24.489999771118164,24.350000381469727,22.946308135986328
2017-05-24,16100,24.25,24.3799991607666,24.3799991607666,24.239999771118164,22.93689727783203
2017-05-23,19400,24.170000076293945,24.190000534057617,24.25,24.170000076293945,22.75814437866211
2017-05-22,7800,24.190000534057617,24.200000762939453,24.239999771118164,24.170000076293945,22.767553329467773
2017-05-19,7900,24.100000381469727,24.15999984741211,24.170000076293945,24.020000457763672,22.72991943359375
2017-05-18,11500,23.6200008392334,23.719999313354492,23.809999465942383,23.559999465942383,22.31596565246582
2017-05-17,18000,24.25,24.0,24.280000686645508,23.93000030517578,22.57939338684082
2017-05-16,50200,24.329999923706055,24.420000076293945,24.549999237060547,24.31999969482422,22.974533081054688
2017-05-15,8200,24.270000457763672,24.299999237060547,24.309999465942383,24.270000457763672,22.86163330078125
2017-05-12,6000,24.1299991607666,24.1200008392334,24.1299991607666,24.079999923706055,22.69228744506836
2017-05-11,12100,24.25,24.049999237060547,24.25,23.979999542236328,22.626432418823242
2017-05-10,11100,23.809999465942383,23.8799991607666,23.969999313354492,23.809999465942383,22.46649742126465
2017-05-09,13000,23.8799991607666,23.760000228881836,23.8799991607666,23.709999084472656,22.353599548339844
2017-05-08,19800,24.450000762939453,23.639999389648438,24.450000762939453,23.639999389648438,22.24070167541504
2017-05-05,23600,23.59000015258789,23.739999771118164,23.760000228881836,23.59000015258789,22.33478355407715
2017-05-04,26000,23.600000381469727,23.489999771118164,23.649999618530273,23.389999389648438,22.09958267211914
2017-05-03,7000,23.829999923706055,23.780000686645508,23.920000076293945,23.780000686645508,22.37241554260254
2017-05-02,13200,24.030000686645508,23.979999542236328,24.06999969482422,23.889999389648438,22.560577392578125
2017-05-01,5600,23.920000076293945,23.950000762939453,23.989999771118164,23.8700008392334,22.5323543548584
2017-04-28,14200,23.809999465942383,23.829999923706055,23.920000076293945,23.719999313354492,22.419456481933594
2017-04-27,11400,23.719999313354492,23.719999313354492,23.790000915527344,23.700000762939453,22.31596565246582
2017-04-26,18000,23.690000534057617,23.719999313354492,23.809999465942383,23.68000030517578,22.31596565246582
2017-04-25,18100,23.809999465942383,23.780000686645508,23.8700008392334,23.670000076293945,22.37241554260254
2017-04-24,12900,23.770000457763672,23.639999389648438,23.770000457763672,23.520000457763672,22.24070167541504
2017-04-21,8200,23.209999084472656,23.260000228881836,23.31999969482422,23.15999984741211,21.883195877075195
2017-04-20,14100,23.079999923706055,23.239999771118164,23.239999771118164,23.06999969482422,21.8643798828125
2017-04-19,18500,23.290000915527344,22.93000030517578,23.290000915527344,22.8799991607666,21.572729110717773
2017-04-18,16200,23.200000762939453,23.200000762939453,23.25,23.190000534057617,21.82674789428711
2017-04-17,33300,23.34000015258789,23.389999389648438,23.43000030517578,23.219999313354492,22.00550079345703
2017-04-13,17800,23.329999923706055,23.200000762939453,23.329999923706055,23.190000534057617,21.82674789428711
2017-04-12,14800,23.290000915527344,23.239999771118164,23.290000915527344,23.149999618530273,21.8643798828125
2017-04-11,15900,23.25,23.1299991607666,23.25,23.010000228881836,21.76089096069336
2017-04-10,21700,23.239999771118164,23.149999618530273,23.239999771118164,23.1299991607666,21.779705047607422
2017-04-07,15000,23.209999084472656,23.170000076293945,23.329999923706055,23.15999984741211,21.798521041870117
2017-04-06,13100,23.40999984741211,23.209999084472656,23.40999984741211,23.190000534057617,21.836153030395508
2017-04-05,14900,23.510000228881836,23.350000381469727,23.639999389648438,23.350000381469727,21.967870712280273
2017-04-04,26300,23.299999237060547,23.510000228881836,23.59000015258789,23.299999237060547,22.118396759033203
2017-04-03,18200,23.510000228881836,23.389999389648438,23.510000228881836,23.350000381469727,22.00550079345703
2017-03-31,6300,23.5,23.450000762939453,23.5,23.3700008392334,22.061948776245117
2017-03-30,329300,23.6299991607666,23.579999923706055,23.739999771118164,23.559999465942383,22.184253692626953
2017-03-29,15600,23.68000030517578,23.809999465942383,23.809999465942383,23.65999984741211,22.4006404876709
2017-03-28,9900,23.959999084472656,23.670000076293945,23.959999084472656,23.6200008392334,22.2689266204834
2017-03-27,4800,23.600000381469727,23.709999084472656,23.75,23.600000381469727,22.30655860900879
2017-03-24,10500,23.850000381469727,23.790000915527344,23.850000381469727,23.729999542236328,22.381824493408203
2017-03-23,4000,23.84000015258789,23.719999313354492,23.84000015258789,23.510000228881836,22.31596565246582
2017-03-22,10300,23.530000686645508,23.600000381469727,23.8799991607666,23.530000686645508,22.20307159423828
2017-03-21,10600,24.1299991607666,23.770000457763672,24.31999969482422,23.729999542236328,22.27363395690918
2017-03-20,4900,24.0,24.049999237060547,24.079999923706055,23.84000015258789,22.53600311279297
2017-03-17,7400,24.040000915527344,23.920000076293945,24.329999923706055,23.850000381469727,22.41419219970703
2017-03-16,9100,23.790000915527344,23.770000457763672,23.8700008392334,23.75,22.27363395690918
2017-03-15,6500,23.139999389648438,23.56999969482422,23.579999923706055,23.049999237060547,22.08622169494629
2017-03-14,11100,23.010000228881836,23.030000686645508,23.139999389648438,23.010000228881836,21.580217361450195
2017-03-13,13000,23.3700008392334,23.229999542236328,23.3700008392334,23.100000381469727,21.76762580871582
2017-03-10,4800,22.93000030517578,23.110000610351562,23.1299991607666,22.920000076293945,21.65517807006836
2017-03-09,5400,22.989999771118164,22.8799991607666,22.989999771118164,22.809999465942383,21.439659118652344
2017-03-08,10400,23.399999618530273,23.020000457763672,23.399999618530273,23.020000457763672,21.570844650268555
2017-03-07,11300,23.389999389648438,23.40999984741211,23.440000534057617,23.290000915527344,21.936296463012695
2017-03-06,8700,23.600000381469727,23.459999084472656,23.600000381469727,23.350000381469727,21.983144760131836
2017-03-03,3300,23.290000915527344,23.510000228881836,23.510000228881836,23.290000915527344,22.029998779296875
2017-03-02,4900,23.200000762939453,23.229999542236328,23.280000686645508,23.200000762939453,21.76762580871582
2017-03-01,13400,23.43000030517578,23.329999923706055,23.56999969482422,23.280000686645508,21.861330032348633
2017-02-28,46900,23.309999465942383,22.950000762939453,24.110000610351562,22.950000762939453,21.5052547454834
2017-02-27,31000,23.520000457763672,23.3700008392334,23.610000610351562,23.200000762939453,21.898813247680664
2017-02-24,29700,23.510000228881836,23.43000030517578,23.59000015258789,23.299999237060547,21.955034255981445
2017-02-23,8700,23.56999969482422,23.670000076293945,23.81999969482422,23.56999969482422,22.179927825927734
2017-02-22,6900,23.40999984741211,23.549999237060547,23.600000381469727,23.329999923706055,22.067480087280273
2017-02-21,3600,23.510000228881836,23.40999984741211,23.510000228881836,23.299999237060547,21.936296463012695
2017-02-17,900,23.389999389648438,23.399999618530273,23.399999618530273,23.31999969482422,21.926923751831055
2017-02-16,8200,23.469999313354492,23.3799991607666,23.530000686645508,23.219999313354492,21.90818214416504
2017-02-15,8300,23.31999969482422,23.5,23.520000457763672,23.260000228881836,22.020627975463867
2017-02-14,5300,23.18000030517578,23.290000915527344,23.350000381469727,23.06999969482422,21.823848724365234
2017-02-13,11400,23.209999084472656,23.25,23.479999542236328,23.149999618530273,21.78636360168457
2017-02-10,17000,23.040000915527344,23.170000076293945,23.200000762939453,22.969999313354492,21.711400985717773
2017-02-09,14400,22.920000076293945,22.979999542236328,23.0,22.90999984741211,21.53336524963379
2017-02-08,18500,22.829999923706055,22.709999084472656,22.93000030517578,22.68000030517578,21.280359268188477
2017-02-07,6600,22.709999084472656,22.510000228881836,22.84000015258789,22.510000228881836,21.09295082092285
2017-02-06,3500,22.850000381469727,22.780000686645508,22.850000381469727,22.760000228881836,21.3459529876709
2017-02-03,9300,22.920000076293945,22.940000534057617,22.979999542236328,22.780000686645508,21.495882034301758
2017-02-02,4800,22.549999237060547,22.829999923706055,22.860000610351562,22.549999237060547,21.392807006835938
2017-02-01,18000,22.760000228881836,22.690000534057617,22.780000686645508,22.420000076293945,21.261619567871094
2017-01-31,6800,22.729999542236328,22.709999084472656,22.799999237060547,22.709999084472656,21.280359268188477
2017-01-30,12500,22.709999084472656,22.790000915527344,22.940000534057617,22.709999084472656,21.355323791503906
2017-01-27,30200,22.920000076293945,22.860000610351562,22.93000030517578,22.709999084472656,21.42091941833496
2017-01-26,34100,22.709999084472656,22.719999313354492,22.760000228881836,22.709999084472656,21.289731979370117
2017-01-25,7000,22.670000076293945,22.6299991607666,22.690000534057617,22.540000915527344,21.205394744873047
2017-01-24,4000,22.520000457763672,22.510000228881836,22.549999237060547,22.399999618530273,21.09295082092285
2017-01-23,16900,22.1299991607666,22.31999969482422,22.399999618530273,22.100000381469727,20.9149112701416
2017-01-20,6000,22.020000457763672,22.1200008392334,22.260000228881836,22.020000457763672,20.727502822875977
2017-01-19,14500,22.209999084472656,22.020000457763672,22.209999084472656,22.0,20.63379669189453
2017-01-18,3600,22.34000015258789,22.25,22.40999984741211,22.25,20.849319458007812
2017-01-17,6300,22.25,22.31999969482422,22.520000457763672,22.25,20.9149112701416
2017-01-13,22900,22.399999618530273,22.5,22.5,22.280000686645508,21.083580017089844
2017-01-12,28900,22.6299991607666,22.56999969482422,22.639999389648438,22.350000381469727,21.1491756439209
2017-01-11,10900,22.170000076293945,22.3700008392334,22.510000228881836,22.1299991607666,20.96176528930664
2017-01-10,700,22.280000686645508,22.18000030517578,22.280000686645508,22.18000030517578,20.78372573852539
2017-01-09,40300,22.219999313354492,22.290000915527344,22.309999465942383,22.1299991607666,20.886802673339844
2017-01-06,15100,22.350000381469727,22.1200008392334,22.360000610351562,22.1200008392334,20.727502822875977
2017-01-05,11000,22.360000610351562,22.3799991607666,22.3799991607666,22.309999465942383,20.971134185791016
2017-01-04,7100,22.15999984741211,22.260000228881836,22.280000686645508,22.079999923706055,20.85869026184082
2017-01-03,29000,21.899999618530273,22.049999237060547,22.149999618530273,21.84000015258789,20.66190528869629
2016-12-30,9700,21.989999771118164,21.760000228881836,21.989999771118164,21.75,20.39016342163086
2016-12-29,18500,21.8799991607666,21.950000762939453,21.989999771118164,21.829999923706055,20.568204879760742
2016-12-28,95600,21.780000686645508,21.56999969482422,21.790000915527344,21.56999969482422,20.212127685546875
2016-12-27,9300,21.670000076293945,21.549999237060547,21.670000076293945,21.450000762939453,20.193384170532227
2016-12-23,3100,21.360000610351562,21.389999389648438,21.389999389648438,21.270000457763672,20.043458938598633
2016-12-22,8900,21.43000030517578,21.25,21.43000030517578,21.239999771118164,19.91227149963379
2016-12-21,6200,21.649999618530273,21.489999771118164,21.649999618530273,21.469999313354492,20.137161254882812
2016-12-20,6500,21.510000228881836,21.56999969482422,21.59000015258789,21.399999618530273,20.12685775756836
2016-12-19,22400,21.389999389648438,21.510000228881836,21.600000381469727,21.389999389648438,20.07086753845215
2016-12-16,2600,21.479999542236328,21.639999389648438,21.68000030517578,21.479999542236328,20.192171096801758
2016-12-15,13300,21.510000228881836,21.739999771118164,21.760000228881836,21.450000762939453,20.28548240661621
2016-12-14,4200,22.110000610351562,21.510000228881836,22.110000610351562,21.510000228881836,20.07086753845215
2016-12-13,2500,22.209999084472656,22.309999465942383,22.309999465942383,22.15999984741211,20.817346572875977
2016-12-12,8100,22.049999237060547,22.06999969482422,22.100000381469727,22.030000686645508,20.593402862548828
2016-12-09,13300,22.040000915527344,22.030000686645508,22.059999465942383,21.90999984741211,20.556081771850586
2016-12-08,4800,22.079999923706055,22.079999923706055,22.079999923706055,21.850000381469727,20.60273551940918
2016-12-07,3600,21.719999313354492,22.049999237060547,22.049999237060547,21.719999313354492,20.574739456176758
2016-12-06,11700,21.770000457763672,21.690000534057617,21.770000457763672,21.559999465942383,20.238826751708984
2016-12-05,100100,21.15999984741211,21.360000610351562,21.459999084472656,21.15999984741211,19.930908203125
2016-12-02,5700,21.06999969482422,21.079999923706055,21.1299991607666,21.06999969482422,19.669639587402344
2016-12-01,6700,21.149999618530273,21.049999237060547,21.149999618530273,21.040000915527344,19.641643524169922
2016-11-30,5300,21.34000015258789,21.329999923706055,21.34000015258789,21.270000457763672,19.90291404724121
2016-11-29,14700,21.190000534057617,21.239999771118164,21.350000381469727,21.190000534057617,19.818933486938477
2016-11-28,4700,21.280000686645508,21.31999969482422,21.350000381469727,21.260000228881836,19.89358139038086
2016-11-25,1000,21.440000534057617,21.260000228881836,21.440000534057617,21.260000228881836,19.837596893310547
2016-11-23,21000,20.8799991607666,21.209999084472656,21.31999969482422,20.8799991607666,19.79094123840332
2016-11-22,19800,21.690000534057617,21.360000610351562,21.690000534057617,21.290000915527344,19.930908203125
2016-11-21,5700,21.170000076293945,21.18000030517578,21.200000762939453,21.100000381469727,19.762948989868164
2016-11-18,26800,20.899999618530273,21.020000457763672,21.1200008392334,20.8799991607666,19.6136531829834
2016-11-17,15200,20.829999923706055,20.969999313354492,21.170000076293945,20.829999923706055,19.56699562072754
2016-11-16,5100,21.0,20.920000076293945,21.0,20.8700008392334,19.520341873168945
2016-11-15,17200,20.93000030517578,21.219999313354492,21.229999542236328,20.93000030517578,19.800270080566406
2016-11-14,24300,20.940000534057617,20.959999084472656,21.059999465942383,20.729999542236328,19.55767059326172
2016-11-11,47400,21.5,21.049999237060547,21.5,20.959999084472656,19.641643524169922
2016-11-10,14800,22.020000457763672,21.760000228881836,22.040000915527344,21.760000228881836,20.304141998291016
2016-11-09,92400,22.6299991607666,22.170000076293945,22.6299991607666,22.170000076293945,20.686710357666016
2016-11-08,3800,22.43000030517578,22.760000228881836,22.760000228881836,22.43000030517578,21.237239837646484
2016-11-07,5300,22.260000228881836,22.3700008392334,22.479999542236328,22.229999542236328,20.873334884643555
2016-11-04,15900,22.170000076293945,21.979999542236328,22.170000076293945,21.940000534057617,20.509422302246094
2016-11-03,5700,22.239999771118164,22.290000915527344,22.399999618530273,22.190000534057617,20.79868507385254
2016-11-02,10100,23.299999237060547,22.280000686645508,23.299999237060547,22.25,20.789350509643555
2016-11-01,3600,22.639999389648438,22.56999969482422,22.639999389648438,22.399999618530273,21.059951782226562
2016-10-31,1400,22.56999969482422,22.739999771118164,22.760000228881836,22.56999969482422,21.218576431274414
2016-10-28,10000,22.649999618530273,22.690000534057617,22.700000762939453,22.649999618530273,21.171924591064453
2016-10-27,8900,22.59000015258789,22.549999237060547,22.59000015258789,22.469999313354492,21.041288375854492
2016-10-26,2400,22.670000076293945,22.649999618530273,22.670000076293945,22.579999923706055,21.134597778320312
2016-10-25,2600,22.700000762939453,22.8700008392334,22.899999618530273,22.700000762939453,21.339879989624023
2016-10-24,3000,22.81999969482422,22.84000015258789,22.84000015258789,22.81999969482422,21.311887741088867
2016-10-21,4400,23.43000030517578,22.549999237060547,23.43000030517578,22.5,21.041288375854492
2016-10-20,2800,22.610000610351562,22.700000762939453,22.700000762939453,22.600000381469727,21.18125343322754
2016-10-19,5100,22.770000457763672,22.770000457763672,22.770000457763672,22.649999618530273,21.246570587158203
2016-10-18,2600,22.639999389648438,22.670000076293945,22.670000076293945,22.579999923706055,21.15325927734375
2016-10-17,7000,22.31999969482422,22.31999969482422,22.34000015258789,22.239999771118164,20.826677322387695
2016-10-14,1300,22.3700008392334,22.229999542236328,22.3700008392334,22.229999542236328,20.742698669433594
2016-10-13,15800,22.270000457763672,22.139999389648438,22.280000686645508,22.020000457763672,20.65871810913086
2016-10-12,1500,22.399999618530273,22.299999237060547,22.399999618530273,22.260000228881836,20.808013916015625
2016-10-11,6900,22.829999923706055,22.399999618530273,22.829999923706055,22.3799991607666,20.901325225830078
2016-10-10,24200,22.68000030517578,22.850000381469727,22.8799991607666,22.670000076293945,21.321216583251953
2016-10-07,1600,22.780000686645508,22.65999984741211,22.780000686645508,22.56999969482422,21.143930435180664
2016-10-06,19200,22.600000381469727,22.770000457763672,22.780000686645508,22.600000381469727,21.246570587158203
2016-10-05,2600,22.729999542236328,22.760000228881836,22.760000228881836,22.700000762939453,21.237239837646484
2016-10-04,6900,22.6299991607666,22.389999389648438,22.700000762939453,22.290000915527344,20.891996383666992
2016-10-03,4300,22.260000228881836,22.709999084472656,22.719999313354492,22.260000228881836,21.190582275390625
2016-09-30,4100,22.450000762939453,22.469999313354492,22.549999237060547,22.3799991607666,20.96664047241211
2016-09-29,2700,22.729999542236328,22.510000228881836,22.729999542236328,22.360000610351562,21.003963470458984
2016-09-28,4700,22.540000915527344,22.68000030517578,22.68000030517578,22.360000610351562,21.16259002685547
2016-09-27,6900,22.579999923706055,22.479999542236328,22.579999923706055,22.43000030517578,20.975971221923828
2016-09-26,5000,22.559999465942383,22.350000381469727,22.559999465942383,22.350000381469727,20.85466957092285
2016-09-23,5200,22.479999542236328,22.639999389648438,22.75,22.479999542236328,21.125267028808594
2016-09-22,12700,22.979999542236328,22.700000762939453,23.030000686645508,22.700000762939453,21.18125343322754
2016-09-21,22000,22.510000228881836,22.600000381469727,22.610000610351562,22.31999969482422,21.087942123413086
2016-09-20,3400,22.469999313354492,22.420000076293945,22.469999313354492,22.420000076293945,20.735849380493164
2016-09-19,7600,22.549999237060547,22.450000762939453,22.6200008392334,22.299999237060547,20.763599395751953
2016-09-16,5000,22.34000015258789,22.170000076293945,22.34000015258789,22.149999618530273,20.50463104248047
2016-09-15,9600,22.329999923706055,22.420000076293945,22.450000762939453,22.219999313354492,20.735849380493164
2016-09-14,3800,22.239999771118164,22.079999923706055,22.239999771118164,22.010000228881836,20.4213924407959
2016-09-13,1700,22.290000915527344,21.969999313354492,22.290000915527344,21.920000076293945,20.31965446472168
2016-09-12,3000,22.350000381469727,22.56999969482422,22.56999969482422,21.979999542236328,20.874584197998047
2016-09-09,10500,22.600000381469727,22.290000915527344,22.600000381469727,22.149999618530273,20.615617752075195
2016-09-08,4100,23.149999618530273,23.09000015258789,23.149999618530273,23.0,21.355525970458984
2016-09-07,6300,23.31999969482422,23.190000534057617,23.31999969482422,23.030000686645508,21.448013305664062
2016-09-06,9300,23.1200008392334,23.170000076293945,23.190000534057617,22.969999313354492,21.429513931274414
2016-09-02,6900,22.600000381469727,22.709999084472656,22.709999084472656,22.450000762939453,21.004066467285156
2016-09-01,7100,22.420000076293945,22.329999923706055,22.420000076293945,22.079999923706055,20.652612686157227
2016-08-31,1000,22.420000076293945,22.350000381469727,22.450000762939453,22.260000228881836,20.671110153198242
2016-08-30,3500,22.719999313354492,22.5,22.719999313354492,22.479999542236328,20.809843063354492
2016-08-29,11000,22.760000228881836,22.729999542236328,22.760000228881836,22.530000686645508,21.022565841674805
2016-08-26,3000,22.920000076293945,22.6200008392334,23.020000457763672,22.59000015258789,20.92082977294922
2016-08-25,9900,22.829999923706055,22.829999923706055,22.889999389648438,22.75,21.115055084228516
2016-08-24,5800,22.979999542236328,22.799999237060547,22.979999542236328,22.780000686645508,21.087305068969727
2016-08-23,15000,23.100000381469727,22.899999618530273,23.100000381469727,22.889999389648438,21.17979621887207
2016-08-22,3500,23.100000381469727,22.899999618530273,23.100000381469727,22.889999389648438,21.17979621887207
2016-08-19,4700,23.299999237060547,23.25,23.299999237060547,23.139999389648438,21.50350570678711
2016-08-18,2800,23.43000030517578,23.420000076293945,23.43000030517578,23.3799991607666,21.660736083984375
2016-08-17,1100,23.229999542236328,23.309999465942383,23.309999465942383,23.1299991607666,21.558996200561523
2016-08-16,15900,23.469999313354492,23.520000457763672,23.579999923706055,23.440000534057617,21.753223419189453
2016-08-15,3800,23.670000076293945,23.6299991607666,23.690000534057617,23.6299991607666,21.85495948791504
2016-08-12,2100,23.56999969482422,23.5,23.56999969482422,23.469999313354492,21.734722137451172
2016-08-11,3300,23.59000015258789,23.68000030517578,23.709999084472656,23.59000015258789,21.901203155517578
2016-08-10,2200,23.6299991607666,23.469999313354492,23.6299991607666,23.3799991607666,21.70697593688965
2016-08-09,1100,23.559999465942383,23.549999237060547,23.579999923706055,23.549999237060547,21.780967712402344
2016-08-08,6100,23.239999771118164,23.239999771118164,23.25,23.209999084472656,21.494258880615234
2016-08-05,5500,23.049999237060547,23.040000915527344,23.059999465942383,22.90999984741211,21.30927848815918
2016-08-04,6200,22.84000015258789,22.920000076293945,22.979999542236328,22.81999969482422,21.198293685913086
2016-08-03,400,22.700000762939453,22.770000457763672,22.770000457763672,22.700000762939453,21.05956268310547
2016-08-02,5200,22.709999084472656,22.559999465942383,22.719999313354492,22.469999313354492,20.86533546447754
2016-08-01,13900,23.579999923706055,22.780000686645508,23.579999923706055,22.760000228881836,21.068809509277344
2016-07-29,4900,22.770000457763672,22.93000030517578,22.93000030517578,22.770000457763672,21.207542419433594
2016-07-28,1200,22.649999618530273,22.700000762939453,22.700000762939453,22.559999465942383,20.994821548461914
2016-07-27,11300,22.719999313354492,22.65999984741211,22.760000228881836,22.5,20.957826614379883
2016-07-26,24600,22.719999313354492,22.6200008392334,22.719999313354492,22.56999969482422,20.92082977294922
2016-07-25,1100,22.790000915527344,22.719999313354492,22.790000915527344,22.709999084472656,21.01331901550293
2016-07-22,700,22.75,22.75,22.799999237060547,22.75,21.041065216064453
2016-07-21,10900,22.75,22.6299991607666,22.75,22.579999923706055,20.93007469177246
2016-07-20,7900,22.489999771118164,22.639999389648438,22.790000915527344,22.489999771118164,20.939327239990234
2016-07-19,17900,22.81999969482422,22.709999084472656,22.81999969482422,22.6200008392334,21.004066467285156
2016-07-18,11800,22.579999923706055,23.049999237060547,23.049999237060547,22.579999923706055,21.318527221679688
2016-07-15,700,22.770000457763672,22.809999465942383,22.809999465942383,22.770000457763672,21.096553802490234
2016-07-14,3000,22.8700008392334,22.780000686645508,22.8700008392334,22.6299991607666,21.068809509277344
2016-07-13,7600,22.329999923706055,22.40999984741211,22.40999984741211,22.31999969482422,20.726606369018555
2016-07-12,2700,22.469999313354492,22.34000015258789,22.469999313354492,22.31999969482422,20.661861419677734
2016-07-11,1300,22.170000076293945,22.1200008392334,22.170000076293945,22.1200008392334,20.458389282226562
2016-07-08,6600,21.739999771118164,21.799999237060547,21.889999389648438,21.700000762939453,20.162424087524414
2016-07-07,5000,21.59000015258789,21.440000534057617,21.729999542236328,21.440000534057617,19.829469680786133
2016-07-06,4900,21.31999969482422,21.440000534057617,21.579999923706055,21.219999313354492,19.829469680786133
2016-07-05,1400,21.690000534057617,21.469999313354492,21.690000534057617,21.469999313354492,19.85721206665039
2016-07-01,900,21.829999923706055,21.899999618530273,21.899999618530273,21.829999923706055,20.254915237426758
2016-06-30,13600,21.770000457763672,21.68000030517578,21.8799991607666,21.559999465942383,20.051441192626953
2016-06-29,2400,21.59000015258789,21.540000915527344,21.6299991607666,21.450000762939453,19.92196273803711
2016-06-28,10300,21.170000076293945,21.040000915527344,21.190000534057617,20.860000610351562,19.459516525268555
2016-06-27,14500,21.010000228881836,20.479999542236328,21.010000228881836,20.209999084472656,18.94158172607422
2016-06-24,6000,20.700000762939453,20.729999542236328,20.8700008392334,20.59000015258789,19.172800064086914
2016-06-23,10600,21.940000534057617,21.93000030517578,21.950000762939453,21.719999313354492,20.28266143798828
2016-06-22,2000,21.68000030517578,21.450000762939453,21.68000030517578,21.450000762939453,19.83871841430664
2016-06-21,17700,21.809999465942383,21.56999969482422,21.809999465942383,21.510000228881836,19.72705078125
2016-06-20,10400,21.65999984741211,21.549999237060547,21.709999084472656,21.5,19.708759307861328
2016-06-17,4200,21.020000457763672,21.139999389648438,21.139999389648438,21.020000457763672,19.333789825439453
2016-06-16,400,20.469999313354492,20.489999771118164,20.530000686645508,20.469999313354492,18.73932647705078
2016-06-15,1800,21.100000381469727,21.06999969482422,21.100000381469727,21.06999969482422,19.2697696685791
2016-06-14,4000,20.729999542236328,20.75,20.8700008392334,20.719999313354492,18.977109909057617
2016-06-13,15900,20.950000762939453,21.100000381469727,21.260000228881836,20.90999984741211,19.297208786010742
2016-06-10,3600,21.270000457763672,21.25,21.329999923706055,21.25,19.43439292907715
2016-06-09,6600,21.68000030517578,21.649999618530273,21.719999313354492,21.559999465942383,19.800216674804688
2016-06-08,1900,22.079999923706055,22.15999984741211,22.190000534057617,21.93000030517578,20.26664161682129
2016-06-07,2500,21.8700008392334,21.860000610351562,21.8799991607666,21.829999923706055,19.99227523803711
2016-06-06,3500,21.6200008392334,21.600000381469727,21.6200008392334,21.350000381469727,19.75448989868164
2016-06-03,4700,21.280000686645508,21.280000686645508,21.280000686645508,21.190000534057617,19.461828231811523
2016-06-02,400,20.899999618530273,20.899999618530273,20.899999618530273,20.899999618530273,19.114294052124023
2016-06-01,2600,20.459999084472656,20.6200008392334,20.760000228881836,20.459999084472656,18.85822105407715
2016-05-31,4300,21.059999465942383,20.639999389648438,21.059999465942383,20.639999389648438,18.876506805419922
2016-05-27,500,20.780000686645508,20.780000686645508,20.780000686645508,20.780000686645508,19.004549026489258
2016-05-26,3000,20.950000762939453,20.93000030517578,21.049999237060547,20.860000610351562,19.14173126220703
2016-05-25,1000,20.700000762939453,20.68000030517578,20.700000762939453,20.68000030517578,18.91309356689453
2016-05-24,7300,20.610000610351562,20.489999771118164,20.649999618530273,20.489999771118164,18.73932647705078
2016-05-23,7300,20.549999237060547,20.299999237060547,20.579999923706055,20.299999237060547,18.56555938720703
2016-05-20,3800,20.59000015258789,20.450000762939453,20.6299991607666,20.450000762939453,18.70274543762207
2016-05-19,4600,20.579999923706055,20.290000915527344,20.579999923706055,20.270000457763672,18.55641746520996
2016-05-18,4100,20.700000762939453,20.729999542236328,20.850000381469727,20.440000534057617,18.958818435668945
2016-05-17,71000,21.06999969482422,20.899999618530273,21.06999969482422,20.81999969482422,19.114294052124023
2016-05-16,12700,21.260000228881836,20.940000534057617,21.260000228881836,20.940000534057617,19.15087890625
2016-05-13,27200,21.360000610351562,20.8700008392334,21.360000610351562,20.8700008392334,19.08686065673828
2016-05-12,54200,21.700000762939453,21.3799991607666,21.700000762939453,21.3700008392334,19.55328369140625
2016-05-11,1500,21.84000015258789,21.770000457763672,21.84000015258789,21.5,19.90996551513672
2016-05-10,166600,21.290000915527344,21.520000457763672,21.639999389648438,21.290000915527344,19.681325912475586
2016-05-09,104600,21.959999084472656,21.309999465942383,21.959999084472656,21.309999465942383,19.48926544189453
2016-05-06,3100,21.90999984741211,22.0,22.010000228881836,21.889999389648438,20.120309829711914
2016-05-05,5900,22.1299991607666,21.90999984741211,22.18000030517578,21.90999984741211,20.038002014160156
2016-05-04,5500,22.1299991607666,22.040000915527344,22.209999084472656,22.0,20.15689468383789
2016-05-03,9700,22.93000030517578,22.469999313354492,22.93000030517578,22.399999618530273,20.550153732299805
2016-05-02,2200,23.450000762939453,23.219999313354492,23.450000762939453,23.1299991607666,21.236072540283203
2016-04-29,2500,23.3700008392334,23.190000534057617,23.3799991607666,23.190000534057617,21.20863914489746
2016-04-28,3700,23.31999969482422,23.299999237060547,23.510000228881836,23.290000915527344,21.309236526489258
2016-04-27,7700,23.209999084472656,23.3799991607666,23.399999618530273,23.059999465942383,21.382402420043945
2016-04-26,32200,23.209999084472656,23.31999969482422,23.399999618530273,23.209999084472656,21.327531814575195
2016-04-25,6400,23.25,23.139999389648438,23.290000915527344,23.1299991607666,21.162906646728516
2016-04-22,5100,23.770000457763672,23.389999389648438,23.770000457763672,23.299999237060547,21.39154815673828
2016-04-21,6900,23.860000610351562,23.43000030517578,23.860000610351562,23.350000381469727,21.428131103515625
2016-04-20,9000,26.030000686645508,23.81999969482422,26.030000686645508,23.639999389648438,21.78481101989746
2016-04-19,24000,23.549999237060547,23.670000076293945,23.719999313354492,23.549999237060547,21.647624969482422
2016-04-18,11700,22.989999771118164,23.299999237060547,23.299999237060547,22.989999771118164,21.309236526489258
2016-04-15,13900,23.200000762939453,23.100000381469727,23.239999771118164,23.100000381469727,21.126325607299805
2016-04-14,4600,23.260000228881836,23.280000686645508,23.360000610351562,23.209999084472656,21.290945053100586
2016-04-13,43400,23.59000015258789,23.479999542236328,23.790000915527344,23.34000015258789,21.473859786987305
2016-04-12,9100,22.989999771118164,22.989999771118164,23.18000030517578,22.600000381469727,21.025724411010742
2016-04-11,2700,22.68000030517578,22.489999771118164,22.68000030517578,22.389999389648438,20.568445205688477
2016-04-08,1800,22.25,22.06999969482422,22.25,22.049999237060547,20.1843318939209
2016-04-07,2900,21.760000228881836,21.700000762939453,21.790000915527344,21.6299991607666,19.845945358276367
2016-04-06,700,21.81999969482422,21.90999984741211,21.90999984741211,21.81999969482422,20.038002014160156
2016-04-05,180600,22.18000030517578,22.030000686645508,22.200000762939453,21.979999542236328,20.147750854492188
2016-04-04,138200,22.700000762939453,22.399999618530273,22.700000762939453,22.299999237060547,20.486135482788086
2016-04-01,3400,22.549999237060547,22.610000610351562,22.6200008392334,22.200000762939453,20.678192138671875
2016-03-31,3200,22.5,22.93000030517578,22.950000762939453,22.5,20.97085189819336
2016-03-30,1900,22.68000030517578,22.290000915527344,22.68000030517578,22.290000915527344,20.385534286499023
2016-03-29,5700,21.829999923706055,22.420000076293945,22.440000534057617,21.690000534057617,20.504425048828125
2016-03-28,5300,22.270000457763672,22.010000228881836,22.270000457763672,21.760000228881836,20.12946128845215
2016-03-24,5500,21.770000457763672,21.940000534057617,21.950000762939453,21.6200008392334,20.065439224243164
2016-03-23,1900,22.3799991607666,22.020000457763672,22.3799991607666,22.020000457763672,20.13860321044922
2016-03-22,2500,22.639999389648438,22.649999618530273,22.649999618530273,22.530000686645508,20.60686492919922
2016-03-21,18200,22.56999969482422,22.639999389648438,22.690000534057617,22.56999969482422,20.59777069091797
2016-03-18,1700,22.459999084472656,22.420000076293945,22.530000686645508,22.389999389648438,20.397611618041992
2016-03-17,500,22.200000762939453,22.209999084472656,22.209999084472656,22.149999618530273,20.206554412841797
2016-03-16,6500,21.010000228881836,21.75,21.809999465942383,21.010000228881836,19.788047790527344
2016-03-15,2700,21.40999984741211,21.290000915527344,21.40999984741211,21.1299991607666,19.369544982910156
2016-03-14,2100,22.09000015258789,21.8700008392334,22.09000015258789,21.68000030517578,19.89722442626953
2016-03-11,200,21.889999389648438,21.889999389648438,21.889999389648438,21.889999389648438,19.915420532226562
2016-03-10,8100,21.860000610351562,21.81999969482422,21.860000610351562,21.389999389648438,19.85173797607422
2016-03-09,900,21.5,21.920000076293945,21.920000076293945,21.5,19.942716598510742
2016-03-08,8300,21.969999313354492,21.549999237060547,21.969999313354492,21.5,19.606088638305664
2016-03-07,7600,21.850000381469727,21.979999542236328,22.06999969482422,21.780000686645508,19.997304916381836
2016-03-04,20600,21.489999771118164,21.75,21.920000076293945,21.399999618530273,19.788047790527344
2016-03-03,10100,20.950000762939453,21.190000534057617,21.190000534057617,20.950000762939453,19.278562545776367
2016-03-02,600,20.56999969482422,20.600000381469727,20.600000381469727,20.56999969482422,18.741785049438477
2016-03-01,2200,20.34000015258789,20.34000015258789,20.34000015258789,20.34000015258789,18.5052433013916
2016-02-29,10600,19.850000381469727,19.860000610351562,19.959999084472656,19.850000381469727,18.06853675842285
2016-02-26,51800,19.760000228881836,19.670000076293945,19.760000228881836,19.649999618530273,17.895671844482422
2016-02-25,18800,19.690000534057617,19.860000610351562,19.860000610351562,19.639999389648438,18.06853675842285
2016-02-24,2800,19.559999465942383,19.709999084472656,19.709999084472656,19.420000076293945,17.93206787109375
2016-02-23,900,19.920000076293945,19.8700008392334,19.93000030517578,19.8700008392334,18.07763671875
2016-02-22,6700,20.059999465942383,20.110000610351562,20.1299991607666,20.0,18.295988082885742
2016-02-19,6000,19.719999313354492,19.639999389648438,19.719999313354492,19.610000610351562,17.868383407592773
2016-02-18,1500,19.790000915527344,19.799999237060547,19.829999923706055,19.780000686645508,18.013952255249023
2016-02-17,0,19.40999984741211,19.40999984741211,19.40999984741211,19.40999984741211,17.659130096435547
2016-02-16,2300,19.639999389648438,19.40999984741211,19.639999389648438,19.40999984741211,17.659130096435547
2016-02-12,0,18.850000381469727,18.850000381469727,18.850000381469727,18.850000381469727,17.149642944335938
2016-02-11,2400,18.889999389648438,18.850000381469727,18.889999389648438,18.850000381469727,17.149642944335938
2016-02-10,800,19.190000534057617,19.18000030517578,19.190000534057617,19.18000030517578,17.44987678527832
2016-02-09,800,19.06999969482422,19.040000915527344,19.06999969482422,18.920000076293945,17.3225040435791
2016-02-08,3000,19.350000381469727,19.010000228881836,19.350000381469727,19.0,17.295209884643555
2016-02-05,1300,19.65999984741211,19.3700008392334,19.65999984741211,19.3700008392334,17.622737884521484
2016-02-04,700,19.56999969482422,19.459999084472656,19.56999969482422,19.450000762939453,17.704618453979492
2016-02-03,700,18.829999923706055,18.639999389648438,18.829999923706055,18.639999389648438,16.958585739135742
2016-02-02,7300,18.780000686645508,18.68000030517578,18.809999465942383,18.65999984741211,16.994977951049805
2016-02-01,400,19.25,19.25,19.25,19.25,17.513561248779297
2016-01-29,0,18.600000381469727,18.600000381469727,18.600000381469727,18.600000381469727,16.922195434570312
2016-01-28,2100,18.600000381469727,18.600000381469727,18.610000610351562,18.59000015258789,16.922195434570312
2016-01-27,600,18.479999542236328,18.479999542236328,18.479999542236328,18.479999542236328,16.813020706176758
2016-01-26,7200,18.06999969482422,18.170000076293945,18.170000076293945,18.030000686645508,16.53098487854004
2016-01-25,0,18.139999389648438,18.139999389648438,18.139999389648438,18.139999389648438,16.503686904907227
2016-01-22,3500,18.100000381469727,18.139999389648438,18.149999618530273,18.09000015258789,16.503686904907227
2016-01-21,400,17.200000762939453,17.200000762939453,17.209999084472656,17.200000762939453,15.648481369018555
2016-01-20,9900,17.360000610351562,17.440000534057617,17.440000534057617,17.200000762939453,15.866833686828613
2016-01-19,600,17.93000030517578,17.90999984741211,17.93000030517578,17.90999984741211,16.294437408447266
2016-01-15,10400,17.690000534057617,17.6200008392334,17.760000228881836,17.530000686645508,16.030595779418945
2016-01-14,0,18.059999465942383,18.059999465942383,18.059999465942383,18.059999465942383,16.430904388427734
2016-01-13,0,18.059999465942383,18.059999465942383,18.059999465942383,18.059999465942383,16.430904388427734
2016-01-12,1500,18.139999389648438,18.059999465942383,18.190000534057617,18.059999465942383,16.430904388427734
2016-01-11,3700,17.969999313354492,17.790000915527344,17.969999313354492,17.780000686645508,16.18526268005371
2016-01-08,700,18.25,18.25,18.25,18.25,16.60376739501953
2016-01-07,300,18.149999618530273,18.149999618530273,18.149999618530273,18.149999618530273,16.51278305053711
2016-01-06,2000,18.850000381469727,18.75,18.850000381469727,18.75,17.058664321899414
2016-01-05,400,18.889999389648438,18.889999389648438,18.889999389648438,18.889999389648438,17.18603515625
2016-01-04,900,19.079999923706055,19.0,19.079999923706055,19.0,17.286109924316406
2015-12-31,10900,19.43000030517578,19.3700008392334,19.65999984741211,19.360000610351562,17.622737884521484
2015-12-30,3700,19.5,19.5,19.5,19.489999771118164,17.741010665893555
2015-12-29,2700,19.799999237060547,19.860000610351562,19.860000610351562,19.739999771118164,18.06853675842285
2015-12-28,7000,19.59000015258789,19.729999542236328,19.729999542236328,19.59000015258789,17.95026397705078
2015-12-24,2000,19.75,19.75,19.799999237060547,19.75,17.968460083007812
2015-12-23,3400,19.68000030517578,19.899999618530273,19.899999618530273,19.68000030517578,18.10492706298828
2015-12-22,1900,19.40999984741211,19.5,19.510000228881836,19.40999984741211,17.634016036987305
2015-12-21,400,19.34000015258789,19.360000610351562,19.360000610351562,19.34000015258789,17.50741195678711
2015-12-18,5200,19.489999771118164,19.540000915527344,19.540000915527344,19.479999542236328,17.67018699645996
2015-12-17,1800,19.559999465942383,19.790000915527344,19.790000915527344,19.559999465942383,17.896265029907227
2015-12-16,4100,19.5,19.610000610351562,19.610000610351562,19.459999084472656,17.733488082885742
2015-12-15,17100,19.40999984741211,19.440000534057617,19.510000228881836,19.360000610351562,17.579757690429688
2015-12-14,1100,19.020000457763672,19.010000228881836,19.020000457763672,19.010000228881836,17.19090461730957
2015-12-11,4600,19.260000228881836,19.020000457763672,19.260000228881836,19.010000228881836,17.1999454498291
2015-12-10,200,19.700000762939453,19.700000762939453,19.700000762939453,19.700000762939453,17.814878463745117
2015-12-09,500,19.93000030517578,19.729999542236328,19.93000030517578,19.729999542236328,17.84200668334961
2015-12-08,8200,19.989999771118164,19.84000015258789,19.989999771118164,19.700000762939453,17.941478729248047
2015-12-07,200,20.229999542236328,20.229999542236328,20.229999542236328,20.229999542236328,18.294157028198242
2015-12-04,3100,20.469999313354492,20.479999542236328,20.600000381469727,20.469999313354492,18.520238876342773
2015-12-03,800,20.709999084472656,20.709999084472656,20.709999084472656,20.709999084472656,18.728229522705078
2015-12-02,600,20.520000457763672,20.520000457763672,20.520000457763672,20.520000457763672,18.556413650512695
2015-12-01,700,20.969999313354492,20.8799991607666,20.969999313354492,20.8799991607666,18.881961822509766
2015-11-30,1200,21.260000228881836,20.770000457763672,21.260000228881836,20.770000457763672,18.782487869262695
2015-11-27,0,21.149999618530273,21.149999618530273,21.149999618530273,21.149999618530273,19.126121520996094
2015-11-25,0,21.309999465942383,21.309999465942383,21.309999465942383,21.309999465942383,19.27081298828125
2015-11-24,300,21.309999465942383,21.309999465942383,21.309999465942383,21.309999465942383,19.27081298828125
2015-11-23,8000,21.979999542236328,21.579999923706055,21.979999542236328,21.579999923706055,19.514976501464844
2015-11-20,1400,21.6299991607666,21.739999771118164,21.739999771118164,21.6299991607666,19.659666061401367
2015-11-19,900,21.549999237060547,21.399999618530273,21.549999237060547,21.389999389648438,19.352197647094727
2015-11-18,2500,21.309999465942383,21.260000228881836,21.309999465942383,21.06999969482422,19.225597381591797
2015-11-17,400,21.0,21.0,21.0,21.0,18.990478515625
2015-11-16,300,20.700000762939453,20.700000762939453,20.700000762939453,20.700000762939453,18.719186782836914
2015-11-13,1600,21.059999465942383,20.760000228881836,21.059999465942383,20.75,18.77344512939453
2015-11-12,0,21.190000534057617,21.190000534057617,21.190000534057617,21.190000534057617,19.162294387817383
2015-11-11,1400,21.31999969482422,21.190000534057617,21.31999969482422,21.190000534057617,19.162294387817383
2015-11-10,800,21.170000076293945,21.200000762939453,21.200000762939453,21.170000076293945,19.17133903503418
2015-11-09,8600,21.239999771118164,21.1200008392334,21.40999984741211,21.1200008392334,19.098997116088867
2015-11-06,800,21.530000686645508,21.56999969482422,21.56999969482422,21.530000686645508,19.505929946899414
2015-11-05,1300,21.899999618530273,21.899999618530273,21.899999618530273,21.899999618530273,19.804351806640625
2015-11-04,2400,22.170000076293945,22.059999465942383,22.170000076293945,21.93000030517578,19.94904327392578
2015-11-03,11500,21.84000015258789,22.219999313354492,22.219999313354492,21.809999465942383,20.093732833862305
2015-11-02,3300,21.75,21.790000915527344,21.790000915527344,21.59000015258789,19.704879760742188
2015-10-30,700,21.350000381469727,21.360000610351562,21.440000534057617,21.350000381469727,19.316030502319336
2015-10-29,0,21.65999984741211,21.65999984741211,21.65999984741211,21.65999984741211,19.587322235107422
2015-10-28,1000,21.65999984741211,21.65999984741211,21.65999984741211,21.65999984741211,19.587322235107422
2015-10-27,1400,21.440000534057617,21.450000762939453,21.520000457763672,21.440000534057617,19.39741325378418
2015-10-26,5800,22.020000457763672,21.829999923706055,22.020000457763672,21.75,19.74105453491211
2015-10-23,400,21.84000015258789,21.84000015258789,21.84000015258789,21.84000015258789,19.750097274780273
2015-10-22,0,21.709999084472656,21.709999084472656,21.709999084472656,21.709999084472656,19.632535934448242
2015-10-21,1200,21.700000762939453,21.709999084472656,21.709999084472656,21.700000762939453,19.632535934448242
2015-10-20,800,21.81999969482422,21.969999313354492,21.969999313354492,21.81999969482422,19.867656707763672
2015-10-19,200,21.8700008392334,21.8700008392334,21.8700008392334,21.8700008392334,19.777223587036133
2015-10-16,100,22.18000030517578,22.18000030517578,22.18000030517578,22.18000030517578,20.05756378173828
2015-10-15,300,22.389999389648438,22.389999389648438,22.389999389648438,22.389999389648438,20.247465133666992
2015-10-14,1400,22.06999969482422,22.229999542236328,22.229999542236328,22.06999969482422,20.102773666381836
2015-10-13,200,22.18000030517578,22.18000030517578,22.18000030517578,22.18000030517578,20.05756378173828
2015-10-12,2700,22.420000076293945,22.229999542236328,22.420000076293945,22.229999542236328,20.102773666381836
2015-10-09,5300,22.270000457763672,22.299999237060547,22.450000762939453,22.270000457763672,20.166078567504883
2015-10-08,400,21.899999618530273,21.969999313354492,21.969999313354492,21.899999618530273,19.867656707763672
2015-10-07,1200,21.81999969482422,21.649999618530273,21.81999969482422,21.540000915527344,19.578277587890625
2015-10-06,14900,21.040000915527344,21.18000030517578,21.18000030517578,21.030000686645508,19.153247833251953
2015-10-05,8600,20.799999237060547,20.950000762939453,20.959999084472656,20.790000915527344,18.945262908935547
2015-10-02,900,20.549999237060547,20.559999465942383,20.559999465942383,20.520000457763672,18.592580795288086
2015-10-01,800,20.40999984741211,20.309999465942383,20.40999984741211,20.309999465942383,18.366500854492188
2015-09-30,0,19.8799991607666,19.8799991607666,19.8799991607666,19.8799991607666,17.977651596069336
2015-09-29,500,19.84000015258789,19.8799991607666,19.8799991607666,19.84000015258789,17.977651596069336
2015-09-28,4500,19.59000015258789,19.649999618530273,19.690000534057617,19.59000015258789,17.769662857055664
2015-09-25,4500,20.360000610351562,20.09000015258789,20.360000610351562,20.09000015258789,18.16755485534668
2015-09-24,2600,19.8799991607666,19.979999542236328,19.979999542236328,19.84000015258789,18.06808090209961
2015-09-23,3200,20.420000076293945,20.170000076293945,20.420000076293945,20.100000381469727,18.239898681640625
2015-09-22,3600,20.670000076293945,20.690000534057617,20.75,20.649999618530273,18.51087188720703
2015-09-21,2200,21.270000457763672,21.239999771118164,21.270000457763672,21.06999969482422,19.00294303894043
2015-09-18,4100,21.719999313354492,21.360000610351562,21.719999313354492,21.309999465942383,19.110307693481445
2015-09-17,1200,21.549999237060547,21.739999771118164,22.020000457763672,21.549999237060547,19.450281143188477
2015-09-16,1500,21.6200008392334,21.6299991607666,21.6299991607666,21.6200008392334,19.351869583129883
2015-09-15,3500,21.270000457763672,21.290000915527344,21.329999923706055,21.260000228881836,19.04768180847168
2015-09-14,100,21.1299991607666,21.1299991607666,21.1299991607666,21.1299991607666,18.904529571533203
2015-09-11,1700,20.920000076293945,21.0,21.0,20.920000076293945,18.788223266601562
2015-09-10,0,20.780000686645508,20.780000686645508,20.780000686645508,20.780000686645508,18.59139633178711
2015-09-09,1500,21.020000457763672,20.780000686645508,21.020000457763672,20.75,18.59139633178711
2015-09-08,800,20.889999389648438,20.8799991607666,20.889999389648438,20.8799991607666,18.68086051940918
2015-09-04,2700,21.440000534057617,20.75,21.440000534057617,20.639999389648438,18.56455421447754
2015-09-03,1900,21.239999771118164,21.239999771118164,21.239999771118164,21.239999771118164,19.00294303894043
2015-09-02,300,21.149999618530273,21.209999084472656,21.209999084472656,21.149999618530273,18.97610092163086
2015-09-01,2100,21.200000762939453,21.139999389648438,21.219999313354492,21.139999389648438,18.913476943969727
2015-08-31,1600,21.200000762939453,21.790000915527344,21.790000915527344,21.200000762939453,19.49502182006836
2015-08-28,2800,21.540000915527344,21.5,21.579999923706055,21.5,19.23556137084961
2015-08-27,5700,21.049999237060547,21.389999389648438,21.40999984741211,21.049999237060547,19.13714599609375
2015-08-26,800,20.579999923706055,20.559999465942383,20.579999923706055,20.559999465942383,18.394567489624023
2015-08-25,7300,20.809999465942383,20.899999618530273,20.899999618530273,20.690000534057617,18.698753356933594
2015-08-24,9400,21.229999542236328,19.489999771118164,21.229999542236328,19.489999771118164,17.4372615814209
2015-08-21,1200,21.229999542236328,20.989999771118164,21.229999542236328,20.899999618530273,18.77927589416504
2015-08-20,1200,21.1200008392334,21.200000762939453,21.219999313354492,21.1200008392334,18.967159271240234
2015-08-19,3900,21.5,21.309999465942383,21.5,21.200000762939453,19.06557273864746
2015-08-18,0,21.690000534057617,21.690000534057617,21.690000534057617,21.690000534057617,19.40555191040039
2015-08-17,5800,21.600000381469727,21.690000534057617,21.700000762939453,21.600000381469727,19.40555191040039
2015-08-14,300,21.93000030517578,21.93000030517578,21.93000030517578,21.93000030517578,19.620275497436523
2015-08-13,1400,22.1200008392334,22.0,22.1200008392334,21.969999313354492,19.682897567749023
2015-08-12,1300,22.100000381469727,22.100000381469727,22.100000381469727,21.940000534057617,19.772369384765625
2015-08-11,6500,22.299999237060547,22.149999618530273,22.309999465942383,22.149999618530273,19.817102432250977
2015-08-10,1000,22.440000534057617,22.280000686645508,22.440000534057617,22.280000686645508,19.93341064453125
2015-08-07,200,22.34000015258789,22.299999237060547,22.34000015258789,22.299999237060547,19.9512996673584
2015-08-06,1900,22.219999313354492,22.299999237060547,22.299999237060547,22.219999313354492,19.9512996673584
2015-08-05,0,22.5,22.5,22.5,22.5,20.13023567199707
2015-08-04,500,22.5,22.5,22.5,22.5,20.13023567199707
2015-08-03,0,22.799999237060547,22.799999237060547,22.799999237060547,22.799999237060547,20.39864158630371
2015-07-31,1700,22.729999542236328,22.799999237060547,22.829999923706055,22.729999542236328,20.39864158630371
2015-07-30,3200,22.399999618530273,22.440000534057617,22.450000762939453,22.350000381469727,20.07655906677246
2015-07-29,1100,22.559999465942383,22.59000015258789,22.59000015258789,22.559999465942383,20.210758209228516
2015-07-28,1500,22.540000915527344,22.40999984741211,22.540000915527344,22.329999923706055,20.049713134765625
2015-07-27,1000,22.260000228881836,22.25,22.389999389648438,22.25,19.90656852722168
2015-07-24,1100,22.3799991607666,22.40999984741211,22.440000534057617,22.3799991607666,20.049713134765625
2015-07-23,0,22.90999984741211,22.90999984741211,22.90999984741211,22.90999984741211,20.497055053710938
2015-07-22,300,23.0,22.90999984741211,23.0,22.90999984741211,20.497055053710938
2015-07-21,4100,23.329999923706055,23.329999923706055,23.43000030517578,23.329999923706055,20.872821807861328
2015-07-20,500,23.15999984741211,23.15999984741211,23.15999984741211,23.15999984741211,20.720727920532227
2015-07-17,1000,23.3799991607666,23.3700008392334,23.3799991607666,23.3700008392334,20.90860939025879
2015-07-16,1500,23.239999771118164,23.31999969482422,23.450000762939453,23.239999771118164,20.863874435424805
2015-07-15,3000,23.260000228881836,23.18000030517578,23.260000228881836,23.100000381469727,20.738615036010742
2015-07-14,1000,23.059999465942383,23.170000076293945,23.170000076293945,23.049999237060547,20.729673385620117
2015-07-13,0,23.059999465942383,23.059999465942383,23.059999465942383,23.059999465942383,20.631258010864258
2015-07-10,22800,23.040000915527344,23.059999465942383,23.15999984741211,23.0,20.631258010864258
2015-07-09,1800,22.649999618530273,22.610000610351562,22.649999618530273,22.610000610351562,20.228652954101562
2015-07-08,3900,22.219999313354492,22.219999313354492,22.229999542236328,22.219999313354492,19.879728317260742
2015-07-07,20100,22.760000228881836,22.5,22.760000228881836,22.260000228881836,20.13023567199707
2015-07-06,3900,22.860000610351562,22.899999618530273,22.93000030517578,22.81999969482422,20.488107681274414
2015-07-02,7100,23.459999084472656,23.479999542236328,23.6200008392334,23.450000762939453,21.007022857666016
2015-07-01,8500,23.489999771118164,23.469999313354492,23.65999984741211,23.280000686645508,20.99807357788086
2015-06-30,500,23.739999771118164,23.520000457763672,23.739999771118164,23.5,21.042808532714844
2015-06-29,3900,23.34000015258789,23.299999237060547,23.40999984741211,23.049999237060547,20.84598159790039
2015-06-26,1100,23.540000915527344,23.639999389648438,23.639999389648438,23.540000915527344,21.150171279907227
2015-06-25,4300,23.729999542236328,23.649999618530273,23.770000457763672,23.649999618530273,21.15911865234375
2015-06-24,1600,23.790000915527344,23.860000610351562,24.040000915527344,23.790000915527344,21.347002029418945
2015-06-23,0,24.219999313354492,24.219999313354492,24.219999313354492,24.219999313354492,21.291135787963867
2015-06-22,100,24.219999313354492,24.219999313354492,24.219999313354492,24.219999313354492,21.291135787963867
2015-06-19,800,24.1200008392334,24.09000015258789,24.1200008392334,24.06999969482422,21.17685317993164
2015-06-18,5000,24.450000762939453,24.459999084472656,24.459999084472656,24.440000534057617,21.50211524963379
2015-06-17,3400,23.940000534057617,24.25,24.25,23.940000534057617,21.3175106048584
2015-06-16,300,23.969999313354492,23.969999313354492,23.969999313354492,23.969999313354492,21.071372985839844
2015-06-15,1300,24.049999237060547,24.0,24.049999237060547,23.920000076293945,21.09774398803711
2015-06-12,2700,24.200000762939453,24.290000915527344,24.290000915527344,24.200000762939453,21.35267448425293
2015-06-11,5300,24.280000686645508,24.18000030517578,24.280000686645508,24.09000015258789,21.2559757232666
2015-06-10,4400,24.18000030517578,24.450000762939453,24.459999084472656,24.18000030517578,21.493322372436523
2015-06-09,2000,23.90999984741211,23.850000381469727,23.90999984741211,23.850000381469727,20.965885162353516
2015-06-08,400,24.030000686645508,23.899999618530273,24.030000686645508,23.899999618530273,21.00983428955078
2015-06-05,600,24.0,24.0,24.0,24.0,21.09774398803711
2015-06-04,1100,24.170000076293945,24.200000762939453,24.200000762939453,24.110000610351562,21.273555755615234
2015-06-03,400,24.270000457763672,24.360000610351562,24.450000762939453,24.270000457763672,21.414209365844727
2015-06-02,0,24.040000915527344,24.040000915527344,24.040000915527344,24.040000915527344,21.13290786743164
2015-06-01,14500,24.139999389648438,24.040000915527344,24.139999389648438,23.8700008392334,21.13290786743164
2015-05-29,4400,24.5,24.270000457763672,24.530000686645508,24.270000457763672,21.335092544555664
2015-05-28,4500,24.65999984741211,24.84000015258789,24.850000381469727,24.520000457763672,21.83616065979004
2015-05-27,900,25.010000228881836,24.850000381469727,25.010000228881836,24.790000915527344,21.844953536987305
2015-05-26,1500,25.270000457763672,25.020000457763672,25.270000457763672,25.0,21.994396209716797
2015-05-22,1900,25.65999984741211,25.579999923706055,25.65999984741211,25.559999465942383,22.486679077148438
2015-05-21,1000,25.690000534057617,25.670000076293945,25.690000534057617,25.670000076293945,22.5657958984375
2015-05-20,0,25.790000915527344,25.790000915527344,25.790000915527344,25.790000915527344,22.671283721923828
2015-05-19,1700,25.950000762939453,25.790000915527344,25.950000762939453,25.75,22.671283721923828
2015-05-18,2300,26.0,25.959999084472656,26.0,25.959999084472656,22.820722579956055
2015-05-15,600,25.84000015258789,26.079999923706055,26.079999923706055,25.84000015258789,22.92621421813965
2015-05-14,500,25.979999542236328,25.8799991607666,25.979999542236328,25.84000015258789,22.75039291381836
2015-05-13,2000,25.790000915527344,25.770000457763672,25.790000915527344,25.770000457763672,22.65369987487793
2015-05-12,800,25.790000915527344,25.770000457763672,25.790000915527344,25.760000228881836,22.65369987487793
2015-05-11,1500,26.0,25.729999542236328,26.0,25.690000534057617,22.6185359954834
2015-05-08,900,26.1299991607666,26.09000015258789,26.170000076293945,26.09000015258789,22.93500518798828
2015-05-07,1200,25.729999542236328,25.690000534057617,25.729999542236328,25.670000076293945,22.583377838134766
2015-05-06,900,26.1299991607666,25.969999313354492,26.139999389648438,25.969999313354492,22.829513549804688
2015-05-05,1100,25.770000457763672,26.010000228881836,26.010000228881836,25.770000457763672,22.864681243896484
2015-05-04,400,25.75,25.450000762939453,25.75,25.450000762939453,22.372398376464844
2015-05-01,1500,25.59000015258789,25.600000381469727,25.610000610351562,25.59000015258789,22.50425910949707
2015-04-30,7200,25.68000030517578,25.690000534057617,25.729999542236328,25.610000610351562,22.583377838134766
2015-04-29,500,25.700000762939453,25.700000762939453,25.700000762939453,25.700000762939453,22.5921688079834
2015-04-28,3200,25.8700008392334,25.81999969482422,25.920000076293945,25.809999465942383,22.697654724121094
2015-04-27,1700,25.770000457763672,25.93000030517578,25.969999313354492,25.770000457763672,22.79435157775879
2015-04-24,0,25.540000915527344,25.540000915527344,25.540000915527344,25.540000915527344,22.45151138305664
2015-04-23,2300,25.309999465942383,25.540000915527344,25.540000915527344,25.309999465942383,22.45151138305664
2015-04-22,3000,25.200000762939453,25.299999237060547,25.309999465942383,25.200000762939453,22.240535736083984
2015-04-21,1100,25.260000228881836,25.200000762939453,25.260000228881836,25.200000762939453,22.15262794494629
2015-04-20,900,25.229999542236328,25.200000762939453,25.239999771118164,25.200000762939453,22.15262794494629
2015-04-17,3300,25.3700008392334,25.1299991607666,25.3700008392334,25.06999969482422,22.09109115600586
2015-04-16,2900,25.440000534057617,25.690000534057617,25.690000534057617,25.440000534057617,22.583377838134766
2015-04-15,3500,25.290000915527344,25.43000030517578,25.440000534057617,25.200000762939453,22.354816436767578
2015-04-14,2000,25.149999618530273,25.18000030517578,25.18000030517578,25.100000381469727,22.135047912597656
2015-04-13,7400,25.100000381469727,25.010000228881836,25.15999984741211,24.969999313354492,21.985607147216797
2015-04-10,1000,25.15999984741211,25.209999084472656,25.209999084472656,25.15999984741211,22.161418914794922
2015-04-09,7900,25.190000534057617,25.25,25.25,25.190000534057617,22.19658088684082
2015-04-08,3500,25.43000030517578,25.280000686645508,25.43000030517578,25.139999389648438,22.22295570373535
2015-04-07,5100,25.110000610351562,24.959999084472656,25.110000610351562,24.959999084472656,21.941650390625
2015-04-06,30400,25.200000762939453,25.190000534057617,25.399999618530273,25.100000381469727,22.143840789794922
2015-04-02,4100,24.760000228881836,24.84000015258789,24.850000381469727,24.75,21.83616065979004
2015-04-01,2400,24.440000534057617,24.459999084472656,24.510000228881836,24.3700008392334,21.50211524963379
2015-03-31,8100,23.959999084472656,24.170000076293945,24.229999542236328,23.950000762939453,21.247182846069336
2015-03-30,1900,24.229999542236328,24.18000030517578,24.299999237060547,24.18000030517578,21.2559757232666
2015-03-27,6100,24.0,24.010000228881836,24.010000228881836,23.940000534057617,21.106531143188477
2015-03-26,28500,24.34000015258789,24.190000534057617,24.34000015258789,24.049999237060547,21.264768600463867
2015-03-25,6700,24.3700008392334,24.299999237060547,24.43000030517578,24.299999237060547,21.361461639404297
2015-03-24,3400,24.799999237060547,24.559999465942383,24.799999237060547,24.549999237060547,21.484533309936523
2015-03-23,4500,24.68000030517578,24.68000030517578,25.0,24.56999969482422,21.589509963989258
2015-03-20,2100,23.8799991607666,24.360000610351562,24.420000076293945,23.8799991607666,21.309581756591797
2015-03-19,3800,23.829999923706055,23.829999923706055,23.959999084472656,23.790000915527344,20.845951080322266
2015-03-18,6400,23.530000686645508,24.229999542236328,24.260000228881836,23.530000686645508,21.195858001708984
2015-03-17,3000,23.34000015258789,23.5,23.5,23.200000762939453,20.557270050048828
2015-03-16,11300,23.25,23.25,23.280000686645508,23.200000762939453,20.338579177856445
2015-03-13,2300,23.190000534057617,23.18000030517578,23.200000762939453,23.049999237060547,20.277339935302734
2015-03-12,100,23.56999969482422,23.56999969482422,23.56999969482422,23.56999969482422,20.61850357055664
2015-03-11,9600,23.299999237060547,23.469999313354492,23.479999542236328,23.290000915527344,20.531030654907227
2015-03-10,9400,23.510000228881836,23.3700008392334,23.6200008392334,23.3700008392334,20.44354820251465
2015-03-09,1500,24.34000015258789,24.049999237060547,24.34000015258789,24.020000457763672,21.03839874267578
2015-03-06,2600,24.450000762939453,24.149999618530273,24.450000762939453,24.149999618530273,21.125877380371094
2015-03-05,600,24.399999618530273,24.5,24.5,24.399999618530273,21.432050704956055
2015-03-04,5800,24.84000015258789,24.690000534057617,24.84000015258789,24.5,21.598257064819336
2015-03-03,2200,25.0,24.829999923706055,25.0,24.829999923706055,21.72072410583496
2015-03-02,1600,25.43000030517578,25.06999969482422,25.43000030517578,25.010000228881836,21.9306697845459
2015-02-27,800,25.399999618530273,25.56999969482422,25.56999969482422,25.399999618530273,22.36805534362793
2015-02-26,1200,25.479999542236328,25.450000762939453,25.479999542236328,25.440000534057617,22.26308822631836
2015-02-25,3300,25.329999923706055,25.40999984741211,25.540000915527344,25.219999313354492,22.22809600830078
2015-02-24,4800,25.399999618530273,25.479999542236328,25.520000457763672,25.399999618530273,22.289331436157227
2015-02-23,1400,25.649999618530273,25.350000381469727,25.649999618530273,25.350000381469727,22.175607681274414
2015-02-20,5000,25.559999465942383,25.5,25.559999465942383,25.489999771118164,22.30682945251465
2015-02-19,900,25.610000610351562,25.549999237060547,25.610000610351562,25.3799991607666,22.350563049316406
2015-02-18,500,25.579999923706055,25.690000534057617,25.690000534057617,25.579999923706055,22.47303581237793
2015-02-17,1800,25.809999465942383,25.68000030517578,25.809999465942383,25.5,22.464282989501953
2015-02-13,700,25.6200008392334,25.6299991607666,25.6299991607666,25.6200008392334,22.420547485351562
2015-02-12,3100,25.309999465942383,25.3799991607666,25.389999389648438,25.260000228881836,22.20185089111328
2015-02-11,5300,24.670000076293945,24.610000610351562,24.690000534057617,24.549999237060547,21.528274536132812
2015-02-10,2600,25.030000686645508,24.829999923706055,25.040000915527344,24.799999237060547,21.72072410583496
2015-02-09,600,25.360000610351562,25.360000610351562,25.360000610351562,25.360000610351562,22.184354782104492
2015-02-06,15100,25.40999984741211,25.18000030517578,25.40999984741211,25.059999465942383,22.026897430419922
2015-02-05,16100,25.270000457763672,25.520000457763672,25.520000457763672,25.06999969482422,22.324321746826172
2015-02-04,900,25.15999984741211,25.09000015258789,25.200000762939453,25.06999969482422,21.948165893554688
2015-02-03,12600,25.030000686645508,25.299999237060547,25.299999237060547,24.899999618530273,22.131868362426758
2015-02-02,9400,24.40999984741211,24.549999237060547,24.549999237060547,24.1299991607666,21.475788116455078
2015-01-30,2100,25.389999389648438,24.600000381469727,25.389999389648438,24.1200008392334,21.5195255279541
2015-01-29,14200,24.450000762939453,24.530000686645508,24.540000915527344,24.260000228881836,21.458293914794922
2015-01-28,8100,24.8799991607666,24.399999618530273,24.8799991607666,24.399999618530273,21.344568252563477
2015-01-27,600,24.59000015258789,24.799999237060547,24.799999237060547,24.59000015258789,21.69447898864746
2015-01-26,5700,24.850000381469727,24.899999618530273,24.940000534057617,24.84000015258789,21.781957626342773
2015-01-23,3100,25.010000228881836,24.989999771118164,25.09000015258789,24.989999771118164,21.860687255859375
2015-01-22,7200,24.8700008392334,25.1200008392334,25.139999389648438,24.850000381469727,21.974409103393555
2015-01-21,9900,24.600000381469727,24.709999084472656,24.719999313354492,24.549999237060547,21.61574935913086
2015-01-20,21800,24.389999389648438,24.360000610351562,24.389999389648438,24.139999389648438,21.309581756591797
2015-01-16,2500,24.25,24.219999313354492,24.329999923706055,24.190000534057617,21.18710708618164
2015-01-15,1400,23.959999084472656,24.149999618530273,24.149999618530273,23.959999084472656,21.125877380371094
2015-01-14,800,24.15999984741211,24.229999542236328,24.229999542236328,24.15999984741211,21.195858001708984
2015-01-13,1900,24.06999969482422,24.1200008392334,24.1200008392334,24.010000228881836,21.099634170532227
2015-01-12,3200,23.940000534057617,24.0,24.170000076293945,23.940000534057617,20.994661331176758
2015-01-09,48800,24.34000015258789,24.459999084472656,24.459999084472656,24.31999969482422,21.39705467224121
2015-01-08,1900,24.360000610351562,24.579999923706055,24.579999923706055,24.360000610351562,21.502029418945312
2015-01-07,3000,23.979999542236328,24.100000381469727,24.1299991607666,23.979999542236328,21.08213996887207
2015-01-06,2200,23.670000076293945,23.530000686645508,23.670000076293945,23.5,20.583513259887695
2015-01-05,4700,24.040000915527344,23.59000015258789,24.040000915527344,23.530000686645508,20.636001586914062
2015-01-02,900,24.010000228881836,23.979999542236328,24.010000228881836,23.979999542236328,20.977163314819336
2014-12-31,2600,24.68000030517578,24.18000030517578,24.68000030517578,24.18000030517578,21.15212059020996
2014-12-30,12700,24.260000228881836,24.34000015258789,24.440000534057617,24.260000228881836,21.292081832885742
2014-12-29,3600,24.549999237060547,24.350000381469727,24.56999969482422,24.350000381469727,21.300830841064453
2014-12-26,200,24.559999465942383,24.559999465942383,24.559999465942383,24.559999465942383,21.484533309936523
2014-12-24,1900,24.610000610351562,24.549999237060547,24.610000610351562,24.440000534057617,21.475788116455078
2014-12-23,2600,24.75,24.700000762939453,24.760000228881836,24.690000534057617,21.486722946166992
2014-12-22,1300,24.90999984741211,24.959999084472656,24.959999084472656,24.899999618530273,21.7128963470459
2014-12-19,20700,24.610000610351562,24.959999084472656,25.040000915527344,24.530000686645508,21.7128963470459
2014-12-18,7400,24.649999618530273,24.6200008392334,24.84000015258789,24.59000015258789,21.417131423950195
2014-12-17,9500,24.09000015258789,24.43000030517578,24.530000686645508,24.09000015258789,21.251848220825195
2014-12-16,5900,23.540000915527344,23.8799991607666,24.0,23.489999771118164,20.773399353027344
2014-12-15,10400,24.469999313354492,24.15999984741211,24.469999313354492,24.0,21.016969680786133
2014-12-12,9700,25.200000762939453,24.690000534057617,25.200000762939453,24.690000534057617,21.4780216217041
2014-12-11,12300,25.34000015258789,25.149999618530273,25.34000015258789,25.149999618530273,21.8781795501709
2014-12-10,13600,25.610000610351562,25.280000686645508,25.610000610351562,25.260000228881836,21.991268157958984
2014-12-09,6300,25.479999542236328,25.5,25.520000457763672,25.399999618530273,22.18265151977539
2014-12-08,4300,25.700000762939453,25.65999984741211,25.790000915527344,25.65999984741211,22.321834564208984
2014-12-05,700,25.969999313354492,26.0,26.0,25.969999313354492,22.617605209350586
2014-12-04,2500,26.31999969482422,26.309999465942383,26.31999969482422,26.139999389648438,22.887271881103516
2014-12-03,3200,26.260000228881836,26.360000610351562,26.360000610351562,26.040000915527344,22.930768966674805
2014-12-02,5700,26.299999237060547,26.34000015258789,26.350000381469727,26.299999237060547,22.913372039794922
2014-12-01,3400,26.420000076293945,26.5,26.5,26.420000076293945,23.052555084228516
2014-11-28,500,26.799999237060547,26.81999969482422,26.81999969482422,26.799999237060547,23.330930709838867
2014-11-26,6000,26.90999984741211,26.809999465942383,26.950000762939453,26.799999237060547,23.322223663330078
2014-11-25,1600,26.940000534057617,26.920000076293945,26.959999084472656,26.899999618530273,23.417917251586914
2014-11-24,8100,27.06999969482422,26.799999237060547,27.06999969482422,26.799999237060547,23.313528060913086
2014-11-21,18200,26.8799991607666,26.860000610351562,26.899999618530273,26.75,23.365726470947266
2014-11-20,900,26.40999984741211,26.520000457763672,26.520000457763672,26.40999984741211,23.06995391845703
2014-11-19,4000,26.709999084472656,26.469999313354492,26.709999084472656,26.350000381469727,23.026456832885742
2014-11-18,11900,26.489999771118164,26.420000076293945,26.489999771118164,26.31999969482422,22.98296546936035
2014-11-17,3500,26.299999237060547,26.190000534057617,26.299999237060547,26.059999465942383,22.782886505126953
2014-11-14,7300,26.3700008392334,26.459999084472656,26.459999084472656,25.979999542236328,23.01776123046875
2014-11-13,4700,26.329999923706055,26.229999542236328,26.34000015258789,26.18000030517578,22.81768035888672
2014-11-12,500,26.299999237060547,26.25,26.299999237060547,26.25,22.835081100463867
2014-11-11,0,26.09000015258789,26.09000015258789,26.09000015258789,26.09000015258789,22.695894241333008
2014-11-10,4200,26.149999618530273,26.09000015258789,26.190000534057617,26.049999237060547,22.695894241333008
2014-11-07,5300,25.829999923706055,25.889999389648438,25.93000030517578,25.829999923706055,22.521913528442383
2014-11-06,200,25.860000610351562,25.860000610351562,25.860000610351562,25.860000610351562,22.49581527709961
2014-11-05,15400,26.209999084472656,26.06999969482422,26.209999084472656,25.90999984741211,22.67849349975586
2014-11-04,800,26.270000457763672,26.25,26.270000457763672,26.25,22.835081100463867
2014-11-03,0,26.25,26.25,26.25,26.25,22.835081100463867
2014-10-31,400,26.25,26.25,26.25,26.25,22.835081100463867
2014-10-30,1100,26.290000915527344,26.350000381469727,26.399999618530273,26.290000915527344,22.922069549560547
2014-10-29,500,26.229999542236328,26.34000015258789,26.34000015258789,26.229999542236328,22.913372039794922
2014-10-28,1200,26.06999969482422,26.18000030517578,26.18000030517578,26.06999969482422,22.774188995361328
2014-10-27,1300,25.760000228881836,25.709999084472656,25.760000228881836,25.649999618530273,22.365325927734375
2014-10-24,3400,26.059999465942383,26.040000915527344,26.059999465942383,26.0,22.652400970458984
2014-10-23,3000,25.940000534057617,25.90999984741211,25.959999084472656,25.889999389648438,22.5393123626709
2014-10-22,2500,25.979999542236328,25.860000610351562,25.979999542236328,25.860000610351562,22.49581527709961
2014-10-21,11300,25.90999984741211,25.950000762939453,25.959999084472656,25.75,22.574106216430664
2014-10-20,4200,25.8700008392334,25.860000610351562,25.899999618530273,25.81999969482422,22.49581527709961
2014-10-17,7800,25.780000686645508,25.90999984741211,26.579999923706055,25.760000228881836,22.5393123626709
2014-10-16,1800,24.93000030517578,25.530000686645508,25.56999969482422,24.93000030517578,22.20874786376953
2014-10-15,12400,25.799999237060547,25.729999542236328,25.799999237060547,25.09000015258789,22.38272476196289
2014-10-14,1600,25.850000381469727,25.850000381469727,25.850000381469727,25.850000381469727,22.48711585998535
2014-10-13,4600,25.90999984741211,25.899999618530273,27.06999969482422,25.850000381469727,22.530611038208008
2014-10-10,4600,26.309999465942383,25.809999465942383,26.309999465942383,25.799999237060547,22.452316284179688
2014-10-09,4400,26.059999465942383,26.190000534057617,26.229999542236328,26.059999465942383,22.782886505126953
2014-10-08,1000,26.450000762939453,26.25,26.450000762939453,26.25,22.835081100463867
2014-10-07,6100,26.440000534057617,26.329999923706055,26.489999771118164,26.260000228881836,22.904674530029297
2014-10-06,2800,26.170000076293945,26.270000457763672,27.280000686645508,26.170000076293945,22.852481842041016
2014-10-03,600,26.0,25.989999771118164,26.0,25.93000030517578,22.60890007019043
2014-10-02,5800,26.8799991607666,26.110000610351562,26.8799991607666,25.540000915527344,22.713293075561523
2014-10-01,7200,26.200000762939453,26.100000381469727,26.200000762939453,26.079999923706055,22.704591751098633
2014-09-30,6000,26.239999771118164,26.34000015258789,26.559999465942383,26.239999771118164,22.913372039794922
2014-09-29,2500,26.65999984741211,26.360000610351562,26.65999984741211,26.209999084472656,22.930768966674805
2014-09-26,2500,26.5,26.889999389648438,26.889999389648438,26.469999313354492,23.39181900024414
2014-09-25,10900,26.530000686645508,26.75,26.760000228881836,26.420000076293945,23.270034790039062
2014-09-24,1400,26.15999984741211,26.700000762939453,26.989999771118164,26.15999984741211,23.226537704467773
2014-09-23,8100,26.899999618530273,27.079999923706055,27.18000030517578,26.75,23.410654067993164
2014-09-22,37400,26.809999465942383,27.110000610351562,27.149999618530273,26.709999084472656,23.436586380004883
2014-09-19,4200,27.18000030517578,27.18000030517578,27.18000030517578,26.940000534057617,23.497106552124023
2014-09-18,1500,27.190000534057617,27.190000534057617,27.209999084472656,27.15999984741211,23.50574493408203
2014-09-17,3900,27.5,27.350000381469727,27.5,27.350000381469727,23.644067764282227
2014-09-16,11600,27.15999984741211,27.520000457763672,27.559999465942383,27.15999984741211,23.791032791137695
2014-09-15,2400,27.200000762939453,27.290000915527344,27.290000915527344,27.149999618530273,23.592201232910156
2014-09-12,2900,27.450000762939453,27.489999771118164,27.520000457763672,27.3700008392334,23.765100479125977
2014-09-11,3100,27.75,27.579999923706055,27.75,27.579999923706055,23.8429012298584
2014-09-10,8000,27.799999237060547,27.799999237060547,27.850000381469727,27.75,24.033092498779297
2014-09-09,12600,28.190000534057617,27.790000915527344,28.399999618530273,27.790000915527344,24.024446487426758
2014-09-08,17500,28.299999237060547,28.549999237060547,28.760000228881836,28.100000381469727,24.681468963623047
2014-09-05,12600,28.350000381469727,28.209999084472656,28.959999084472656,28.190000534057617,24.387535095214844
2014-09-04,1300,28.1200008392334,28.290000915527344,28.31999969482422,28.1200008392334,24.45669937133789
2014-09-03,2600,28.020000457763672,28.219999313354492,28.25,28.020000457763672,24.39618492126465
2014-09-02,3800,28.010000228881836,28.010000228881836,28.010000228881836,28.0,24.21463966369629
2014-08-29,2500,28.700000762939453,28.049999237060547,28.700000762939453,28.030000686645508,24.249216079711914
2014-08-28,8600,28.010000228881836,28.100000381469727,28.100000381469727,28.010000228881836,24.29244041442871
2014-08-27,7400,28.219999313354492,28.309999465942383,28.309999465942383,28.049999237060547,24.473989486694336
2014-08-26,1100,28.049999237060547,28.0,28.049999237060547,28.0,24.20599365234375
2014-08-25,6600,28.0,28.049999237060547,28.049999237060547,27.979999542236328,24.249216079711914
2014-08-22,1300,28.06999969482422,27.989999771118164,28.06999969482422,27.989999771118164,24.197343826293945
2014-08-21,5700,27.989999771118164,27.959999084472656,28.030000686645508,27.93000030517578,24.171409606933594
2014-08-20,4400,27.93000030517578,27.920000076293945,28.010000228881836,27.850000381469727,24.13683319091797
2014-08-19,500,27.649999618530273,27.649999618530273,27.649999618530273,27.649999618530273,23.903417587280273
2014-08-18,2400,27.84000015258789,27.8799991607666,27.8799991607666,27.809999465942383,24.102251052856445
2014-08-15,2100,28.010000228881836,27.6299991607666,28.010000228881836,27.459999084472656,23.886125564575195
2014-08-14,2600,27.690000534057617,27.690000534057617,27.700000762939453,27.670000076293945,23.93800163269043
2014-08-13,1200,27.579999923706055,27.59000015258789,27.65999984741211,27.56999969482422,23.851545333862305
2014-08-12,5900,27.280000686645508,27.3700008392334,27.3700008392334,27.270000457763672,23.661357879638672
2014-08-11,5900,27.540000915527344,27.270000457763672,27.540000915527344,27.0,23.574907302856445
2014-08-08,5700,27.389999389648438,27.239999771118164,27.389999389648438,27.06999969482422,23.548973083496094
2014-08-07,5700,26.860000610351562,26.920000076293945,27.100000381469727,26.780000686645508,23.2723331451416
2014-08-06,8000,26.950000762939453,26.93000030517578,27.18000030517578,26.899999618530273,23.28097915649414
2014-08-05,24900,27.299999237060547,27.100000381469727,27.309999465942383,27.049999237060547,23.42794418334961
2014-08-04,13600,27.510000228881836,27.59000015258789,27.59000015258789,27.3799991607666,23.851545333862305
2014-08-01,4900,26.920000076293945,27.18000030517578,27.200000762939453,26.920000076293945,23.497106552124023
2014-07-31,8800,26.920000076293945,27.020000457763672,27.139999389648438,26.790000915527344,23.358781814575195
2014-07-30,4600,27.43000030517578,27.40999984741211,27.43000030517578,27.079999923706055,23.695940017700195
2014-07-29,7200,27.8799991607666,27.639999389648438,27.8799991607666,27.639999389648438,23.8947696685791
2014-07-28,2600,28.260000228881836,27.8799991607666,28.260000228881836,27.600000381469727,24.102251052856445
2014-07-25,4300,27.81999969482422,27.899999618530273,27.90999984741211,27.81999969482422,24.119544982910156
2014-07-24,5900,27.8799991607666,27.75,27.899999618530273,27.75,23.989866256713867
2014-07-23,1200,27.84000015258789,27.84000015258789,27.84000015258789,27.84000015258789,24.067672729492188
2014-07-22,8900,27.760000228881836,27.489999771118164,27.760000228881836,27.489999771118164,23.765100479125977
2014-07-21,9300,27.489999771118164,27.350000381469727,27.510000228881836,27.350000381469727,23.644067764282227
2014-07-18,5000,27.360000610351562,27.420000076293945,27.450000762939453,27.360000610351562,23.7045841217041
2014-07-17,8100,27.43000030517578,27.170000076293945,27.479999542236328,27.170000076293945,23.48845672607422
2014-07-16,2000,27.610000610351562,27.6299991607666,27.6299991607666,27.600000381469727,23.886125564575195
2014-07-15,3000,27.5,27.459999084472656,27.5,27.389999389648438,23.73916244506836
2014-07-14,5100,27.5,27.459999084472656,27.510000228881836,27.450000762939453,23.73916244506836
2014-07-11,2100,27.3799991607666,27.43000030517578,27.43000030517578,27.3799991607666,23.713224411010742
2014-07-10,3500,27.350000381469727,27.350000381469727,27.350000381469727,27.31999969482422,23.644067764282227
2014-07-09,900,27.329999923706055,27.389999389648438,27.389999389648438,27.329999923706055,23.678646087646484
2014-07-08,11400,27.079999923706055,27.299999237060547,27.299999237060547,27.079999923706055,23.60084342956543
2014-07-07,5600,27.139999389648438,27.18000030517578,27.190000534057617,27.09000015258789,23.497106552124023
2014-07-03,3100,28.489999771118164,27.139999389648438,28.489999771118164,27.010000228881836,23.462522506713867
2014-07-02,8700,27.09000015258789,26.920000076293945,27.09000015258789,26.90999984741211,23.2723331451416
2014-07-01,7100,27.170000076293945,26.920000076293945,27.170000076293945,26.920000076293945,23.2723331451416
2014-06-30,1100,26.969999313354492,26.920000076293945,26.969999313354492,26.920000076293945,23.2723331451416
2014-06-27,900,26.899999618530273,26.889999389648438,26.899999618530273,26.889999389648438,23.24639892578125
2014-06-26,2300,26.81999969482422,26.889999389648438,26.889999389648438,26.75,23.24639892578125
2014-06-25,4100,26.899999618530273,26.8799991607666,26.899999618530273,26.670000076293945,23.237751007080078
2014-06-24,2700,27.5,27.25,27.5,27.25,23.312360763549805
2014-06-23,12100,27.549999237060547,27.520000457763672,28.010000228881836,27.399999618530273,23.543344497680664
2014-06-20,4100,27.5,27.399999618530273,27.5,27.219999313354492,23.440683364868164
2014-06-19,3000,27.420000076293945,27.43000030517578,27.5,27.420000076293945,23.46634864807129
2014-06-18,1000,26.950000762939453,27.239999771118164,27.239999771118164,26.950000762939453,23.303804397583008
2014-06-17,4100,27.280000686645508,27.219999313354492,27.280000686645508,27.139999389648438,23.286693572998047
2014-06-16,2700,27.299999237060547,27.280000686645508,27.299999237060547,27.280000686645508,23.338024139404297
2014-06-13,7300,27.440000534057617,27.43000030517578,27.440000534057617,27.40999984741211,23.46634864807129
2014-06-12,800,27.510000228881836,27.43000030517578,27.510000228881836,27.43000030517578,23.46634864807129
2014-06-11,1100,27.200000762939453,27.459999084472656,27.459999084472656,27.200000762939453,23.49201202392578
2014-06-10,200,27.579999923706055,27.579999923706055,27.579999923706055,27.579999923706055,23.59467124938965
2014-06-09,3300,27.549999237060547,27.469999313354492,27.549999237060547,27.43000030517578,23.500566482543945
2014-06-06,1600,27.649999618530273,27.459999084472656,27.700000762939453,27.450000762939453,23.49201202392578
2014-06-05,400,27.260000228881836,27.260000228881836,27.260000228881836,27.260000228881836,23.3209171295166
2014-06-04,2500,26.989999771118164,26.950000762939453,27.010000228881836,26.950000762939453,23.05571174621582
2014-06-03,2700,27.030000686645508,26.969999313354492,27.030000686645508,26.969999313354492,23.07281494140625
2014-06-02,7200,27.0,26.899999618530273,27.0,26.860000610351562,23.012935638427734
2014-05-30,2000,27.06999969482422,27.020000457763672,27.06999969482422,26.989999771118164,23.11559295654297
2014-05-29,4400,27.270000457763672,27.34000015258789,27.34000015258789,27.049999237060547,23.389354705810547
2014-05-28,2600,27.389999389648438,27.1299991607666,27.389999389648438,27.100000381469727,23.209693908691406
2014-05-27,3300,27.520000457763672,26.969999313354492,27.520000457763672,26.940000534057617,23.07281494140625
2014-05-23,1200,27.399999618530273,27.40999984741211,27.40999984741211,27.389999389648438,23.44923973083496
2014-05-22,5600,27.729999542236328,27.239999771118164,27.729999542236328,27.239999771118164,23.303804397583008
2014-05-21,1400,27.030000686645508,27.020000457763672,27.030000686645508,26.75,23.11559295654297
2014-05-20,3500,27.0,26.8700008392334,27.0,26.860000610351562,22.987266540527344
2014-05-19,1900,27.040000915527344,27.1299991607666,27.1299991607666,27.040000915527344,23.209693908691406
2014-05-16,2400,27.0,26.770000457763672,27.010000228881836,26.770000457763672,22.901716232299805
2014-05-15,3900,26.760000228881836,26.549999237060547,28.559999465942383,26.549999237060547,22.7135066986084
2014-05-14,7800,26.75,26.829999923706055,26.850000381469727,26.729999542236328,22.953046798706055
2014-05-13,1400,26.719999313354492,26.739999771118164,26.739999771118164,26.670000076293945,22.876052856445312
2014-05-12,1500,26.65999984741211,26.65999984741211,26.65999984741211,26.649999618530273,22.8076114654541
2014-05-09,7600,26.530000686645508,26.489999771118164,26.549999237060547,26.440000534057617,22.66217613220215
2014-05-08,4200,26.5,26.450000762939453,26.549999237060547,26.420000076293945,22.627960205078125
2014-05-07,4000,26.510000228881836,26.3700008392334,26.510000228881836,26.239999771118164,22.559518814086914
2014-05-06,5700,26.290000915527344,26.270000457763672,26.309999465942383,26.270000457763672,22.47397232055664
2014-05-05,18200,26.43000030517578,26.209999084472656,26.43000030517578,26.139999389648438,22.422636032104492
2014-05-02,400,26.200000762939453,26.200000762939453,26.200000762939453,26.200000762939453,22.41408920288086
2014-05-01,5700,26.219999313354492,26.229999542236328,26.239999771118164,26.139999389648438,22.439748764038086
2014-04-30,1900,26.6200008392334,26.139999389648438,26.6200008392334,25.950000762939453,22.36275291442871
2014-04-29,10900,26.079999923706055,26.030000686645508,26.079999923706055,26.030000686645508,22.26865005493164
2014-04-28,1200,25.829999923706055,25.989999771118164,25.989999771118164,25.81999969482422,22.23442840576172
2014-04-25,13100,26.0,25.920000076293945,26.0,25.889999389648438,22.174545288085938
2014-04-24,300,26.190000534057617,26.010000228881836,26.190000534057617,26.0,22.251541137695312
2014-04-23,600,26.1299991607666,26.139999389648438,26.139999389648438,26.1299991607666,22.36275291442871
2014-04-22,1500,26.270000457763672,26.25,26.270000457763672,26.219999313354492,22.45686149597168
2014-04-21,3500,26.290000915527344,26.530000686645508,26.600000381469727,26.290000915527344,22.696399688720703
2014-04-17,1100,26.18000030517578,26.260000228881836,26.260000228881836,26.18000030517578,22.465417861938477
2014-04-16,700,26.100000381469727,26.139999389648438,26.139999389648438,26.100000381469727,22.36275291442871
2014-04-15,2600,26.010000228881836,25.940000534057617,26.020000457763672,25.81999969482422,22.191652297973633
2014-04-14,2100,26.200000762939453,26.18000030517578,26.309999465942383,26.18000030517578,22.396976470947266
2014-04-11,5500,26.15999984741211,26.1299991607666,26.18000030517578,26.030000686645508,22.354202270507812
2014-04-10,2000,26.700000762939453,25.959999084472656,26.700000762939453,25.959999084472656,22.208765029907227
2014-04-09,4100,26.020000457763672,26.190000534057617,26.200000762939453,25.959999084472656,22.40553092956543
2014-04-08,6400,26.059999465942383,26.15999984741211,26.299999237060547,26.059999465942383,22.379865646362305
2014-04-07,3800,25.690000534057617,25.729999542236328,25.729999542236328,25.56999969482422,22.011995315551758
2014-04-04,4900,25.899999618530273,25.510000228881836,25.899999618530273,25.510000228881836,21.82379150390625
2014-04-03,3400,25.579999923706055,25.510000228881836,25.989999771118164,25.459999084472656,21.82379150390625
2014-04-02,9700,25.459999084472656,25.59000015258789,25.59000015258789,25.450000762939453,21.892230987548828
2014-04-01,3900,25.809999465942383,25.559999465942383,25.809999465942383,25.559999465942383,21.866561889648438
2014-03-31,11300,25.670000076293945,25.43000030517578,25.670000076293945,25.34000015258789,21.755352020263672
2014-03-28,7000,25.31999969482422,25.290000915527344,25.459999084472656,25.290000915527344,21.635581970214844
