date,volume,open,close,high,low,adjclose
2018-11-16,140075,0.6800000071525574,0.6198999881744385,0.6898000240325928,0.5899999737739563,0.6198999881744385
2018-11-15,40300,0.75,0.6700000166893005,0.753000020980835,0.6499999761581421,0.6700000166893005
2018-11-14,28200,0.6700000166893005,0.6639999747276306,0.675000011920929,0.6549999713897705,0.6639999747276306
2018-11-13,117400,0.7200000286102295,0.6449999809265137,0.7200000286102295,0.6299999952316284,0.6449999809265137
2018-11-12,20400,0.7400000095367432,0.699999988079071,0.75,0.699999988079071,0.699999988079071
2018-11-09,51100,0.7400000095367432,0.7300000190734863,0.7599999904632568,0.6800000071525574,0.7300000190734863
2018-11-08,53400,0.7699999809265137,0.7300000190734863,0.7699999809265137,0.7250000238418579,0.7300000190734863
2018-11-07,90900,0.699999988079071,0.7450000047683716,0.7699999809265137,0.699999988079071,0.7450000047683716
2018-11-06,43000,0.6809999942779541,0.699999988079071,0.7200000286102295,0.6809999942779541,0.699999988079071
2018-11-05,39700,0.7300000190734863,0.6690000295639038,0.7300000190734863,0.6660000085830688,0.6690000295639038
2018-11-02,88600,0.7400000095367432,0.699999988079071,0.7400000095367432,0.6700000166893005,0.699999988079071
2018-11-01,112300,0.75,0.7200000286102295,0.75,0.6600000262260437,0.7200000286102295
2018-10-31,119200,0.6200000047683716,0.7239999771118164,0.7300000190734863,0.6159999966621399,0.7239999771118164
2018-10-30,83400,0.6000000238418579,0.6200000047683716,0.6299999952316284,0.550000011920929,0.6200000047683716
2018-10-29,96400,0.6539999842643738,0.6029999852180481,0.6700000166893005,0.5529999732971191,0.6029999852180481
2018-10-26,49500,0.6449999809265137,0.6309999823570251,0.6600000262260437,0.6309999823570251,0.6309999823570251
2018-10-25,57300,0.6480000019073486,0.6299999952316284,0.6480000019073486,0.6299999952316284,0.6299999952316284
2018-10-24,63900,0.6629999876022339,0.6480000019073486,0.6660000085830688,0.6480000019073486,0.6480000019073486
2018-10-23,66900,0.6600000262260437,0.6549999713897705,0.6610000133514404,0.6539999842643738,0.6549999713897705
2018-10-22,109900,0.6899999976158142,0.6700000166893005,0.7020000219345093,0.6650000214576721,0.6700000166893005
2018-10-19,138400,0.7200000286102295,0.6850000023841858,0.7350000143051147,0.6700000166893005,0.6850000023841858
2018-10-18,145400,0.75,0.7099999785423279,0.75,0.7099999785423279,0.7099999785423279
2018-10-17,116100,0.75,0.75,0.7609999775886536,0.7129999995231628,0.75
2018-10-16,233900,0.7450000047683716,0.75,0.75,0.7009999752044678,0.75
2018-10-15,32600,0.7400000095367432,0.7300000190734863,0.753000020980835,0.7300000190734863,0.7300000190734863
2018-10-12,100400,0.7699999809265137,0.7329999804496765,0.7699999809265137,0.7200000286102295,0.7329999804496765
2018-10-11,35200,0.7549999952316284,0.7549999952316284,0.7850000262260437,0.7549999952316284,0.7549999952316284
2018-10-10,52500,0.7799999713897705,0.7549999952316284,0.7799999713897705,0.7549999952316284,0.7549999952316284
2018-10-09,50100,0.7649999856948853,0.7599999904632568,0.7699999809265137,0.7549999952316284,0.7599999904632568
2018-10-08,55400,0.7799999713897705,0.7799999713897705,0.781000018119812,0.7599999904632568,0.7799999713897705
2018-10-05,53100,0.7799999713897705,0.7599999904632568,0.800000011920929,0.75,0.7599999904632568
2018-10-04,43500,0.7870000004768372,0.7799999713897705,0.800000011920929,0.777999997138977,0.7799999713897705
2018-10-03,58700,0.7649999856948853,0.7979999780654907,0.800000011920929,0.7649999856948853,0.7979999780654907
2018-10-02,90500,0.7699999809265137,0.7590000033378601,0.8100000023841858,0.7590000033378601,0.7590000033378601
2018-10-01,73800,0.800000011920929,0.7699999809265137,0.8100000023841858,0.7699999809265137,0.7699999809265137
2018-09-28,417900,0.8299999833106995,0.7900000214576721,0.871999979019165,0.7900000214576721,0.7900000214576721
2018-09-27,280900,0.7699999809265137,0.8140000104904175,0.8399999737739563,0.7620000243186951,0.8140000104904175
2018-09-26,225200,0.75,0.75,0.8100000023841858,0.7210000157356262,0.75
2018-09-25,155500,0.7200000286102295,0.7200000286102295,0.75,0.6899999976158142,0.7200000286102295
2018-09-24,43100,0.6800000071525574,0.6899999976158142,0.7200000286102295,0.6800000071525574,0.6899999976158142
2018-09-21,69100,0.6899999976158142,0.6899999976158142,0.7200000286102295,0.6899999976158142,0.6899999976158142
2018-09-20,47100,0.7139999866485596,0.6869999766349792,0.7200000286102295,0.6800000071525574,0.6869999766349792
2018-09-19,141000,0.7400000095367432,0.699999988079071,0.75,0.699999988079071,0.699999988079071
2018-09-18,78700,0.6700000166893005,0.7099999785423279,0.7099999785423279,0.6700000166893005,0.7099999785423279
2018-09-17,119900,0.699999988079071,0.6800000071525574,0.699999988079071,0.6800000071525574,0.6800000071525574
2018-09-14,21400,0.699999988079071,0.699999988079071,0.7300000190734863,0.699999988079071,0.699999988079071
2018-09-13,79700,0.7149999737739563,0.7099999785423279,0.7400000095367432,0.6919999718666077,0.7099999785423279
2018-09-12,59000,0.699999988079071,0.7049999833106995,0.75,0.6800000071525574,0.7049999833106995
2018-09-11,132000,0.7350000143051147,0.699999988079071,0.7570000290870667,0.699999988079071,0.699999988079071
2018-09-10,157700,0.7609999775886536,0.7200000286102295,0.7799999713897705,0.699999988079071,0.7200000286102295
2018-09-07,230700,0.699999988079071,0.7699999809265137,0.7699999809265137,0.6800000071525574,0.7699999809265137
2018-09-06,100200,0.6510000228881836,0.6700000166893005,0.675000011920929,0.6449999809265137,0.6700000166893005
2018-09-05,198400,0.6600000262260437,0.6449999809265137,0.6679999828338623,0.6200000047683716,0.6449999809265137
2018-09-04,99500,0.6600000262260437,0.6600000262260437,0.6850000023841858,0.6600000262260437,0.6600000262260437
2018-08-31,104800,0.7099999785423279,0.6600000262260437,0.7099999785423279,0.6600000262260437,0.6600000262260437
2018-08-30,108900,0.6600000262260437,0.6800000071525574,0.6949999928474426,0.6600000262260437,0.6800000071525574
2018-08-29,99300,0.6700000166893005,0.6600000262260437,0.6800000071525574,0.6499999761581421,0.6600000262260437
2018-08-28,238100,0.7129999995231628,0.675000011920929,0.7200000286102295,0.6660000085830688,0.675000011920929
2018-08-27,156600,0.7300000190734863,0.7110000252723694,0.75,0.699999988079071,0.7110000252723694
2018-08-24,147100,0.699999988079071,0.699999988079071,0.7200000286102295,0.6940000057220459,0.699999988079071
2018-08-23,194400,0.6700000166893005,0.6800000071525574,0.7200000286102295,0.6700000166893005,0.6800000071525574
2018-08-22,132000,0.6899999976158142,0.6700000166893005,0.6930000185966492,0.6700000166893005,0.6700000166893005
2018-08-21,212100,0.699999988079071,0.6899999976158142,0.7300000190734863,0.6800000071525574,0.6899999976158142
2018-08-20,471600,0.699999988079071,0.7059999704360962,0.7300000190734863,0.6800000071525574,0.7059999704360962
2018-08-17,265700,0.7799999713897705,0.7300000190734863,0.7950000166893005,0.7110000252723694,0.7300000190734863
2018-08-16,98200,0.8040000200271606,0.800000011920929,0.8109999895095825,0.7799999713897705,0.800000011920929
2018-08-15,173100,0.8550000190734863,0.8140000104904175,0.8799999952316284,0.7599999904632568,0.8140000104904175
2018-08-14,309900,0.8299999833106995,0.8550000190734863,0.8640000224113464,0.8050000071525574,0.8550000190734863
2018-08-13,178900,0.8799999952316284,0.8199999928474426,0.8899999856948853,0.800000011920929,0.8199999928474426
2018-08-10,222100,0.9150000214576721,0.8899999856948853,0.9399999976158142,0.8309999704360962,0.8899999856948853
2018-08-09,75500,0.949999988079071,0.9399999976158142,0.949999988079071,0.9020000100135803,0.9399999976158142
2018-08-08,44300,0.9700000286102295,0.949999988079071,0.9900000095367432,0.9399999976158142,0.949999988079071
2018-08-07,87200,0.949999988079071,0.9300000071525574,0.9599999785423279,0.8999999761581421,0.9300000071525574
2018-08-06,88600,0.9089999794960022,0.9350000023841858,0.9599999785423279,0.8999999761581421,0.9350000023841858
2018-08-03,235000,1.0199999809265137,0.9300000071525574,1.0199999809265137,0.8999999761581421,0.9300000071525574
2018-08-02,70000,1.0,1.0099999904632568,1.0299999713897705,0.949999988079071,1.0099999904632568
2018-08-01,107500,1.0,0.9950000047683716,1.0499999523162842,0.9909999966621399,0.9950000047683716
2018-07-31,103400,1.0299999713897705,1.0,1.0399999618530273,1.0,1.0
2018-07-30,116600,1.0399999618530273,1.0299999713897705,1.059999942779541,1.0199999809265137,1.0299999713897705
2018-07-27,282900,1.1100000143051147,1.0399999618530273,1.1200000047683716,0.9599999785423279,1.0399999618530273
2018-07-26,53600,1.1200000047683716,1.1200000047683716,1.1299999952316284,1.100000023841858,1.1200000047683716
2018-07-25,35600,1.1299999952316284,1.1200000047683716,1.1399999856948853,1.1100000143051147,1.1200000047683716
2018-07-24,130600,1.1299999952316284,1.1200000047683716,1.159999966621399,1.1109999418258667,1.1200000047683716
2018-07-23,159800,1.1699999570846558,1.1299999952316284,1.1699999570846558,1.100000023841858,1.1299999952316284
2018-07-20,60600,1.1399999856948853,1.149999976158142,1.149999976158142,1.1299999952316284,1.149999976158142
2018-07-19,276400,1.149999976158142,1.1200000047683716,1.190000057220459,1.1200000047683716,1.1200000047683716
2018-07-18,87500,1.2300000190734863,1.1799999475479126,1.2300000190734863,1.1699999570846558,1.1799999475479126
2018-07-17,59700,1.2000000476837158,1.2200000286102295,1.2200000286102295,1.159999966621399,1.2200000286102295
2018-07-16,296900,1.2200000286102295,1.190000057220459,1.2699999809265137,1.1710000038146973,1.190000057220459
2018-07-13,467500,1.1699999570846558,1.2300000190734863,1.2300000190734863,1.1430000066757202,1.2300000190734863
2018-07-12,171300,1.1399999856948853,1.149999976158142,1.149999976158142,1.1200000047683716,1.149999976158142
2018-07-11,59500,1.1399999856948853,1.149999976158142,1.149999976158142,1.1200000047683716,1.149999976158142
2018-07-10,105400,1.1399999856948853,1.1399999856948853,1.149999976158142,1.13100004196167,1.1399999856948853
2018-07-09,83400,1.1399999856948853,1.1299999952316284,1.1690000295639038,1.1299999952316284,1.1299999952316284
2018-07-06,84700,1.1399999856948853,1.1399999856948853,1.149999976158142,1.1200000047683716,1.1399999856948853
2018-07-05,63400,1.1399999856948853,1.149999976158142,1.149999976158142,1.1200000047683716,1.149999976158142
2018-07-03,71300,1.1699999570846558,1.1299999952316284,1.1729999780654907,1.121000051498413,1.1299999952316284
2018-07-02,149000,1.190000057220459,1.159999966621399,1.190000057220459,1.1100000143051147,1.159999966621399
2018-06-29,90200,1.159999966621399,1.159999966621399,1.1799999475479126,1.149999976158142,1.159999966621399
2018-06-28,356600,1.190000057220459,1.1399999856948853,1.2300000190734863,1.1299999952316284,1.1399999856948853
2018-06-27,227200,1.190000057220459,1.2300000190734863,1.2300000190734863,1.1699999570846558,1.2300000190734863
2018-06-26,140300,1.1100000143051147,1.1699999570846558,1.2000000476837158,1.1100000143051147,1.1699999570846558
2018-06-25,248300,1.2200000286102295,1.1200000047683716,1.2200000286102295,1.1100000143051147,1.1200000047683716
2018-06-22,226200,1.2000000476837158,1.2300000190734863,1.2300000190734863,1.1799999475479126,1.2300000190734863
2018-06-21,160800,1.2100000381469727,1.1799999475479126,1.2200000286102295,1.1699999570846558,1.1799999475479126
2018-06-20,212900,1.2100000381469727,1.2100000381469727,1.2400000095367432,1.1799999475479126,1.2100000381469727
2018-06-19,133600,1.1799999475479126,1.190000057220459,1.2300000190734863,1.1699999570846558,1.190000057220459
2018-06-18,111000,1.2100000381469727,1.2000000476837158,1.2300000190734863,1.190000057220459,1.2000000476837158
2018-06-15,315000,1.350000023841858,1.2100000381469727,1.350000023841858,1.2000000476837158,1.2100000381469727
2018-06-14,581400,1.25,1.3799999952316284,1.3799999952316284,1.1799999475479126,1.3799999952316284
2018-06-13,234300,1.2699999809265137,1.2300000190734863,1.2699999809265137,1.190000057220459,1.2300000190734863
2018-06-12,178000,1.2100000381469727,1.2400000095367432,1.2450000047683716,1.1920000314712524,1.2400000095367432
2018-06-11,226200,1.1399999856948853,1.1799999475479126,1.2300000190734863,1.1299999952316284,1.1799999475479126
2018-06-08,305100,1.2000000476837158,1.1699999570846558,1.2000000476837158,1.1200000047683716,1.1699999570846558
2018-06-07,291700,1.2300000190734863,1.2100000381469727,1.2400000095367432,1.1820000410079956,1.2100000381469727
2018-06-06,451700,1.2200000286102295,1.2200000286102295,1.25,1.1799999475479126,1.2200000286102295
2018-06-05,151500,1.25,1.2000000476837158,1.2549999952316284,1.1799999475479126,1.2000000476837158
2018-06-04,517800,1.350000023841858,1.2400000095367432,1.350000023841858,1.100000023841858,1.2400000095367432
2018-06-01,218100,1.340000033378601,1.350000023841858,1.3890000581741333,1.309999942779541,1.350000023841858
2018-05-31,192200,1.3300000429153442,1.3300000429153442,1.399999976158142,1.309999942779541,1.3300000429153442
2018-05-30,134900,1.3600000143051147,1.3300000429153442,1.4040000438690186,1.3300000429153442,1.3300000429153442
2018-05-29,279600,1.409999966621399,1.3700000047683716,1.4500000476837158,1.340000033378601,1.3700000047683716
2018-05-25,519100,1.5,1.399999976158142,1.5,1.3700000047683716,1.399999976158142
2018-05-24,483700,1.3799999952316284,1.4700000286102295,1.5,1.3200000524520874,1.4700000286102295
2018-05-23,711800,1.4500000476837158,1.3700000047683716,1.4500000476837158,1.2999999523162842,1.3700000047683716
2018-05-22,1374200,1.2999999523162842,1.4299999475479126,1.4390000104904175,1.2999999523162842,1.4299999475479126
2018-05-21,320500,1.2200000286102295,1.2899999618530273,1.2899999618530273,1.2200000286102295,1.2899999618530273
2018-05-18,305200,1.2799999713897705,1.190000057220459,1.2999999523162842,1.190000057220459,1.190000057220459
2018-05-17,845300,1.1799999475479126,1.2899999618530273,1.3550000190734863,1.1799999475479126,1.2899999618530273
2018-05-16,712700,1.1100000143051147,1.159999966621399,1.2000000476837158,1.1100000143051147,1.159999966621399
2018-05-15,172300,1.0499999523162842,1.1100000143051147,1.11899995803833,1.0399999618530273,1.1100000143051147
2018-05-14,219700,1.100000023841858,1.0399999618530273,1.1200000047683716,1.0299999713897705,1.0399999618530273
2018-05-11,391900,1.100000023841858,1.100000023841858,1.1299999952316284,1.069000005722046,1.100000023841858
2018-05-10,211600,1.0800000429153442,1.0700000524520874,1.0800000429153442,1.0299999713897705,1.0700000524520874
2018-05-09,107600,1.0399999618530273,1.0499999523162842,1.0499999523162842,1.0,1.0499999523162842
2018-05-08,144800,1.0199999809265137,1.0199999809265137,1.0859999656677246,1.0099999904632568,1.0199999809265137
2018-05-07,99000,1.0199999809265137,1.024999976158142,1.0800000429153442,1.0199999809265137,1.024999976158142
2018-05-04,71700,1.0499999523162842,1.0199999809265137,1.0499999523162842,0.9700000286102295,1.0199999809265137
2018-05-03,100000,1.0700000524520874,1.059999942779541,1.0800000429153442,1.0399999618530273,1.059999942779541
2018-05-02,104400,1.0199999809265137,1.0700000524520874,1.0700000524520874,1.0199999809265137,1.0700000524520874
2018-05-01,221400,1.100000023841858,1.0099999904632568,1.100000023841858,1.0099999904632568,1.0099999904632568
2018-04-30,477700,1.0499999523162842,1.1100000143051147,1.1399999856948853,1.0399999618530273,1.1100000143051147
2018-04-27,235900,0.9700000286102295,1.0299999713897705,1.0499999523162842,0.9580000042915344,1.0299999713897705
2018-04-26,139900,1.0399999618530273,0.9810000061988831,1.0399999618530273,0.9800000190734863,0.9810000061988831
2018-04-25,170300,0.996999979019165,1.0,1.0199999809265137,0.9300000071525574,1.0
2018-04-24,256200,1.0499999523162842,0.9850000143051147,1.0499999523162842,0.9800000190734863,0.9850000143051147
2018-04-23,735400,0.9739999771118164,1.0299999713897705,1.0490000247955322,0.9599999785423279,1.0299999713897705
2018-04-20,26400,0.9419999718666077,0.9559999704360962,1.0,0.9350000023841858,0.9559999704360962
2018-04-19,98000,0.9580000042915344,0.949999988079071,0.9700000286102295,0.9300000071525574,0.949999988079071
2018-04-18,388600,0.9200000166893005,0.9449999928474426,1.0,0.9200000166893005,0.9449999928474426
2018-04-17,117000,0.925000011920929,0.9190000295639038,0.949999988079071,0.9120000004768372,0.9190000295639038
2018-04-16,144900,0.9599999785423279,0.9399999976158142,0.9599999785423279,0.906000018119812,0.9399999976158142
2018-04-13,116900,0.9089999794960022,0.9399999976158142,0.9599999785423279,0.9089999794960022,0.9399999976158142
2018-04-12,168300,0.9200000166893005,0.9240000247955322,0.949999988079071,0.8949999809265137,0.9240000247955322
2018-04-11,142200,0.8999999761581421,0.8999999761581421,0.9599999785423279,0.8809999823570251,0.8999999761581421
2018-04-10,94100,0.8859999775886536,0.9150000214576721,0.9179999828338623,0.8709999918937683,0.9150000214576721
2018-04-09,58000,0.890999972820282,0.8709999918937683,0.9100000262260437,0.8610000014305115,0.8709999918937683
2018-04-06,39800,0.8830000162124634,0.8970000147819519,0.9100000262260437,0.8669999837875366,0.8970000147819519
2018-04-05,58200,0.8899999856948853,0.9100000262260437,0.9179999828338623,0.8519999980926514,0.9100000262260437
2018-04-04,81400,0.8899999856948853,0.8899999856948853,0.9169999957084656,0.8510000109672546,0.8899999856948853
2018-04-03,98700,0.8600000143051147,0.8799999952316284,0.9350000023841858,0.8600000143051147,0.8799999952316284
2018-04-02,126100,0.9300000071525574,0.8600000143051147,0.949999988079071,0.8569999933242798,0.8600000143051147
2018-03-29,60000,0.871999979019165,0.9100000262260437,0.949999988079071,0.8539999723434448,0.9100000262260437
2018-03-28,251400,0.8700000047683716,0.8840000033378601,0.949999988079071,0.8600000143051147,0.8840000033378601
2018-03-27,254500,0.890999972820282,0.8429999947547913,0.9300000071525574,0.8399999737739563,0.8429999947547913
2018-03-26,38500,0.902999997138977,0.9039999842643738,0.9100000262260437,0.8529999852180481,0.9039999842643738
2018-03-23,132600,0.9070000052452087,0.9089999794960022,0.9089999794960022,0.8560000061988831,0.9089999794960022
2018-03-22,290100,1.0,0.9200000166893005,1.0,0.8399999737739563,0.9200000166893005
2018-03-21,213400,1.0399999618530273,1.0099999904632568,1.0499999523162842,0.9300000071525574,1.0099999904632568
2018-03-20,142200,1.0800000429153442,1.0399999618530273,1.0800000429153442,1.0,1.0399999618530273
2018-03-19,229900,1.059999942779541,1.059999942779541,1.0800000429153442,1.0,1.059999942779541
2018-03-16,156700,0.9330000281333923,1.0399999618530273,1.0399999618530273,0.9330000281333923,1.0399999618530273
2018-03-15,223100,0.9599999785423279,0.949999988079071,1.0099999904632568,0.9300000071525574,0.949999988079071
2018-03-14,402400,0.8420000076293945,0.9599999785423279,0.9800000190734863,0.8420000076293945,0.9599999785423279
2018-03-13,78000,0.8199999928474426,0.8399999737739563,0.8399999737739563,0.8100000023841858,0.8399999737739563
2018-03-12,100100,0.8100000023841858,0.824999988079071,0.859000027179718,0.8019999861717224,0.824999988079071
2018-03-09,68700,0.8090000152587891,0.8180000185966492,0.8489999771118164,0.800000011920929,0.8180000185966492
2018-03-08,44900,0.8059999942779541,0.8009999990463257,0.843999981880188,0.800000011920929,0.8009999990463257
2018-03-07,117000,0.8109999895095825,0.7910000085830688,0.8429999947547913,0.7910000085830688,0.7910000085830688
2018-03-06,94600,0.8999999761581421,0.8130000233650208,0.9049999713897705,0.8130000233650208,0.8130000233650208
2018-03-05,117500,0.8100000023841858,0.8899999856948853,0.8899999856948853,0.8100000023841858,0.8899999856948853
2018-03-02,44100,0.8169999718666077,0.8100000023841858,0.847000002861023,0.7900000214576721,0.8100000023841858
2018-03-01,103000,0.8299999833106995,0.8100000023841858,0.902999997138977,0.800000011920929,0.8100000023841858
2018-02-28,53000,0.8230000138282776,0.8299999833106995,0.8799999952316284,0.8199999928474426,0.8299999833106995
2018-02-27,46800,0.8299999833106995,0.8230000138282776,0.8679999709129333,0.8100000023841858,0.8230000138282776
2018-02-26,69200,0.8579999804496765,0.8299999833106995,0.8799999952316284,0.8130000233650208,0.8299999833106995
2018-02-23,43000,0.8299999833106995,0.8500000238418579,0.8579999804496765,0.8029999732971191,0.8500000238418579
2018-02-22,66600,0.8489999771118164,0.8289999961853027,0.8870000243186951,0.7799999713897705,0.8289999961853027
2018-02-21,6200,0.8489999771118164,0.8569999933242798,0.8569999933242798,0.8420000076293945,0.8569999933242798
2018-02-20,29100,0.8399999737739563,0.8569999933242798,0.8899999856948853,0.8399999737739563,0.8569999933242798
2018-02-16,6600,0.8299999833106995,0.8550000190734863,0.8550000190734863,0.8299999833106995,0.8550000190734863
2018-02-15,16100,0.8550000190734863,0.8450000286102295,0.8600000143051147,0.8220000267028809,0.8450000286102295
2018-02-14,38700,0.8600000143051147,0.8600000143051147,0.8830000162124634,0.8240000009536743,0.8600000143051147
2018-02-13,47900,0.8299999833106995,0.8600000143051147,0.8650000095367432,0.8220000267028809,0.8600000143051147
2018-02-12,47800,0.8199999928474426,0.8220000267028809,0.8899999856948853,0.8199999928474426,0.8220000267028809
2018-02-09,230500,0.8999999761581421,0.8100000023841858,0.8999999761581421,0.800000011920929,0.8100000023841858
2018-02-08,56100,0.9599999785423279,0.9100000262260437,0.9599999785423279,0.8999999761581421,0.9100000262260437
2018-02-07,39100,0.949999988079071,0.949999988079071,0.9580000042915344,0.9179999828338623,0.949999988079071
2018-02-06,91600,0.8700000047683716,0.925000011920929,0.925000011920929,0.8700000047683716,0.925000011920929
2018-02-05,169100,0.8999999761581421,0.8700000047683716,0.9330000281333923,0.8700000047683716,0.8700000047683716
2018-02-02,97300,0.9129999876022339,0.9049999713897705,0.9399999976158142,0.8999999761581421,0.9049999713897705
2018-02-01,86800,0.8899999856948853,0.9100000262260437,0.949999988079071,0.8899999856948853,0.9100000262260437
2018-01-31,119000,0.949999988079071,0.9079999923706055,0.949999988079071,0.8809999823570251,0.9079999923706055
2018-01-30,78300,0.8999999761581421,0.925000011920929,0.9449999928474426,0.875,0.925000011920929
2018-01-29,130000,0.9769999980926514,0.878000020980835,0.9769999980926514,0.8600000143051147,0.878000020980835
2018-01-26,63200,0.9279999732971191,0.9599999785423279,0.9599999785423279,0.9279999732971191,0.9599999785423279
2018-01-25,36500,0.9890000224113464,0.9229999780654907,0.9890000224113464,0.9210000038146973,0.9229999780654907
2018-01-24,24300,0.9100000262260437,0.9459999799728394,0.9459999799728394,0.9100000262260437,0.9459999799728394
2018-01-23,53500,0.9599999785423279,0.9330000281333923,0.9649999737739563,0.9179999828338623,0.9330000281333923
2018-01-22,82300,0.9700000286102295,0.9440000057220459,1.0099999904632568,0.8999999761581421,0.9440000057220459
2018-01-19,43600,0.9309999942779541,0.9649999737739563,0.9890000224113464,0.9309999942779541,0.9649999737739563
2018-01-18,98000,0.9900000095367432,0.9629999995231628,0.9900000095367432,0.8999999761581421,0.9629999995231628
2018-01-17,83100,1.0399999618530273,0.9900000095367432,1.0399999618530273,0.9599999785423279,0.9900000095367432
2018-01-16,115000,1.0,1.0499999523162842,1.093999981880188,1.0,1.0499999523162842
2018-01-12,125200,1.0299999713897705,1.0099999904632568,1.0299999713897705,0.9750000238418579,1.0099999904632568
2018-01-11,263900,0.949999988079071,1.0199999809265137,1.0499999523162842,0.9399999976158142,1.0199999809265137
2018-01-10,469300,1.100000023841858,0.949999988079071,1.190000057220459,0.949999988079071,0.949999988079071
2018-01-09,1009400,0.8799999952316284,1.0,1.2000000476837158,0.8299999833106995,1.0
2018-01-08,96700,0.7300000190734863,0.7570000290870667,0.7599999904632568,0.7269999980926514,0.7570000290870667
2018-01-05,55300,0.699999988079071,0.7329999804496765,0.75,0.699999988079071,0.7329999804496765
2018-01-04,246600,0.6629999876022339,0.7200000286102295,0.7310000061988831,0.6600000262260437,0.7200000286102295
2018-01-03,80900,0.6299999952316284,0.6579999923706055,0.6629999876022339,0.6299999952316284,0.6579999923706055
2018-01-02,20000,0.6299999952316284,0.6299999952316284,0.6600000262260437,0.6299999952316284,0.6299999952316284
2017-12-29,45700,0.6200000047683716,0.6439999938011169,0.6679999828338623,0.6200000047683716,0.6439999938011169
2017-12-28,40400,0.6460000276565552,0.6539999842643738,0.6650000214576721,0.6439999938011169,0.6539999842643738
2017-12-27,15000,0.6179999709129333,0.6489999890327454,0.6499999761581421,0.6179999709129333,0.6489999890327454
2017-12-26,7800,0.6489999890327454,0.6209999918937683,0.6489999890327454,0.6190000176429749,0.6209999918937683
2017-12-22,231400,0.6100000143051147,0.6489999890327454,0.6489999890327454,0.5809999704360962,0.6489999890327454
2017-12-21,40100,0.6100000143051147,0.6100000143051147,0.6179999709129333,0.6000000238418579,0.6100000143051147
2017-12-20,14600,0.6299999952316284,0.6159999966621399,0.6299999952316284,0.6100000143051147,0.6159999966621399
2017-12-19,68800,0.6200000047683716,0.6349999904632568,0.6349999904632568,0.5699999928474426,0.6349999904632568
2017-12-18,75700,0.6399999856948853,0.6399999856948853,0.6399999856948853,0.6100000143051147,0.6399999856948853
2017-12-15,90000,0.6430000066757202,0.6349999904632568,0.6430000066757202,0.6110000014305115,0.6349999904632568
2017-12-14,183100,0.6600000262260437,0.6480000019073486,0.6600000262260437,0.5899999737739563,0.6480000019073486
2017-12-13,54400,0.6880000233650208,0.6299999952316284,0.6880000233650208,0.6150000095367432,0.6299999952316284
2017-12-12,22700,0.6620000004768372,0.675000011920929,0.675000011920929,0.6579999923706055,0.675000011920929
2017-12-11,101000,0.6499999761581421,0.6600000262260437,0.7139999866485596,0.6470000147819519,0.6600000262260437
2017-12-08,69000,0.6240000128746033,0.6470000147819519,0.6520000100135803,0.621999979019165,0.6470000147819519
2017-12-07,39100,0.6010000109672546,0.6370000243186951,0.6370000243186951,0.6010000109672546,0.6370000243186951
2017-12-06,53000,0.6499999761581421,0.621999979019165,0.6499999761581421,0.6150000095367432,0.621999979019165
2017-12-05,85800,0.6549999713897705,0.652999997138977,0.699999988079071,0.6499999761581421,0.652999997138977
2017-12-04,181200,0.7400000095367432,0.6600000262260437,0.7400000095367432,0.652999997138977,0.6600000262260437
2017-12-01,142600,0.7260000109672546,0.7379999756813049,0.7379999756813049,0.6940000057220459,0.7379999756813049
2017-11-30,59400,0.718999981880188,0.7210000157356262,0.7400000095367432,0.7170000076293945,0.7210000157356262
2017-11-29,54200,0.7400000095367432,0.7099999785423279,0.7400000095367432,0.7059999704360962,0.7099999785423279
2017-11-28,105600,0.7170000076293945,0.7099999785423279,0.7580000162124634,0.7049999833106995,0.7099999785423279
2017-11-27,90500,0.7279999852180481,0.6909999847412109,0.7279999852180481,0.6840000152587891,0.6909999847412109
2017-11-24,13100,0.7300000190734863,0.7329999804496765,0.7329999804496765,0.7170000076293945,0.7329999804496765
2017-11-22,74600,0.7120000123977661,0.7229999899864197,0.7429999709129333,0.6759999990463257,0.7229999899864197
2017-11-21,191100,0.6510000228881836,0.703000009059906,0.7450000047683716,0.6510000228881836,0.703000009059906
2017-11-20,107500,0.6000000238418579,0.6499999761581421,0.6650000214576721,0.6000000238418579,0.6499999761581421
2017-11-17,83400,0.6000000238418579,0.6299999952316284,0.6439999938011169,0.6000000238418579,0.6299999952316284
2017-11-16,56100,0.6050000190734863,0.6100000143051147,0.6100000143051147,0.5899999737739563,0.6100000143051147
2017-11-15,58700,0.6000000238418579,0.6100000143051147,0.6200000047683716,0.5550000071525574,0.6100000143051147
2017-11-14,623300,0.6800000071525574,0.5960000157356262,0.6949999928474426,0.5799999833106995,0.5960000157356262
2017-11-13,233900,0.6470000147819519,0.7289999723434448,0.7300000190734863,0.6320000290870667,0.7289999723434448
2017-11-10,164900,0.6209999918937683,0.6420000195503235,0.6890000104904175,0.6200000047683716,0.6420000195503235
2017-11-09,1379500,0.546999990940094,0.6700000166893005,0.75,0.5239999890327454,0.6700000166893005
2017-11-08,374700,0.5400000214576721,0.5210000276565552,0.5540000200271606,0.5210000276565552,0.5210000276565552
2017-11-07,255100,0.578000009059906,0.5379999876022339,0.578000009059906,0.5220000147819519,0.5379999876022339
2017-11-06,293400,0.6539999842643738,0.550000011920929,0.6600000262260437,0.5299999713897705,0.550000011920929
2017-11-03,472500,0.5870000123977661,0.6489999890327454,0.6539999842643738,0.5600000023841858,0.6489999890327454
2017-11-02,707700,0.5070000290870667,0.6000000238418579,0.7699999809265137,0.492000013589859,0.6000000238418579
2017-11-01,294900,0.5040000081062317,0.5170000195503235,0.5270000100135803,0.49000000953674316,0.5170000195503235
2017-10-31,137400,0.5099999904632568,0.47999998927116394,0.5400000214576721,0.47999998927116394,0.47999998927116394
2017-10-30,154400,0.5299999713897705,0.5009999871253967,0.5569999814033508,0.4909999966621399,0.5009999871253967
2017-10-27,351800,0.45500001311302185,0.5299999713897705,0.550000011920929,0.43299999833106995,0.5299999713897705
2017-10-26,97900,0.4740000069141388,0.43299999833106995,0.5,0.43299999833106995,0.43299999833106995
2017-10-25,99500,0.46000000834465027,0.45100000500679016,0.49799999594688416,0.4300000071525574,0.45100000500679016
2017-10-24,216000,0.49000000953674316,0.45100000500679016,0.5180000066757202,0.4300000071525574,0.45100000500679016
2017-10-23,164800,0.5400000214576721,0.5,0.5519999861717224,0.4300000071525574,0.5
2017-10-20,77800,0.5339999794960022,0.5320000052452087,0.5600000023841858,0.531000018119812,0.5320000052452087
2017-10-19,92300,0.5400000214576721,0.531000018119812,0.5529999732971191,0.531000018119812,0.531000018119812
2017-10-18,92800,0.5600000023841858,0.5400000214576721,0.5649999976158142,0.531000018119812,0.5400000214576721
2017-10-17,128200,0.5889999866485596,0.5619999766349792,0.5889999866485596,0.550000011920929,0.5619999766349792
2017-10-16,45100,0.5899999737739563,0.5699999928474426,0.5899999737739563,0.5559999942779541,0.5699999928474426
2017-10-13,114200,0.5419999957084656,0.5759999752044678,0.5910000205039978,0.5329999923706055,0.5759999752044678
2017-10-12,35100,0.5899999737739563,0.5429999828338623,0.5899999737739563,0.5400000214576721,0.5429999828338623
2017-10-11,42500,0.5699999928474426,0.5649999976158142,0.5699999928474426,0.550000011920929,0.5649999976158142
2017-10-10,55700,0.531000018119812,0.5600000023841858,0.5699999928474426,0.531000018119812,0.5600000023841858
2017-10-09,55400,0.550000011920929,0.550000011920929,0.5699999928474426,0.4650000035762787,0.550000011920929
2017-10-06,177400,0.6000000238418579,0.5799999833106995,0.6000000238418579,0.5350000262260437,0.5799999833106995
2017-10-05,205200,0.5400000214576721,0.5789999961853027,0.6000000238418579,0.5339999794960022,0.5789999961853027
2017-10-04,71300,0.5400000214576721,0.5329999923706055,0.5600000023841858,0.5329999923706055,0.5329999923706055
2017-10-03,14500,0.5529999732971191,0.5410000085830688,0.5600000023841858,0.5410000085830688,0.5410000085830688
2017-10-02,80200,0.5400000214576721,0.5600000023841858,0.5799999833106995,0.5400000214576721,0.5600000023841858
2017-09-29,172600,0.5299999713897705,0.5339999794960022,0.5600000023841858,0.5239999890327454,0.5339999794960022
2017-09-28,56300,0.5720000267028809,0.550000011920929,0.5720000267028809,0.531000018119812,0.550000011920929
2017-09-27,193300,0.5600000023841858,0.5759999752044678,0.5759999752044678,0.5210000276565552,0.5759999752044678
2017-09-26,146900,0.550000011920929,0.5879999995231628,0.5879999995231628,0.5009999871253967,0.5879999995231628
2017-09-25,521500,0.5849999785423279,0.5630000233650208,0.6100000143051147,0.5,0.5630000233650208
2017-09-22,540000,0.4320000112056732,0.5899999737739563,0.6000000238418579,0.4320000112056732,0.5899999737739563
2017-09-21,149600,0.4699999988079071,0.4519999921321869,0.47999998927116394,0.4300000071525574,0.4519999921321869
2017-09-20,96700,0.4690000116825104,0.4300000071525574,0.4790000021457672,0.4300000071525574,0.4300000071525574
2017-09-19,96100,0.4410000145435333,0.4699999988079071,0.4699999988079071,0.4399999976158142,0.4699999988079071
2017-09-18,188000,0.4300000071525574,0.4699999988079071,0.4790000021457672,0.421999990940094,0.4699999988079071
2017-09-15,399800,0.47099998593330383,0.460999995470047,0.47099998593330383,0.4099999964237213,0.460999995470047
2017-09-14,211200,0.41999998688697815,0.44999998807907104,0.46000000834465027,0.41999998688697815,0.44999998807907104
2017-09-13,179900,0.4099999964237213,0.44999998807907104,0.44999998807907104,0.38600000739097595,0.44999998807907104
2017-09-12,256900,0.38999998569488525,0.4300000071525574,0.4390000104904175,0.38499999046325684,0.4300000071525574
2017-09-11,210900,0.38999998569488525,0.4000000059604645,0.43299999833106995,0.3799999952316284,0.4000000059604645
2017-09-08,77000,0.43299999833106995,0.44999998807907104,0.44999998807907104,0.4000000059604645,0.44999998807907104
2017-09-07,47400,0.46000000834465027,0.4519999921321869,0.46000000834465027,0.4300000071525574,0.4519999921321869
2017-09-06,55900,0.4399999976158142,0.4580000042915344,0.4699999988079071,0.41999998688697815,0.4580000042915344
2017-09-05,175900,0.48500001430511475,0.44600000977516174,0.5,0.4099999964237213,0.44600000977516174
2017-09-01,27900,0.5199999809265137,0.4699999988079071,0.5199999809265137,0.4699999988079071,0.4699999988079071
2017-08-31,249900,0.4699999988079071,0.47600001096725464,0.5199999809265137,0.46399998664855957,0.47600001096725464
2017-08-30,117200,0.45500001311302185,0.5,0.5,0.4300000071525574,0.5
2017-08-29,69300,0.4699999988079071,0.4429999887943268,0.4729999899864197,0.4300000071525574,0.4429999887943268
2017-08-28,258600,0.4399999976158142,0.46000000834465027,0.46000000834465027,0.4009999930858612,0.46000000834465027
2017-08-25,30900,0.46000000834465027,0.4300000071525574,0.46000000834465027,0.4000000059604645,0.4300000071525574
2017-08-24,371200,0.41499999165534973,0.44999998807907104,0.45500001311302185,0.3050000071525574,0.44999998807907104
2017-08-23,107500,0.46000000834465027,0.4230000078678131,0.46000000834465027,0.4000000059604645,0.4230000078678131
2017-08-22,263200,0.4449999928474426,0.4399999976158142,0.4699999988079071,0.4309999942779541,0.4399999976158142
2017-08-21,138500,0.4099999964237213,0.4300000071525574,0.44999998807907104,0.39899998903274536,0.4300000071525574
2017-08-18,449000,0.3619999885559082,0.41200000047683716,0.41200000047683716,0.3619999885559082,0.41200000047683716
2017-08-17,136400,0.3700000047683716,0.38999998569488525,0.38999998569488525,0.36000001430511475,0.38999998569488525
2017-08-16,124000,0.36800000071525574,0.3779999911785126,0.38999998569488525,0.3529999852180481,0.3779999911785126
2017-08-15,45600,0.3619999885559082,0.375,0.3970000147819519,0.3619999885559082,0.375
2017-08-14,98500,0.3700000047683716,0.38999998569488525,0.38999998569488525,0.3610000014305115,0.38999998569488525
2017-08-11,196600,0.3400000035762787,0.36000001430511475,0.3779999911785126,0.3400000035762787,0.36000001430511475
2017-08-10,114200,0.38999998569488525,0.3499999940395355,0.38999998569488525,0.3400000035762787,0.3499999940395355
2017-08-09,352100,0.3400000035762787,0.3799999952316284,0.3959999978542328,0.3400000035762787,0.3799999952316284
2017-08-08,70700,0.3400000035762787,0.3479999899864197,0.3790000081062317,0.3400000035762787,0.3479999899864197
2017-08-07,85700,0.375,0.3499999940395355,0.375,0.3400000035762787,0.3499999940395355
2017-08-04,57500,0.3499999940395355,0.3580000102519989,0.3799999952316284,0.3499999940395355,0.3580000102519989
2017-08-03,92400,0.36000001430511475,0.3499999940395355,0.3970000147819519,0.3499999940395355,0.3499999940395355
2017-08-02,42700,0.3310000002384186,0.34599998593330383,0.36000001430511475,0.3310000002384186,0.34599998593330383
2017-08-01,37100,0.33799999952316284,0.33899998664855957,0.34299999475479126,0.32499998807907104,0.33899998664855957
2017-07-31,33300,0.3400000035762787,0.3370000123977661,0.3499999940395355,0.33000001311302185,0.3370000123977661
2017-07-28,187500,0.3199999928474426,0.33500000834465027,0.35600000619888306,0.3199999928474426,0.33500000834465027
2017-07-27,51800,0.33000001311302185,0.35499998927116394,0.35499998927116394,0.33000001311302185,0.35499998927116394
2017-07-26,47300,0.33000001311302185,0.3400000035762787,0.36000001430511475,0.33000001311302185,0.3400000035762787
2017-07-25,68200,0.33899998664855957,0.33899998664855957,0.36000001430511475,0.33899998664855957,0.33899998664855957
2017-07-24,33200,0.35899999737739563,0.3499999940395355,0.35899999737739563,0.3400000035762787,0.3499999940395355
2017-07-21,59600,0.3400000035762787,0.3499999940395355,0.3499999940395355,0.33000001311302185,0.3499999940395355
2017-07-20,109800,0.3499999940395355,0.3400000035762787,0.36000001430511475,0.3400000035762787,0.3400000035762787
2017-07-19,36600,0.3400000035762787,0.3449999988079071,0.3569999933242798,0.3400000035762787,0.3449999988079071
2017-07-18,134200,0.367000013589859,0.3400000035762787,0.367000013589859,0.3310000002384186,0.3400000035762787
2017-07-17,320700,0.33000001311302185,0.3499999940395355,0.3700000047683716,0.3199999928474426,0.3499999940395355
2017-07-14,47900,0.33799999952316284,0.33500000834465027,0.33799999952316284,0.3199999928474426,0.33500000834465027
2017-07-13,67500,0.335999995470047,0.3199999928474426,0.34599998593330383,0.3050000071525574,0.3199999928474426
2017-07-12,107500,0.3479999899864197,0.3199999928474426,0.3799999952316284,0.3050000071525574,0.3199999928474426
2017-07-11,70000,0.3400000035762787,0.3400000035762787,0.36000001430511475,0.33500000834465027,0.3400000035762787
2017-07-10,114100,0.3179999887943268,0.328000009059906,0.33399999141693115,0.30000001192092896,0.328000009059906
2017-07-07,128100,0.3009999990463257,0.30300000309944153,0.30799999833106995,0.2800000011920929,0.30300000309944153
2017-07-06,71400,0.3149999976158142,0.30000001192092896,0.3149999976158142,0.30000001192092896,0.30000001192092896
2017-07-05,189300,0.31200000643730164,0.30000001192092896,0.32899999618530273,0.30000001192092896,0.30000001192092896
2017-07-03,36100,0.31299999356269836,0.3100000023841858,0.3400000035762787,0.30000001192092896,0.3100000023841858
2017-06-30,53300,0.328000009059906,0.3100000023841858,0.328000009059906,0.3100000023841858,0.3100000023841858
2017-06-29,196400,0.34700000286102295,0.3199999928474426,0.3619999885559082,0.3199999928474426,0.3199999928474426
2017-06-28,72300,0.33000001311302185,0.33000001311302185,0.3580000102519989,0.33000001311302185,0.33000001311302185
2017-06-27,62100,0.3499999940395355,0.3449999988079071,0.36000001430511475,0.33500000834465027,0.3449999988079071
2017-06-26,44900,0.3499999940395355,0.3499999940395355,0.36899998784065247,0.34700000286102295,0.3499999940395355
2017-06-23,130000,0.37599998712539673,0.33500000834465027,0.38199999928474426,0.33500000834465027,0.33500000834465027
2017-06-22,108000,0.3700000047683716,0.3580000102519989,0.3799999952316284,0.35499998927116394,0.3580000102519989
2017-06-21,76300,0.375,0.3799999952316284,0.3970000147819519,0.3610000014305115,0.3799999952316284
2017-06-20,152400,0.3499999940395355,0.38499999046325684,0.4099999964237213,0.3499999940395355,0.38499999046325684
2017-06-19,118900,0.3499999940395355,0.38100001215934753,0.39800000190734863,0.3499999940395355,0.38100001215934753
2017-06-16,86600,0.38999998569488525,0.35499998927116394,0.3970000147819519,0.3540000021457672,0.35499998927116394
2017-06-15,155900,0.3659999966621399,0.39500001072883606,0.39500001072883606,0.3449999988079071,0.39500001072883606
2017-06-14,153700,0.3790000081062317,0.367000013589859,0.38499999046325684,0.3319999873638153,0.367000013589859
2017-06-13,181500,0.3799999952316284,0.3700000047683716,0.38100001215934753,0.3149999976158142,0.3700000047683716
2017-06-12,44700,0.3199999928474426,0.33799999952316284,0.3400000035762787,0.3050000071525574,0.33799999952316284
2017-06-09,74200,0.335999995470047,0.33000001311302185,0.3499999940395355,0.3100000023841858,0.33000001311302185
2017-06-08,89400,0.33000001311302185,0.3199999928474426,0.3400000035762787,0.3100000023841858,0.3199999928474426
2017-06-07,54400,0.3440000116825104,0.3499999940395355,0.3499999940395355,0.28999999165534973,0.3499999940395355
2017-06-06,64800,0.34200000762939453,0.3499999940395355,0.3540000021457672,0.335999995470047,0.3499999940395355
2017-06-05,108700,0.3700000047683716,0.3499999940395355,0.3700000047683716,0.34200000762939453,0.3499999940395355
2017-06-02,60600,0.3700000047683716,0.3700000047683716,0.37299999594688416,0.3479999899864197,0.3700000047683716
2017-06-01,118100,0.3529999852180481,0.3449999988079071,0.3720000088214874,0.3449999988079071,0.3449999988079071
2017-05-31,31800,0.3799999952316284,0.3499999940395355,0.3799999952316284,0.3499999940395355,0.3499999940395355
2017-05-30,63700,0.3700000047683716,0.36899998784065247,0.3889999985694885,0.36899998784065247,0.36899998784065247
2017-05-26,106000,0.3700000047683716,0.36800000071525574,0.38199999928474426,0.3499999940395355,0.36800000071525574
2017-05-25,112300,0.3610000014305115,0.3700000047683716,0.3779999911785126,0.3499999940395355,0.3700000047683716
2017-05-24,60100,0.3869999945163727,0.36000001430511475,0.3869999945163727,0.36000001430511475,0.36000001430511475
2017-05-23,110500,0.36399999260902405,0.3869999945163727,0.39899998903274536,0.36000001430511475,0.3869999945163727
2017-05-22,262700,0.35100001096725464,0.36000001430511475,0.4300000071525574,0.3449999988079071,0.36000001430511475
2017-05-19,105800,0.3700000047683716,0.34200000762939453,0.3799999952316284,0.34200000762939453,0.34200000762939453
2017-05-18,162100,0.4099999964237213,0.3799999952316284,0.4099999964237213,0.3529999852180481,0.3799999952316284
2017-05-17,185800,0.4300000071525574,0.4050000011920929,0.4300000071525574,0.3709999918937683,0.4050000011920929
2017-05-16,459900,0.38999998569488525,0.4099999964237213,0.4699999988079071,0.35199999809265137,0.4099999964237213
2017-05-15,378200,0.36000001430511475,0.4000000059604645,0.4000000059604645,0.3499999940395355,0.4000000059604645
2017-05-12,313700,0.3400000035762787,0.35899999737739563,0.3700000047683716,0.33000001311302185,0.35899999737739563
2017-05-11,755800,0.38999998569488525,0.34299999475479126,0.38999998569488525,0.3050000071525574,0.34299999475479126
2017-05-10,355300,0.2709999978542328,0.28999999165534973,0.30000001192092896,0.2709999978542328,0.28999999165534973
2017-05-09,132100,0.2720000147819519,0.2709999978542328,0.2800000011920929,0.26899999380111694,0.2709999978542328
2017-05-08,46000,0.28999999165534973,0.27000001072883606,0.2980000078678131,0.27000001072883606,0.27000001072883606
2017-05-05,177400,0.27000001072883606,0.27900001406669617,0.3050000071525574,0.27000001072883606,0.27900001406669617
2017-05-04,94300,0.2770000100135803,0.27000001072883606,0.2800000011920929,0.27000001072883606,0.27000001072883606
2017-05-03,128400,0.28999999165534973,0.2800000011920929,0.3050000071525574,0.27000001072883606,0.2800000011920929
2017-05-02,102500,0.289000004529953,0.29100000858306885,0.3100000023841858,0.289000004529953,0.29100000858306885
2017-05-01,209600,0.28999999165534973,0.30000001192092896,0.3100000023841858,0.28999999165534973,0.30000001192092896
2017-04-28,351800,0.3050000071525574,0.3190000057220459,0.3190000057220459,0.2800000011920929,0.3190000057220459
2017-04-27,633900,0.30799999833106995,0.28999999165534973,0.33000001311302185,0.25,0.28999999165534973
2017-04-26,2987200,0.29499998688697815,0.28999999165534973,0.36899998784065247,0.2590000033378601,0.28999999165534973
2017-04-25,292500,0.22499999403953552,0.2199999988079071,0.22499999403953552,0.21299999952316284,0.2199999988079071
2017-04-24,71600,0.22499999403953552,0.21400000154972076,0.23600000143051147,0.21199999749660492,0.21400000154972076
2017-04-21,314200,0.22499999403953552,0.22499999403953552,0.22699999809265137,0.20999999344348907,0.22499999403953552
2017-04-20,62000,0.22499999403953552,0.23000000417232513,0.23800000548362732,0.2199999988079071,0.23000000417232513
2017-04-19,95900,0.22699999809265137,0.2199999988079071,0.23999999463558197,0.2199999988079071,0.2199999988079071
2017-04-18,59300,0.23100000619888306,0.23000000417232513,0.23399999737739563,0.23000000417232513,0.23000000417232513
2017-04-17,60800,0.2800000011920929,0.23999999463558197,0.2800000011920929,0.23100000619888306,0.23999999463558197
2017-04-13,286200,0.23000000417232513,0.257999986410141,0.257999986410141,0.22499999403953552,0.257999986410141
2017-04-12,131400,0.2409999966621399,0.23100000619888306,0.25999999046325684,0.23000000417232513,0.23100000619888306
2017-04-11,226500,0.27300000190734863,0.24899999797344208,0.27300000190734863,0.23499999940395355,0.24899999797344208
2017-04-10,150800,0.2800000011920929,0.25999999046325684,0.2809999883174896,0.25600001215934753,0.25999999046325684
2017-04-07,92400,0.30000001192092896,0.2879999876022339,0.30000001192092896,0.28299999237060547,0.2879999876022339
2017-04-06,222500,0.2630000114440918,0.296999990940094,0.3100000023841858,0.25999999046325684,0.296999990940094
2017-04-05,279700,0.30000001192092896,0.25999999046325684,0.3019999861717224,0.25099998712539673,0.25999999046325684
2017-04-04,208100,0.3199999928474426,0.3019999861717224,0.33399999141693115,0.27000001072883606,0.3019999861717224
2017-04-03,245800,0.3400000035762787,0.3100000023841858,0.3499999940395355,0.3100000023841858,0.3100000023841858
2017-03-31,2011200,0.30000001192092896,0.33500000834465027,0.3799999952316284,0.28999999165534973,0.33500000834465027
2017-03-30,809200,0.3100000023841858,0.27799999713897705,0.3199999928474426,0.25999999046325684,0.27799999713897705
2017-03-29,370500,0.3499999940395355,0.3100000023841858,0.3499999940395355,0.3100000023841858,0.3100000023841858
2017-03-28,149500,0.36000001430511475,0.3400000035762787,0.36000001430511475,0.3319999873638153,0.3400000035762787
2017-03-27,28600,0.35199999809265137,0.35499998927116394,0.3709999918937683,0.35199999809265137,0.35499998927116394
2017-03-24,111100,0.4000000059604645,0.375,0.4000000059604645,0.35199999809265137,0.375
2017-03-23,26100,0.4099999964237213,0.40700000524520874,0.4099999964237213,0.3799999952316284,0.40700000524520874
2017-03-22,21400,0.41999998688697815,0.4000000059604645,0.41999998688697815,0.4000000059604645,0.4000000059604645
2017-03-21,5600,0.42500001192092896,0.41999998688697815,0.4300000071525574,0.4000000059604645,0.41999998688697815
2017-03-20,32600,0.41999998688697815,0.4399999976158142,0.4399999976158142,0.4000000059604645,0.4399999976158142
2017-03-17,98300,0.4300000071525574,0.38999998569488525,0.44999998807907104,0.38999998569488525,0.38999998569488525
2017-03-16,122700,0.41999998688697815,0.4399999976158142,0.4399999976158142,0.39500001072883606,0.4399999976158142
2017-03-15,51600,0.4259999990463257,0.4230000078678131,0.44999998807907104,0.4000000059604645,0.4230000078678131
2017-03-14,37000,0.4620000123977661,0.44999998807907104,0.4620000123977661,0.41999998688697815,0.44999998807907104
2017-03-13,65900,0.44999998807907104,0.4309999942779541,0.4699999988079071,0.4300000071525574,0.4309999942779541
2017-03-10,41400,0.45500001311302185,0.4300000071525574,0.4699999988079071,0.4300000071525574,0.4300000071525574
2017-03-09,11500,0.47999998927116394,0.4699999988079071,0.47999998927116394,0.44999998807907104,0.4699999988079071
2017-03-08,27300,0.5099999904632568,0.44999998807907104,0.5099999904632568,0.4300000071525574,0.44999998807907104
2017-03-07,23200,0.5,0.49000000953674316,0.5099999904632568,0.45899999141693115,0.49000000953674316
2017-03-06,92200,0.44999998807907104,0.49000000953674316,0.4950000047683716,0.41100001335144043,0.49000000953674316
2017-03-03,153100,0.48100000619888306,0.48100000619888306,0.503000020980835,0.4569999873638153,0.48100000619888306
2017-03-02,91400,0.4830000102519989,0.4819999933242798,0.5099999904632568,0.48100000619888306,0.4819999933242798
2017-03-01,108300,0.5099999904632568,0.4909999966621399,0.5099999904632568,0.49000000953674316,0.4909999966621399
2017-02-28,27600,0.5199999809265137,0.4830000102519989,0.5199999809265137,0.47999998927116394,0.4830000102519989
2017-02-27,51700,0.48399999737739563,0.5009999871253967,0.5199999809265137,0.4819999933242798,0.5009999871253967
2017-02-24,71200,0.4950000047683716,0.49000000953674316,0.5,0.48100000619888306,0.49000000953674316
2017-02-23,89700,0.515999972820282,0.4950000047683716,0.5199999809265137,0.4950000047683716,0.4950000047683716
2017-02-22,112300,0.5,0.5199999809265137,0.5199999809265137,0.4950000047683716,0.5199999809265137
2017-02-21,77800,0.550000011920929,0.5270000100135803,0.550000011920929,0.5,0.5270000100135803
2017-02-17,57400,0.4699999988079071,0.5289999842643738,0.5289999842643738,0.4699999988079071,0.5289999842643738
2017-02-16,111800,0.5440000295639038,0.5,0.5440000295639038,0.49000000953674316,0.5
2017-02-15,45700,0.5600000023841858,0.5320000052452087,0.5649999976158142,0.5299999713897705,0.5320000052452087
2017-02-14,65600,0.5199999809265137,0.5329999923706055,0.5799999833106995,0.5199999809265137,0.5329999923706055
2017-02-13,95600,0.550000011920929,0.550000011920929,0.6000000238418579,0.5099999904632568,0.550000011920929
2017-02-10,103200,0.5,0.550000011920929,0.5600000023841858,0.25999999046325684,0.550000011920929
2017-02-09,40200,0.5249999761581421,0.5400000214576721,0.5400000214576721,0.5,0.5400000214576721
2017-02-08,152200,0.5600000023841858,0.5,0.5600000023841858,0.49000000953674316,0.5
2017-02-07,84100,0.5600000023841858,0.546999990940094,0.5699999928474426,0.5350000262260437,0.546999990940094
2017-02-06,59400,0.5479999780654907,0.550000011920929,0.5759999752044678,0.5479999780654907,0.550000011920929
2017-02-03,188300,0.5400000214576721,0.5569999814033508,0.578000009059906,0.5400000214576721,0.5569999814033508
2017-02-02,119600,0.5699999928474426,0.550000011920929,0.578000009059906,0.5400000214576721,0.550000011920929
2017-02-01,18600,0.578000009059906,0.5680000185966492,0.578000009059906,0.5590000152587891,0.5680000185966492
2017-01-31,195700,0.5799999833106995,0.5400000214576721,0.5799999833106995,0.5360000133514404,0.5400000214576721
2017-01-30,49600,0.5609999895095825,0.5600000023841858,0.6000000238418579,0.5550000071525574,0.5600000023841858
2017-01-27,258800,0.5600000023841858,0.574999988079071,0.6000000238418579,0.550000011920929,0.574999988079071
2017-01-26,125100,0.5600000023841858,0.5600000023841858,0.5799999833106995,0.550000011920929,0.5600000023841858
2017-01-25,72800,0.5699999928474426,0.5600000023841858,0.5799999833106995,0.550000011920929,0.5600000023841858
2017-01-24,134300,0.5799999833106995,0.5730000138282776,0.5799999833106995,0.550000011920929,0.5730000138282776
2017-01-23,58000,0.5799999833106995,0.5799999833106995,0.5799999833106995,0.550000011920929,0.5799999833106995
2017-01-20,28100,0.5699999928474426,0.5799999833106995,0.5799999833106995,0.5600000023841858,0.5799999833106995
2017-01-19,78700,0.5699999928474426,0.5600000023841858,0.5699999928474426,0.531000018119812,0.5600000023841858
2017-01-18,43000,0.550000011920929,0.5600000023841858,0.5699999928474426,0.5389999747276306,0.5600000023841858
2017-01-17,26300,0.5690000057220459,0.5680000185966492,0.5899999737739563,0.531000018119812,0.5680000185966492
2017-01-13,60300,0.5699999928474426,0.5550000071525574,0.5699999928474426,0.5199999809265137,0.5550000071525574
2017-01-12,79500,0.5699999928474426,0.5600000023841858,0.5789999961853027,0.5299999713897705,0.5600000023841858
2017-01-11,35600,0.5299999713897705,0.5699999928474426,0.5699999928474426,0.5199999809265137,0.5699999928474426
2017-01-10,43400,0.550000011920929,0.5550000071525574,0.5600000023841858,0.5210000276565552,0.5550000071525574
2017-01-09,52200,0.5389999747276306,0.5400000214576721,0.550000011920929,0.5099999904632568,0.5400000214576721
2017-01-06,92500,0.550000011920929,0.550000011920929,0.550000011920929,0.5,0.550000011920929
2017-01-05,229100,0.5550000071525574,0.550000011920929,0.5550000071525574,0.5199999809265137,0.550000011920929
2017-01-04,163800,0.5699999928474426,0.5400000214576721,0.5740000009536743,0.5400000214576721,0.5400000214576721
2017-01-03,234800,0.6100000143051147,0.5699999928474426,0.6200000047683716,0.5450000166893005,0.5699999928474426
2016-12-30,107500,0.550000011920929,0.5600000023841858,0.5649999976158142,0.5450000166893005,0.5600000023841858
2016-12-29,84200,0.5479999780654907,0.5580000281333923,0.5770000219345093,0.5450000166893005,0.5580000281333923
2016-12-28,128300,0.5519999861717224,0.5519999861717224,0.5799999833106995,0.5400000214576721,0.5519999861717224
2016-12-27,290900,0.5799999833106995,0.5600000023841858,0.6000000238418579,0.5350000262260437,0.5600000023841858
2016-12-23,120100,0.5699999928474426,0.5529999732971191,0.574999988079071,0.5299999713897705,0.5529999732971191
2016-12-22,86100,0.550000011920929,0.574999988079071,0.5799999833106995,0.5220000147819519,0.574999988079071
2016-12-21,131700,0.5669999718666077,0.5649999976158142,0.5849999785423279,0.5550000071525574,0.5649999976158142
2016-12-20,112800,0.5699999928474426,0.5709999799728394,0.5899999737739563,0.5619999766349792,0.5709999799728394
2016-12-19,80900,0.5690000057220459,0.5690000057220459,0.6000000238418579,0.5600000023841858,0.5690000057220459
2016-12-16,240900,0.5799999833106995,0.5210000276565552,0.6100000143051147,0.5210000276565552,0.5210000276565552
2016-12-15,140200,0.5600000023841858,0.597000002861023,0.6000000238418579,0.5600000023841858,0.597000002861023
2016-12-14,228200,0.5600000023841858,0.5649999976158142,0.6399999856948853,0.550000011920929,0.5649999976158142
2016-12-13,382500,0.5799999833106995,0.5830000042915344,0.6399999856948853,0.5419999957084656,0.5830000042915344
2016-12-12,705700,0.5099999904632568,0.6129999756813049,0.6480000019073486,0.5099999904632568,0.6129999756813049
2016-12-09,257700,0.5099999904632568,0.5099999904632568,0.5220000147819519,0.4950000047683716,0.5099999904632568
2016-12-08,298000,0.5099999904632568,0.5099999904632568,0.5199999809265137,0.48500001430511475,0.5099999904632568
2016-12-07,210500,0.5099999904632568,0.5,0.5199999809265137,0.48399999737739563,0.5
2016-12-06,313500,0.550000011920929,0.49300000071525574,0.550000011920929,0.49000000953674316,0.49300000071525574
2016-12-05,570600,0.4699999988079071,0.4959999918937683,0.5210000276565552,0.44999998807907104,0.4959999918937683
2016-12-02,2062300,0.4300000071525574,0.4300000071525574,0.49000000953674316,0.42899999022483826,0.4300000071525574
2016-12-01,243600,0.6700000166893005,0.7400000095367432,0.7900000214576721,0.6700000166893005,0.7400000095367432
2016-11-30,65700,0.6489999890327454,0.6600000262260437,0.6769999861717224,0.6299999952316284,0.6600000262260437
2016-11-29,77100,0.6200000047683716,0.6399999856948853,0.6579999923706055,0.6200000047683716,0.6399999856948853
2016-11-28,47200,0.6399999856948853,0.6100000143051147,0.6399999856948853,0.6100000143051147,0.6100000143051147
2016-11-25,41500,0.6200000047683716,0.6389999985694885,0.6499999761581421,0.6100000143051147,0.6389999985694885
2016-11-23,17700,0.6299999952316284,0.6299999952316284,0.6399999856948853,0.6299999952316284,0.6299999952316284
2016-11-22,53300,0.6000000238418579,0.6200000047683716,0.6539999842643738,0.6000000238418579,0.6200000047683716
2016-11-21,69900,0.6209999918937683,0.6299999952316284,0.6499999761581421,0.6100000143051147,0.6299999952316284
2016-11-18,35600,0.6299999952316284,0.6399999856948853,0.6499999761581421,0.6000000238418579,0.6399999856948853
2016-11-17,78800,0.6000000238418579,0.6000000238418579,0.6060000061988831,0.5799999833106995,0.6000000238418579
2016-11-16,63900,0.5899999737739563,0.550000011920929,0.6010000109672546,0.550000011920929,0.550000011920929
2016-11-15,47600,0.5450000166893005,0.550000011920929,0.5899999737739563,0.5,0.550000011920929
2016-11-14,12900,0.5450000166893005,0.5210000276565552,0.5450000166893005,0.5199999809265137,0.5210000276565552
2016-11-11,2200,0.5400000214576721,0.5249999761581421,0.5400000214576721,0.5049999952316284,0.5249999761581421
2016-11-10,25000,0.5450000166893005,0.5400000214576721,0.5450000166893005,0.5199999809265137,0.5400000214576721
2016-11-09,40700,0.5,0.5099999904632568,0.5400000214576721,0.5,0.5099999904632568
2016-11-08,56700,0.44699999690055847,0.4699999988079071,0.5,0.4309999942779541,0.4699999988079071
2016-11-07,22100,0.44999998807907104,0.44999998807907104,0.49000000953674316,0.4300000071525574,0.44999998807907104
2016-11-04,6800,0.4410000145435333,0.42800000309944153,0.4410000145435333,0.4099999964237213,0.42800000309944153
2016-11-03,20000,0.41999998688697815,0.4099999964237213,0.46000000834465027,0.4099999964237213,0.4099999964237213
2016-11-02,15900,0.4309999942779541,0.4099999964237213,0.48100000619888306,0.4099999964237213,0.4099999964237213
2016-11-01,137000,0.4699999988079071,0.4099999964237213,0.47099998593330383,0.4099999964237213,0.4099999964237213
2016-10-31,63200,0.47999998927116394,0.45500001311302185,0.5099999904632568,0.45500001311302185,0.45500001311302185
2016-10-28,3500,0.4699999988079071,0.5,0.5049999952316284,0.4699999988079071,0.5
2016-10-27,4500,0.5109999775886536,0.5099999904632568,0.5299999713897705,0.5099999904632568,0.5099999904632568
2016-10-26,31400,0.5199999809265137,0.5099999904632568,0.550000011920929,0.5099999904632568,0.5099999904632568
2016-10-25,77600,0.5249999761581421,0.5450000166893005,0.6050000190734863,0.5099999904632568,0.5450000166893005
2016-10-24,13000,0.5979999899864197,0.5699999928474426,0.6100000143051147,0.5699999928474426,0.5699999928474426
2016-10-21,39000,0.5699999928474426,0.5699999928474426,0.578000009059906,0.5199999809265137,0.5699999928474426
2016-10-20,30400,0.5899999737739563,0.5899999737739563,0.6200000047683716,0.5899999737739563,0.5899999737739563
2016-10-19,11500,0.5699999928474426,0.5899999737739563,0.628000020980835,0.5699999928474426,0.5899999737739563
2016-10-18,62700,0.5099999904632568,0.5899999737739563,0.5929999947547913,0.5099999904632568,0.5899999737739563
2016-10-17,26800,0.5120000243186951,0.5600000023841858,0.5600000023841858,0.5120000243186951,0.5600000023841858
2016-10-14,7500,0.5600000023841858,0.6000000238418579,0.6000000238418579,0.5600000023841858,0.6000000238418579
2016-10-13,30000,0.628000020980835,0.5929999947547913,0.628000020980835,0.5929999947547913,0.5929999947547913
2016-10-12,19200,0.6000000238418579,0.628000020980835,0.628000020980835,0.5989999771118164,0.628000020980835
2016-10-11,13400,0.6000000238418579,0.6100000143051147,0.628000020980835,0.6000000238418579,0.6100000143051147
2016-10-10,41300,0.6039999723434448,0.5899999737739563,0.6399999856948853,0.5899999737739563,0.5899999737739563
2016-10-07,13200,0.6200000047683716,0.6000000238418579,0.6200000047683716,0.5540000200271606,0.6000000238418579
2016-10-06,32700,0.6800000071525574,0.5899999737739563,0.6800000071525574,0.5699999928474426,0.5899999737739563
2016-10-05,23200,0.6000000238418579,0.6399999856948853,0.6399999856948853,0.6000000238418579,0.6399999856948853
2016-10-04,6200,0.5600000023841858,0.5899999737739563,0.5899999737739563,0.5600000023841858,0.5899999737739563
2016-10-03,83100,0.5849999785423279,0.5799999833106995,0.5950000286102295,0.550000011920929,0.5799999833106995
2016-09-30,96000,0.550000011920929,0.5849999785423279,0.5849999785423279,0.5419999957084656,0.5849999785423279
2016-09-29,26200,0.5199999809265137,0.550000011920929,0.550000011920929,0.5120000243186951,0.550000011920929
2016-09-28,77600,0.5199999809265137,0.5299999713897705,0.5799999833106995,0.5199999809265137,0.5299999713897705
2016-09-27,150600,0.5400000214576721,0.5299999713897705,0.5870000123977661,0.5,0.5299999713897705
2016-09-26,35200,0.5109999775886536,0.5299999713897705,0.5299999713897705,0.4699999988079071,0.5299999713897705
2016-09-23,38000,0.5450000166893005,0.5400000214576721,0.550000011920929,0.5099999904632568,0.5400000214576721
2016-09-22,72700,0.5899999737739563,0.5450000166893005,0.6000000238418579,0.5450000166893005,0.5450000166893005
2016-09-21,36400,0.5899999737739563,0.5799999833106995,0.6000000238418579,0.5600000023841858,0.5799999833106995
2016-09-20,3700,0.5799999833106995,0.5699999928474426,0.5899999737739563,0.5600000023841858,0.5699999928474426
2016-09-19,18400,0.5720000267028809,0.5899999737739563,0.6169999837875366,0.5600000023841858,0.5899999737739563
2016-09-16,84300,0.5600000023841858,0.6200000047683716,0.6200000047683716,0.5479999780654907,0.6200000047683716
2016-09-15,8200,0.5899999737739563,0.5799999833106995,0.6100000143051147,0.5799999833106995,0.5799999833106995
2016-09-14,45700,0.5799999833106995,0.6000000238418579,0.6100000143051147,0.5600000023841858,0.6000000238418579
2016-09-13,54100,0.6000000238418579,0.5839999914169312,0.6150000095367432,0.5799999833106995,0.5839999914169312
2016-09-12,59800,0.6389999985694885,0.6000000238418579,0.6389999985694885,0.6000000238418579,0.6000000238418579
2016-09-09,24000,0.6200000047683716,0.5799999833106995,0.6299999952316284,0.5799999833106995,0.5799999833106995
2016-09-08,16800,0.6460000276565552,0.6100000143051147,0.6549999713897705,0.5899999737739563,0.6100000143051147
2016-09-07,57500,0.6150000095367432,0.6000000238418579,0.6200000047683716,0.6000000238418579,0.6000000238418579
2016-09-06,48500,0.6589999794960022,0.6200000047683716,0.6710000038146973,0.6100000143051147,0.6200000047683716
2016-09-02,29400,0.6100000143051147,0.6510000228881836,0.6800000071525574,0.6069999933242798,0.6510000228881836
2016-09-01,29200,0.5799999833106995,0.6100000143051147,0.6299999952316284,0.5799999833106995,0.6100000143051147
2016-08-31,59300,0.6499999761581421,0.5899999737739563,0.6499999761581421,0.5799999833106995,0.5899999737739563
2016-08-30,12500,0.6299999952316284,0.6499999761581421,0.6800000071525574,0.6200000047683716,0.6499999761581421
2016-08-29,9000,0.6600000262260437,0.6480000019073486,0.6600000262260437,0.6200000047683716,0.6480000019073486
2016-08-26,13100,0.6299999952316284,0.6579999923706055,0.6579999923706055,0.6000000238418579,0.6579999923706055
2016-08-25,23500,0.6800000071525574,0.6499999761581421,0.6980000138282776,0.6499999761581421,0.6499999761581421
2016-08-24,32400,0.5899999737739563,0.6499999761581421,0.6579999923706055,0.5799999833106995,0.6499999761581421
2016-08-23,25200,0.6000000238418579,0.6399999856948853,0.6600000262260437,0.6000000238418579,0.6399999856948853
2016-08-22,4300,0.6299999952316284,0.6200000047683716,0.6299999952316284,0.6000000238418579,0.6200000047683716
2016-08-19,5400,0.6110000014305115,0.6110000014305115,0.6499999761581421,0.6110000014305115,0.6110000014305115
2016-08-18,114700,0.6389999985694885,0.625,0.6499999761581421,0.6000000238418579,0.625
2016-08-17,88000,0.6110000014305115,0.6299999952316284,0.6700000166893005,0.6000000238418579,0.6299999952316284
2016-08-16,19500,0.6650000214576721,0.6299999952316284,0.6650000214576721,0.6200000047683716,0.6299999952316284
2016-08-15,21600,0.6579999923706055,0.6449999809265137,0.6690000295639038,0.6200000047683716,0.6449999809265137
2016-08-12,23400,0.6399999856948853,0.6779999732971191,0.6779999732971191,0.5799999833106995,0.6779999732971191
2016-08-11,4500,0.6800000071525574,0.6800000071525574,0.6800000071525574,0.6579999923706055,0.6800000071525574
2016-08-10,5200,0.6100000143051147,0.6880000233650208,0.6880000233650208,0.6100000143051147,0.6880000233650208
2016-08-09,11200,0.6370000243186951,0.6480000019073486,0.6700000166893005,0.6200000047683716,0.6480000019073486
2016-08-08,15500,0.6399999856948853,0.6420000195503235,0.6600000262260437,0.6370000243186951,0.6420000195503235
2016-08-05,3100,0.6499999761581421,0.6539999842643738,0.656000018119812,0.6299999952316284,0.6539999842643738
2016-08-04,29200,0.7269999980926514,0.6499999761581421,0.7269999980926514,0.6399999856948853,0.6499999761581421
2016-08-03,11600,0.6299999952316284,0.6899999976158142,0.6899999976158142,0.6299999952316284,0.6899999976158142
2016-08-02,18200,0.7300000190734863,0.6499999761581421,0.7400000095367432,0.6299999952316284,0.6499999761581421
2016-08-01,50500,0.6499999761581421,0.6520000100135803,0.699999988079071,0.6499999761581421,0.6520000100135803
2016-07-29,21000,0.6399999856948853,0.6899999976158142,0.699999988079071,0.6200000047683716,0.6899999976158142
2016-07-28,11100,0.6700000166893005,0.6800000071525574,0.6899999976158142,0.6499999761581421,0.6800000071525574
2016-07-27,19600,0.7049999833106995,0.6809999942779541,0.7400000095367432,0.6399999856948853,0.6809999942779541
2016-07-26,95300,0.6899999976158142,0.7200000286102295,0.7300000190734863,0.6899999976158142,0.7200000286102295
2016-07-25,12400,0.7200000286102295,0.6830000281333923,0.7200000286102295,0.6830000281333923,0.6830000281333923
2016-07-22,12000,0.699999988079071,0.7080000042915344,0.7200000286102295,0.699999988079071,0.7080000042915344
2016-07-21,3100,0.7200000286102295,0.7049999833106995,0.7200000286102295,0.6909999847412109,0.7049999833106995
2016-07-20,5900,0.699999988079071,0.7200000286102295,0.7200000286102295,0.699999988079071,0.7200000286102295
2016-07-19,18400,0.7200000286102295,0.7099999785423279,0.7200000286102295,0.6800000071525574,0.7099999785423279
2016-07-18,34500,0.7200000286102295,0.699999988079071,0.7200000286102295,0.6809999942779541,0.699999988079071
2016-07-15,29000,0.7200000286102295,0.718999981880188,0.7200000286102295,0.6800000071525574,0.718999981880188
2016-07-14,27500,0.6690000295639038,0.7099999785423279,0.7300000190734863,0.6600000262260437,0.7099999785423279
2016-07-13,11300,0.6600000262260437,0.6899999976158142,0.6899999976158142,0.6399999856948853,0.6899999976158142
2016-07-12,45100,0.6399999856948853,0.6549999713897705,0.6899999976158142,0.6399999856948853,0.6549999713897705
2016-07-11,78600,0.6209999918937683,0.6399999856948853,0.7200000286102295,0.6200000047683716,0.6399999856948853
2016-07-08,123500,0.6570000052452087,0.640999972820282,0.6570000052452087,0.5860000252723694,0.640999972820282
2016-07-07,62700,0.6700000166893005,0.6499999761581421,0.699999988079071,0.6489999890327454,0.6499999761581421
2016-07-06,11500,0.6489999890327454,0.6650000214576721,0.6690000295639038,0.6209999918937683,0.6650000214576721
2016-07-05,4300,0.6899999976158142,0.6299999952316284,0.6899999976158142,0.6200000047683716,0.6299999952316284
2016-07-01,8300,0.6299999952316284,0.6499999761581421,0.6499999761581421,0.6299999952316284,0.6499999761581421
2016-06-30,11100,0.6299999952316284,0.6200000047683716,0.6700000166893005,0.6200000047683716,0.6200000047683716
2016-06-29,35000,0.6499999761581421,0.6299999952316284,0.6700000166893005,0.6299999952316284,0.6299999952316284
2016-06-28,38300,0.6100000143051147,0.6200000047683716,0.6990000009536743,0.6100000143051147,0.6200000047683716
2016-06-27,38500,0.6309999823570251,0.6000000238418579,0.6589999794960022,0.597000002861023,0.6000000238418579
2016-06-24,34500,0.699999988079071,0.6499999761581421,0.7009999752044678,0.6499999761581421,0.6499999761581421
2016-06-23,17300,0.6990000009536743,0.6899999976158142,0.718999981880188,0.6899999976158142,0.6899999976158142
2016-06-22,4700,0.699999988079071,0.6800000071525574,0.699999988079071,0.6700000166893005,0.6800000071525574
2016-06-21,55800,0.6499999761581421,0.6700000166893005,0.7089999914169312,0.6499999761581421,0.6700000166893005
2016-06-20,24100,0.6499999761581421,0.6299999952316284,0.6600000262260437,0.6299999952316284,0.6299999952316284
2016-06-17,28000,0.6399999856948853,0.6600000262260437,0.6600000262260437,0.6399999856948853,0.6600000262260437
2016-06-16,23900,0.6650000214576721,0.6420000195503235,0.6890000104904175,0.6399999856948853,0.6420000195503235
2016-06-15,19500,0.6729999780654907,0.6650000214576721,0.7120000123977661,0.6600000262260437,0.6650000214576721
2016-06-14,36700,0.6890000104904175,0.6800000071525574,0.7200000286102295,0.6800000071525574,0.6800000071525574
2016-06-13,22200,0.699999988079071,0.7099999785423279,0.7699999809265137,0.699999988079071,0.7099999785423279
2016-06-10,7700,0.7879999876022339,0.7300000190734863,0.7879999876022339,0.7160000205039978,0.7300000190734863
2016-06-09,88800,0.699999988079071,0.7599999904632568,0.7699999809265137,0.699999988079071,0.7599999904632568
2016-06-08,46700,0.8500000238418579,0.6919999718666077,0.8500000238418579,0.671999990940094,0.6919999718666077
2016-06-07,18000,0.7760000228881836,0.8299999833106995,0.8899999856948853,0.7760000228881836,0.8299999833106995
2016-06-06,12700,0.8199999928474426,0.800000011920929,0.8349999785423279,0.7799999713897705,0.800000011920929
2016-06-03,32200,0.8500000238418579,0.8299999833106995,0.8500000238418579,0.7900000214576721,0.8299999833106995
2016-06-02,63300,0.8209999799728394,0.8199999928474426,0.8700000047683716,0.781000018119812,0.8199999928474426
2016-06-01,37700,0.7710000276565552,0.8199999928474426,0.8199999928474426,0.7599999904632568,0.8199999928474426
2016-05-31,28700,0.800000011920929,0.7799999713897705,0.800000011920929,0.7599999904632568,0.7799999713897705
2016-05-27,15100,0.7350000143051147,0.7400000095367432,0.7599999904632568,0.7149999737739563,0.7400000095367432
2016-05-26,20500,0.75,0.7599999904632568,0.7599999904632568,0.7300000190734863,0.7599999904632568
2016-05-25,7900,0.800000011920929,0.75,0.800000011920929,0.6819999814033508,0.75
2016-05-24,15400,0.699999988079071,0.7099999785423279,0.7400000095367432,0.6919999718666077,0.7099999785423279
2016-05-23,16300,0.7210000157356262,0.7229999899864197,0.7599999904632568,0.6909999847412109,0.7229999899864197
2016-05-20,33300,0.7300000190734863,0.699999988079071,0.7400000095367432,0.699999988079071,0.699999988079071
2016-05-19,13400,0.699999988079071,0.6970000267028809,0.7300000190734863,0.6970000267028809,0.6970000267028809
2016-05-18,2600,0.699999988079071,0.6899999976158142,0.699999988079071,0.6800000071525574,0.6899999976158142
2016-05-17,27400,0.6909999847412109,0.6600000262260437,0.7210000157356262,0.6600000262260437,0.6600000262260437
2016-05-16,54800,0.7200000286102295,0.6899999976158142,0.7200000286102295,0.6600000262260437,0.6899999976158142
2016-05-13,9600,0.6690000295639038,0.6899999976158142,0.6899999976158142,0.6499999761581421,0.6899999976158142
2016-05-12,32600,0.7089999914169312,0.6850000023841858,0.7440000176429749,0.6809999942779541,0.6850000023841858
2016-05-11,14900,0.699999988079071,0.6800000071525574,0.7300000190734863,0.6800000071525574,0.6800000071525574
2016-05-10,69200,0.6700000166893005,0.6800000071525574,0.8299999833106995,0.6499999761581421,0.6800000071525574
2016-05-09,151600,0.5669999718666077,0.6100000143051147,0.699999988079071,0.550000011920929,0.6100000143051147
2016-05-06,53200,0.5699999928474426,0.550000011920929,0.6299999952316284,0.550000011920929,0.550000011920929
2016-05-05,101800,0.699999988079071,0.6000000238418579,0.699999988079071,0.5630000233650208,0.6000000238418579
2016-05-04,45600,0.6589999794960022,0.6800000071525574,0.8240000009536743,0.6589999794960022,0.6800000071525574
2016-05-03,37100,0.5870000123977661,0.6129999756813049,0.6129999756813049,0.5799999833106995,0.6129999756813049
2016-05-02,48400,0.6299999952316284,0.5699999928474426,0.6399999856948853,0.5699999928474426,0.5699999928474426
2016-04-29,160900,0.699999988079071,0.6510000228881836,0.703000009059906,0.6510000228881836,0.6510000228881836
2016-04-28,23100,0.7049999833106995,0.6800000071525574,0.7099999785423279,0.6800000071525574,0.6800000071525574
2016-04-27,18000,0.7200000286102295,0.7099999785423279,0.7400000095367432,0.7099999785423279,0.7099999785423279
2016-04-26,4200,0.7279999852180481,0.75,0.7799999713897705,0.699999988079071,0.75
2016-04-25,14800,0.699999988079071,0.75,0.7799999713897705,0.699999988079071,0.75
2016-04-22,24000,0.7799999713897705,0.7099999785423279,0.7799999713897705,0.7099999785423279,0.7099999785423279
2016-04-21,10200,0.75,0.7799999713897705,0.7799999713897705,0.699999988079071,0.7799999713897705
2016-04-20,30900,0.7080000042915344,0.7400000095367432,0.75,0.699999988079071,0.7400000095367432
2016-04-19,38900,0.6980000138282776,0.7099999785423279,0.7400000095367432,0.6980000138282776,0.7099999785423279
2016-04-18,135000,0.7089999914169312,0.6899999976158142,0.7099999785423279,0.6690000295639038,0.6899999976158142
2016-04-15,91100,0.6800000071525574,0.6000000238418579,0.7099999785423279,0.5899999737739563,0.6000000238418579
2016-04-14,52700,0.5820000171661377,0.6600000262260437,0.6790000200271606,0.5820000171661377,0.6600000262260437
2016-04-13,8200,0.5519999861717224,0.6000000238418579,0.6200000047683716,0.5519999861717224,0.6000000238418579
2016-04-12,33600,0.5099999904632568,0.5979999899864197,0.6000000238418579,0.5099999904632568,0.5979999899864197
2016-04-11,59600,0.5699999928474426,0.5299999713897705,0.5699999928474426,0.5099999904632568,0.5299999713897705
2016-04-08,11100,0.5989999771118164,0.5699999928474426,0.6290000081062317,0.5699999928474426,0.5699999928474426
2016-04-07,30600,0.5899999737739563,0.5600000023841858,0.6000000238418579,0.550000011920929,0.5600000023841858
2016-04-06,27200,0.6600000262260437,0.6100000143051147,0.6700000166893005,0.6100000143051147,0.6100000143051147
2016-04-05,16800,0.5529999732971191,0.6399999856948853,0.6399999856948853,0.550000011920929,0.6399999856948853
2016-04-04,25300,0.5889999866485596,0.5799999833106995,0.6060000061988831,0.5699999928474426,0.5799999833106995
2016-04-01,67100,0.6299999952316284,0.6100000143051147,0.6600000262260437,0.6000000238418579,0.6100000143051147
2016-03-31,43600,0.6700000166893005,0.5799999833106995,0.6700000166893005,0.5799999833106995,0.5799999833106995
2016-03-30,28700,0.6200000047683716,0.6700000166893005,0.6800000071525574,0.6200000047683716,0.6700000166893005
2016-03-29,34900,0.5899999737739563,0.6499999761581421,0.7099999785423279,0.5899999737739563,0.6499999761581421
2016-03-28,43600,0.6200000047683716,0.5899999737739563,0.6499999761581421,0.5899999737739563,0.5899999737739563
2016-03-24,13300,0.6200000047683716,0.5799999833106995,0.6499999761581421,0.5799999833106995,0.5799999833106995
2016-03-23,25600,0.6499999761581421,0.5910000205039978,0.6600000262260437,0.5899999737739563,0.5910000205039978
2016-03-22,37400,0.7120000123977661,0.6840000152587891,0.7390000224113464,0.6700000166893005,0.6840000152587891
2016-03-21,35000,0.6499999761581421,0.699999988079071,0.7400000095367432,0.6499999761581421,0.699999988079071
2016-03-18,144100,0.6299999952316284,0.6399999856948853,0.7250000238418579,0.5699999928474426,0.6399999856948853
2016-03-17,45000,0.6000000238418579,0.6299999952316284,0.6299999952316284,0.5400000214576721,0.6299999952316284
2016-03-16,36800,0.5600000023841858,0.5929999947547913,0.6299999952316284,0.5600000023841858,0.5929999947547913
2016-03-15,54000,0.5899999737739563,0.550000011920929,0.6200000047683716,0.5199999809265137,0.550000011920929
2016-03-14,64700,0.550000011920929,0.5899999737739563,0.7200000286102295,0.550000011920929,0.5899999737739563
2016-03-11,58600,0.6100000143051147,0.550000011920929,0.6700000166893005,0.5099999904632568,0.550000011920929
2016-03-10,45600,0.5669999718666077,0.5600000023841858,0.5799999833106995,0.5600000023841858,0.5600000023841858
2016-03-09,61500,0.5799999833106995,0.5600000023841858,0.6100000143051147,0.5529999732971191,0.5600000023841858
2016-03-08,68700,0.6399999856948853,0.5529999732971191,0.6499999761581421,0.5189999938011169,0.5529999732971191
2016-03-07,127900,0.6000000238418579,0.5600000023841858,0.6690000295639038,0.550000011920929,0.5600000023841858
2016-03-04,104600,0.5299999713897705,0.5600000023841858,0.6499999761581421,0.5099999904632568,0.5600000023841858
2016-03-03,88700,0.5400000214576721,0.49000000953674316,0.5899999737739563,0.49000000953674316,0.49000000953674316
2016-03-02,22400,0.515999972820282,0.49000000953674316,0.515999972820282,0.47999998927116394,0.49000000953674316
2016-03-01,42000,0.5,0.5099999904632568,0.531000018119812,0.47999998927116394,0.5099999904632568
2016-02-29,43000,0.47999998927116394,0.47999998927116394,0.5,0.41999998688697815,0.47999998927116394
2016-02-26,40100,0.44999998807907104,0.4399999976158142,0.48100000619888306,0.4099999964237213,0.4399999976158142
2016-02-25,61800,0.4699999988079071,0.44999998807907104,0.5299999713897705,0.44999998807907104,0.44999998807907104
2016-02-24,26000,0.38999998569488525,0.4000000059604645,0.4399999976158142,0.3799999952316284,0.4000000059604645
2016-02-23,22300,0.4429999887943268,0.39500001072883606,0.45399999618530273,0.3799999952316284,0.39500001072883606
2016-02-22,108900,0.4000000059604645,0.4000000059604645,0.4300000071525574,0.4000000059604645,0.4000000059604645
2016-02-19,61700,0.4000000059604645,0.4000000059604645,0.4099999964237213,0.4000000059604645,0.4000000059604645
2016-02-18,17600,0.3919999897480011,0.4000000059604645,0.4000000059604645,0.38999998569488525,0.4000000059604645
2016-02-17,27600,0.4000000059604645,0.4000000059604645,0.4000000059604645,0.3919999897480011,0.4000000059604645
2016-02-16,40200,0.41999998688697815,0.3930000066757202,0.41999998688697815,0.3930000066757202,0.3930000066757202
2016-02-12,35500,0.4000000059604645,0.4000000059604645,0.40799999237060547,0.4000000059604645,0.4000000059604645
2016-02-11,2100,0.4059999883174896,0.38999998569488525,0.4059999883174896,0.3799999952316284,0.38999998569488525
2016-02-10,93200,0.38999998569488525,0.39399999380111694,0.4099999964237213,0.3799999952316284,0.39399999380111694
2016-02-09,5000,0.4099999964237213,0.3880000114440918,0.4099999964237213,0.3880000114440918,0.3880000114440918
2016-02-08,34600,0.41999998688697815,0.4090000092983246,0.41999998688697815,0.3799999952316284,0.4090000092983246
2016-02-05,15200,0.39899998903274536,0.39500001072883606,0.4000000059604645,0.3799999952316284,0.39500001072883606
2016-02-04,37800,0.4099999964237213,0.3709999918937683,0.41999998688697815,0.3709999918937683,0.3709999918937683
2016-02-03,80900,0.5,0.4000000059604645,0.5,0.38999998569488525,0.4000000059604645
2016-02-02,8700,0.4300000071525574,0.4189999997615814,0.44999998807907104,0.4000000059604645,0.4189999997615814
2016-02-01,48500,0.4300000071525574,0.4000000059604645,0.4300000071525574,0.38999998569488525,0.4000000059604645
2016-01-29,119600,0.4300000071525574,0.4300000071525574,0.4699999988079071,0.4300000071525574,0.4300000071525574
2016-01-28,202100,0.41999998688697815,0.3919999897480011,0.44999998807907104,0.3400000035762787,0.3919999897480011
2016-01-27,31700,0.3779999911785126,0.3700000047683716,0.4009999930858612,0.3499999940395355,0.3700000047683716
2016-01-26,32500,0.3499999940395355,0.3499999940395355,0.4099999964237213,0.3499999940395355,0.3499999940395355
2016-01-25,172300,0.38999998569488525,0.3700000047683716,0.4000000059604645,0.3700000047683716,0.3700000047683716
2016-01-22,256200,0.3799999952316284,0.38999998569488525,0.4390000104904175,0.3799999952316284,0.38999998569488525
2016-01-21,210500,0.4000000059604645,0.4000000059604645,0.4390000104904175,0.3799999952316284,0.4000000059604645
2016-01-20,146600,0.3499999940395355,0.4000000059604645,0.4000000059604645,0.27000001072883606,0.4000000059604645
2016-01-19,35500,0.3400000035762787,0.3499999940395355,0.3799999952316284,0.3400000035762787,0.3499999940395355
2016-01-15,167300,0.39500001072883606,0.3700000047683716,0.4399999976158142,0.2680000066757202,0.3700000047683716
2016-01-14,81200,0.44999998807907104,0.43299999833106995,0.44999998807907104,0.41999998688697815,0.43299999833106995
2016-01-13,8800,0.4699999988079071,0.4399999976158142,0.4819999933242798,0.42100000381469727,0.4399999976158142
2016-01-12,82200,0.5210000276565552,0.49000000953674316,0.5419999957084656,0.46000000834465027,0.49000000953674316
2016-01-11,18400,0.5600000023841858,0.5210000276565552,0.5600000023841858,0.5210000276565552,0.5210000276565552
2016-01-08,20000,0.5299999713897705,0.5249999761581421,0.5550000071525574,0.5249999761581421,0.5249999761581421
2016-01-07,22600,0.5210000276565552,0.5130000114440918,0.5509999990463257,0.5049999952316284,0.5130000114440918
2016-01-06,5500,0.5400000214576721,0.5460000038146973,0.5799999833106995,0.5400000214576721,0.5460000038146973
2016-01-05,2100,0.550000011920929,0.5199999809265137,0.550000011920929,0.5199999809265137,0.5199999809265137
2016-01-04,52600,0.5350000262260437,0.5199999809265137,0.5699999928474426,0.5199999809265137,0.5199999809265137
2015-12-31,134000,0.550000011920929,0.5400000214576721,0.5699999928474426,0.531000018119812,0.5400000214576721
2015-12-30,16400,0.5519999861717224,0.5699999928474426,0.5989999771118164,0.5299999713897705,0.5699999928474426
2015-12-29,52300,0.5400000214576721,0.5989999771118164,0.5989999771118164,0.5199999809265137,0.5989999771118164
2015-12-28,20800,0.5400000214576721,0.5619999766349792,0.6190000176429749,0.5400000214576721,0.5619999766349792
2015-12-24,19600,0.5600000023841858,0.5899999737739563,0.6000000238418579,0.5370000004768372,0.5899999737739563
2015-12-23,36600,0.5699999928474426,0.6000000238418579,0.6000000238418579,0.5120000243186951,0.6000000238418579
2015-12-22,137600,0.5989999771118164,0.5799999833106995,0.628000020980835,0.5699999928474426,0.5799999833106995
2015-12-21,81600,0.5,0.5600000023841858,0.6000000238418579,0.5,0.5600000023841858
2015-12-18,156400,0.6290000081062317,0.5,0.6489999890327454,0.5,0.5
2015-12-17,203700,0.7009999752044678,0.5699999928474426,0.7300000190734863,0.5699999928474426,0.5699999928474426
2015-12-16,10400,0.7300000190734863,0.7020000219345093,0.7300000190734863,0.7009999752044678,0.7020000219345093
2015-12-15,22800,0.718999981880188,0.7300000190734863,0.7300000190734863,0.6890000104904175,0.7300000190734863
2015-12-14,29000,0.7400000095367432,0.699999988079071,0.7400000095367432,0.6499999761581421,0.699999988079071
2015-12-11,55000,0.7400000095367432,0.7179999947547913,0.7400000095367432,0.7099999785423279,0.7179999947547913
2015-12-10,76900,0.6700000166893005,0.7200000286102295,0.7200000286102295,0.6700000166893005,0.7200000286102295
2015-12-09,24300,0.6600000262260437,0.6700000166893005,0.6700000166893005,0.6230000257492065,0.6700000166893005
2015-12-08,81300,0.6779999732971191,0.6700000166893005,0.6779999732971191,0.5799999833106995,0.6700000166893005
2015-12-07,285200,0.6200000047683716,0.6800000071525574,0.6800000071525574,0.5600000023841858,0.6800000071525574
2015-12-04,112100,0.5770000219345093,0.6600000262260437,0.6800000071525574,0.5770000219345093,0.6600000262260437
2015-12-03,41400,0.6200000047683716,0.5989999771118164,0.6499999761581421,0.5,0.5989999771118164
2015-12-02,27900,0.6299999952316284,0.6200000047683716,0.6499999761581421,0.6200000047683716,0.6200000047683716
2015-12-01,43400,0.6700000166893005,0.6499999761581421,0.6899999976158142,0.6499999761581421,0.6499999761581421
2015-11-30,28000,0.6499999761581421,0.6520000100135803,0.6800000071525574,0.5899999737739563,0.6520000100135803
2015-11-27,47800,0.6600000262260437,0.6499999761581421,0.6600000262260437,0.6200000047683716,0.6499999761581421
2015-11-25,110500,0.5460000038146973,0.6100000143051147,0.6499999761581421,0.515999972820282,0.6100000143051147
2015-11-24,168700,0.5199999809265137,0.5199999809265137,0.5600000023841858,0.46000000834465027,0.5199999809265137
2015-11-23,20400,0.5199999809265137,0.5189999938011169,0.5199999809265137,0.5,0.5189999938011169
2015-11-20,113100,0.5600000023841858,0.5199999809265137,0.5600000023841858,0.5,0.5199999809265137
2015-11-19,427500,0.5199999809265137,0.5299999713897705,0.550000011920929,0.44999998807907104,0.5299999713897705
2015-11-18,42900,0.5199999809265137,0.49000000953674316,0.5400000214576721,0.44999998807907104,0.49000000953674316
2015-11-17,34500,0.5400000214576721,0.5149999856948853,0.5699999928474426,0.5,0.5149999856948853
2015-11-16,8800,0.5299999713897705,0.5450000166893005,0.5450000166893005,0.5,0.5450000166893005
2015-11-13,12300,0.5759999752044678,0.5609999895095825,0.5759999752044678,0.5299999713897705,0.5609999895095825
2015-11-12,31500,0.5299999713897705,0.550000011920929,0.593999981880188,0.5299999713897705,0.550000011920929
2015-11-11,88800,0.5249999761581421,0.5199999809265137,0.5479999780654907,0.5199999809265137,0.5199999809265137
2015-11-10,13700,0.5199999809265137,0.531000018119812,0.5440000295639038,0.5199999809265137,0.531000018119812
2015-11-09,41800,0.6000000238418579,0.550000011920929,0.6000000238418579,0.5400000214576721,0.550000011920929
2015-11-06,9600,0.6100000143051147,0.5899999737739563,0.6349999904632568,0.5899999737739563,0.5899999737739563
2015-11-05,89400,0.6499999761581421,0.6000000238418579,0.6800000071525574,0.5899999737739563,0.6000000238418579
2015-11-04,36600,0.6000000238418579,0.6499999761581421,0.6800000071525574,0.6000000238418579,0.6499999761581421
2015-11-03,80100,0.6710000038146973,0.6200000047683716,0.6710000038146973,0.5839999914169312,0.6200000047683716
2015-11-02,95900,0.550000011920929,0.6399999856948853,0.6499999761581421,0.550000011920929,0.6399999856948853
2015-10-30,242300,0.6100000143051147,0.550000011920929,0.6399999856948853,0.550000011920929,0.550000011920929
2015-10-29,17200,0.6700000166893005,0.6600000262260437,0.699999988079071,0.6200000047683716,0.6600000262260437
2015-10-28,35800,0.699999988079071,0.6700000166893005,0.699999988079071,0.6499999761581421,0.6700000166893005
2015-10-27,28100,0.7099999785423279,0.699999988079071,0.7400000095367432,0.699999988079071,0.699999988079071
2015-10-26,7900,0.75,0.7400000095367432,0.7699999809265137,0.7400000095367432,0.7400000095367432
2015-10-23,8400,0.7699999809265137,0.7900000214576721,0.7960000038146973,0.7099999785423279,0.7900000214576721
2015-10-22,3600,0.7099999785423279,0.800000011920929,0.8100000023841858,0.7099999785423279,0.800000011920929
2015-10-21,13000,0.7300000190734863,0.7599999904632568,0.7979999780654907,0.7099999785423279,0.7599999904632568
2015-10-20,10800,0.7799999713897705,0.75,0.8199999928474426,0.7080000042915344,0.75
2015-10-19,11400,0.7519999742507935,0.7699999809265137,0.843999981880188,0.75,0.7699999809265137
2015-10-16,3800,0.8500000238418579,0.8460000157356262,0.8500000238418579,0.7360000014305115,0.8460000157356262
2015-10-15,13300,0.800000011920929,0.8399999737739563,0.8479999899864197,0.7699999809265137,0.8399999737739563
2015-10-14,8800,0.7699999809265137,0.800000011920929,0.8299999833106995,0.7310000061988831,0.800000011920929
2015-10-13,8400,0.8100000023841858,0.8199999928474426,0.8379999995231628,0.7699999809265137,0.8199999928474426
2015-10-12,11500,0.8299999833106995,0.8299999833106995,0.8500000238418579,0.800000011920929,0.8299999833106995
2015-10-09,44200,0.800000011920929,0.8429999947547913,0.8429999947547913,0.7599999904632568,0.8429999947547913
2015-10-08,51800,0.8399999737739563,0.7900000214576721,0.8600000143051147,0.75,0.7900000214576721
2015-10-07,16200,0.7599999904632568,0.8130000233650208,0.8500000238418579,0.7599999904632568,0.8130000233650208
2015-10-06,36000,0.7200000286102295,0.7599999904632568,0.800000011920929,0.699999988079071,0.7599999904632568
2015-10-05,39700,0.6499999761581421,0.7200000286102295,0.7300000190734863,0.6499999761581421,0.7200000286102295
2015-10-02,15000,0.6800000071525574,0.6819999814033508,0.699999988079071,0.6800000071525574,0.6819999814033508
2015-10-01,5000,0.6660000085830688,0.6800000071525574,0.7670000195503235,0.6660000085830688,0.6800000071525574
2015-09-30,20000,0.7099999785423279,0.6819999814033508,0.7400000095367432,0.6470000147819519,0.6819999814033508
2015-09-29,47800,0.6899999976158142,0.6700000166893005,0.7400000095367432,0.6700000166893005,0.6700000166893005
2015-09-28,24600,0.7480000257492065,0.6499999761581421,0.7480000257492065,0.6399999856948853,0.6499999761581421
2015-09-25,26400,0.75,0.7300000190734863,0.75,0.7300000190734863,0.7300000190734863
2015-09-24,43200,0.800000011920929,0.7599999904632568,0.8199999928474426,0.75,0.7599999904632568
2015-09-23,8800,0.7799999713897705,0.8100000023841858,0.8199999928474426,0.7799999713897705,0.8100000023841858
2015-09-22,24200,0.800000011920929,0.8100000023841858,0.8399999737739563,0.7699999809265137,0.8100000023841858
2015-09-21,5400,0.8600000143051147,0.8199999928474426,0.8600000143051147,0.8199999928474426,0.8199999928474426
2015-09-18,21500,0.8399999737739563,0.800000011920929,0.8700000047683716,0.800000011920929,0.800000011920929
2015-09-17,6700,0.8600000143051147,0.8399999737739563,0.8600000143051147,0.7910000085830688,0.8399999737739563
2015-09-16,111200,0.8500000238418579,0.800000011920929,0.8999999761581421,0.7400000095367432,0.800000011920929
2015-09-15,4000,0.8100000023841858,0.8399999737739563,0.8600000143051147,0.8100000023841858,0.8399999737739563
2015-09-14,55400,0.8500000238418579,0.8100000023841858,0.8899999856948853,0.8100000023841858,0.8100000023841858
2015-09-11,9100,0.949999988079071,0.8899999856948853,0.949999988079071,0.8700000047683716,0.8899999856948853
2015-09-10,399400,0.9300000071525574,0.9300000071525574,1.0,0.8600000143051147,0.9300000071525574
2015-09-09,238800,0.8100000023841858,0.8899999856948853,0.8980000019073486,0.800000011920929,0.8899999856948853
2015-09-08,22900,0.8100000023841858,0.8500000238418579,0.9559999704360962,0.8100000023841858,0.8500000238418579
2015-09-04,39600,0.8100000023841858,0.8500000238418579,0.8500000238418579,0.8100000023841858,0.8500000238418579
2015-09-03,11300,0.8799999952316284,0.8500000238418579,0.8999999761581421,0.8100000023841858,0.8500000238418579
2015-09-02,24900,0.8199999928474426,0.8199999928474426,0.8700000047683716,0.7799999713897705,0.8199999928474426
2015-09-01,519600,0.7599999904632568,0.800000011920929,1.059999942779541,0.7300000190734863,0.800000011920929
2015-08-31,59900,0.8700000047683716,0.800000011920929,0.9900000095367432,0.7620000243186951,0.800000011920929
2015-08-28,19100,0.8550000190734863,0.8700000047683716,0.9750000238418579,0.8550000190734863,0.8700000047683716
2015-08-27,62500,0.800000011920929,0.8999999761581421,0.9200000166893005,0.800000011920929,0.8999999761581421
2015-08-26,31200,0.7799999713897705,0.7799999713897705,0.8199999928474426,0.75,0.7799999713897705
2015-08-25,74600,0.7799999713897705,0.7900000214576721,0.8600000143051147,0.7699999809265137,0.7900000214576721
2015-08-24,254600,0.8500000238418579,0.7400000095367432,0.8500000238418579,0.7400000095367432,0.7400000095367432
2015-08-21,13200,0.8899999856948853,0.8999999761581421,0.9300000071525574,0.8500000238418579,0.8999999761581421
2015-08-20,20000,0.9599999785423279,0.949999988079071,1.0099999904632568,0.8899999856948853,0.949999988079071
2015-08-19,140400,0.8100000023841858,0.9900000095367432,1.0299999713897705,0.8100000023841858,0.9900000095367432
2015-08-18,69000,0.8999999761581421,0.800000011920929,0.9599999785423279,0.7099999785423279,0.800000011920929
2015-08-17,33500,1.0,0.8999999761581421,1.0199999809265137,0.8999999761581421,0.8999999761581421
2015-08-14,49700,0.8600000143051147,0.9700000286102295,1.0,0.8600000143051147,0.9700000286102295
2015-08-13,49500,0.8999999761581421,0.8999999761581421,0.9900000095367432,0.8799999952316284,0.8999999761581421
2015-08-12,67500,0.949999988079071,0.949999988079071,1.0299999713897705,0.9039999842643738,0.949999988079071
2015-08-11,58300,1.0499999523162842,0.9700000286102295,1.0700000524520874,0.9599999785423279,0.9700000286102295
2015-08-10,136200,1.0700000524520874,1.0700000524520874,1.149999976158142,1.0499999523162842,1.0700000524520874
2015-08-07,21400,1.0759999752044678,1.0700000524520874,1.1299999952316284,1.059999942779541,1.0700000524520874
2015-08-06,70800,1.0499999523162842,1.0800000429153442,1.1699999570846558,1.0499999523162842,1.0800000429153442
2015-08-05,37700,1.0700000524520874,1.090000033378601,1.159999966621399,1.0700000524520874,1.090000033378601
2015-08-04,89400,1.2000000476837158,1.1200000047683716,1.2000000476837158,1.0800000429153442,1.1200000047683716
2015-08-03,241900,1.0499999523162842,1.1399999856948853,1.2200000286102295,1.0499999523162842,1.1399999856948853
2015-07-31,70500,1.149999976158142,1.0499999523162842,1.2000000476837158,1.0299999713897705,1.0499999523162842
2015-07-30,33000,1.149999976158142,1.149999976158142,1.2200000286102295,1.149999976158142,1.149999976158142
2015-07-29,170900,1.0700000524520874,1.149999976158142,1.309999942779541,1.0700000524520874,1.149999976158142
2015-07-28,103800,1.0099999904632568,1.100000023841858,1.149999976158142,1.0099999904632568,1.100000023841858
2015-07-27,83100,1.149999976158142,1.0700000524520874,1.190000057220459,1.0099999904632568,1.0700000524520874
2015-07-24,14300,1.2000000476837158,1.2000000476837158,1.25,1.159999966621399,1.2000000476837158
2015-07-23,37700,1.2610000371932983,1.25,1.2699999809265137,1.1299999952316284,1.25
2015-07-22,40900,1.309999942779541,1.2899999618530273,1.3700000047683716,1.25,1.2899999618530273
2015-07-21,50200,1.2999999523162842,1.25,1.3539999723434448,1.25,1.25
2015-07-20,14000,1.409999966621399,1.3300000429153442,1.409999966621399,1.3300000429153442,1.3300000429153442
2015-07-17,6800,1.350000023841858,1.3700000047683716,1.440000057220459,1.340000033378601,1.3700000047683716
2015-07-16,24500,1.3600000143051147,1.350000023841858,1.4700000286102295,1.350000023841858,1.350000023841858
2015-07-15,32700,1.4199999570846558,1.3700000047683716,1.4900000095367432,1.3700000047683716,1.3700000047683716
2015-07-14,5200,1.4600000381469727,1.440000057220459,1.5099999904632568,1.4299999475479126,1.440000057220459
2015-07-13,38400,1.5099999904632568,1.4800000190734863,1.5800000429153442,1.4299999475479126,1.4800000190734863
2015-07-10,13900,1.4800000190734863,1.4600000381469727,1.5199999809265137,1.4600000381469727,1.4600000381469727
2015-07-09,7800,1.5099999904632568,1.5,1.5299999713897705,1.5,1.5
2015-07-08,29200,1.5800000429153442,1.5299999713897705,1.659999966621399,1.4900000095367432,1.5299999713897705
2015-07-07,2100,1.559999942779541,1.5299999713897705,1.6200000047683716,1.4900000095367432,1.5299999713897705
2015-07-06,4800,1.5399999618530273,1.5299999713897705,1.6399999856948853,1.5099999904632568,1.5299999713897705
2015-07-02,6300,1.600000023841858,1.5399999618530273,1.600000023841858,1.5099999904632568,1.5399999618530273
2015-07-01,14000,1.5,1.5299999713897705,1.6100000143051147,1.5,1.5299999713897705
2015-06-30,14800,1.4129999876022339,1.5,1.649999976158142,1.4129999876022339,1.5
2015-06-29,66700,1.5,1.5,1.600000023841858,1.4800000190734863,1.5
2015-06-26,26600,1.4299999475479126,1.649999976158142,1.649999976158142,1.4019999504089355,1.649999976158142
2015-06-25,40300,1.399999976158142,1.3899999856948853,1.4299999475479126,1.3899999856948853,1.3899999856948853
2015-06-24,9500,1.399999976158142,1.4199999570846558,1.4800000190734863,1.399999976158142,1.4199999570846558
2015-06-23,21800,1.4299999475479126,1.399999976158142,1.4500000476837158,1.3899999856948853,1.399999976158142
2015-06-22,49800,1.399999976158142,1.440000057220459,1.4800000190734863,1.3600000143051147,1.440000057220459
2015-06-19,28700,1.409999966621399,1.4199999570846558,1.4700000286102295,1.409999966621399,1.4199999570846558
2015-06-18,18700,1.4600000381469727,1.4500000476837158,1.5,1.440000057220459,1.4500000476837158
2015-06-17,39500,1.4500000476837158,1.5,1.5,1.444000005722046,1.5
2015-06-16,18500,1.399999976158142,1.440000057220459,1.4500000476837158,1.399999976158142,1.440000057220459
2015-06-15,10200,1.4199999570846558,1.4500000476837158,1.4600000381469727,1.399999976158142,1.4500000476837158
2015-06-12,41500,1.5,1.4600000381469727,1.5,1.409999966621399,1.4600000381469727
2015-06-11,17900,1.5700000524520874,1.4700000286102295,1.5700000524520874,1.4700000286102295,1.4700000286102295
2015-06-10,46000,1.531000018119812,1.5700000524520874,1.5700000524520874,1.4800000190734863,1.5700000524520874
2015-06-09,25400,1.5399999618530273,1.5399999618530273,1.5499999523162842,1.4800000190734863,1.5399999618530273
2015-06-08,16300,1.5,1.559999942779541,1.559999942779541,1.5,1.559999942779541
2015-06-05,60100,1.5,1.5199999809265137,1.559999942779541,1.5,1.5199999809265137
2015-06-04,25600,1.590000033378601,1.5299999713897705,1.590000033378601,1.5,1.5299999713897705
2015-06-03,25900,1.5520000457763672,1.590000033378601,1.590000033378601,1.5,1.590000033378601
2015-06-02,26300,1.5099999904632568,1.5700000524520874,1.590000033378601,1.5,1.5700000524520874
2015-06-01,44700,1.5099999904632568,1.559999942779541,1.5700000524520874,1.5,1.559999942779541
2015-05-29,32600,1.6200000047683716,1.5499999523162842,1.6200000047683716,1.5099999904632568,1.5499999523162842
2015-05-28,29900,1.5499999523162842,1.5499999523162842,1.590000033378601,1.5199999809265137,1.5499999523162842
2015-05-27,59900,1.6399999856948853,1.5700000524520874,1.7000000476837158,1.524999976158142,1.5700000524520874
2015-05-26,211900,1.649999976158142,1.5099999904632568,1.649999976158142,1.5,1.5099999904632568
2015-05-22,87500,1.75,1.7000000476837158,1.8600000143051147,1.6200000047683716,1.7000000476837158
2015-05-21,54600,1.75,1.7899999618530273,1.850000023841858,1.7100000381469727,1.7899999618530273
2015-05-20,22000,1.7300000190734863,1.75,1.7699999809265137,1.6799999475479126,1.75
2015-05-19,45500,1.746000051498413,1.690000057220459,1.7999999523162842,1.6699999570846558,1.690000057220459
2015-05-18,38100,1.850000023841858,1.7699999809265137,1.850000023841858,1.7400000095367432,1.7699999809265137
2015-05-15,66800,1.7599999904632568,1.7599999904632568,1.7899999618530273,1.6799999475479126,1.7599999904632568
2015-05-14,33800,1.8200000524520874,1.809999942779541,1.840000033378601,1.7699999809265137,1.809999942779541
2015-05-13,54500,1.7000000476837158,1.7799999713897705,1.850000023841858,1.659999966621399,1.7799999713897705
2015-05-12,38700,1.649999976158142,1.7200000286102295,1.7200000286102295,1.649999976158142,1.7200000286102295
2015-05-11,60900,1.7400000095367432,1.7000000476837158,1.7400000095367432,1.6399999856948853,1.7000000476837158
2015-05-08,54700,1.7100000381469727,1.7699999809265137,1.7699999809265137,1.659999966621399,1.7699999809265137
2015-05-07,42900,1.7100000381469727,1.75,1.7799999713897705,1.7100000381469727,1.75
2015-05-06,113600,1.7000000476837158,1.8200000524520874,1.8200000524520874,1.7000000476837158,1.8200000524520874
2015-05-05,63500,1.7200000286102295,1.7100000381469727,1.7799999713897705,1.7000000476837158,1.7100000381469727
2015-05-04,31100,1.7699999809265137,1.7300000190734863,1.7699999809265137,1.7000000476837158,1.7300000190734863
2015-05-01,26800,1.75,1.7300000190734863,1.7699999809265137,1.7200000286102295,1.7300000190734863
2015-04-30,35200,1.7400000095367432,1.7799999713897705,1.809999942779541,1.7400000095367432,1.7799999713897705
2015-04-29,9300,1.7999999523162842,1.7899999618530273,1.840000033378601,1.7400000095367432,1.7899999618530273
2015-04-28,45600,1.75,1.8300000429153442,1.840000033378601,1.7300000190734863,1.8300000429153442
2015-04-27,56000,1.840000033378601,1.7599999904632568,1.850000023841858,1.7599999904632568,1.7599999904632568
2015-04-24,10500,1.840000033378601,1.8200000524520874,1.850000023841858,1.7999999523162842,1.8200000524520874
2015-04-23,40400,1.850000023841858,1.819000005722046,1.850000023841858,1.7599999904632568,1.819000005722046
2015-04-22,74500,1.7599999904632568,1.809999942779541,1.8600000143051147,1.75,1.809999942779541
2015-04-21,17000,1.899999976158142,1.850000023841858,1.899999976158142,1.7799999713897705,1.850000023841858
2015-04-20,32400,1.9500000476837158,1.8899999856948853,2.0299999713897705,1.809999942779541,1.8899999856948853
2015-04-17,77000,1.9199999570846558,1.899999976158142,1.9900000095367432,1.7999999523162842,1.899999976158142
2015-04-16,46600,1.850000023841858,1.9199999570846558,1.9199999570846558,1.7200000286102295,1.9199999570846558
2015-04-15,93800,1.659999966621399,1.8300000429153442,1.850000023841858,1.659999966621399,1.8300000429153442
2015-04-14,112400,1.7000000476837158,1.690000057220459,1.7599999904632568,1.6799999475479126,1.690000057220459
2015-04-13,48200,1.809999942779541,1.7100000381469727,1.809999942779541,1.7000000476837158,1.7100000381469727
2015-04-10,29700,1.7699999809265137,1.809999942779541,1.8200000524520874,1.690000057220459,1.809999942779541
2015-04-09,23500,1.7999999523162842,1.7200000286102295,1.7999999523162842,1.7000000476837158,1.7200000286102295
2015-04-08,70300,1.7300000190734863,1.7400000095367432,1.8200000524520874,1.715000033378601,1.7400000095367432
2015-04-07,135500,1.8200000524520874,1.7300000190734863,1.8600000143051147,1.7300000190734863,1.7300000190734863
2015-04-06,57300,1.6699999570846558,1.7999999523162842,1.8899999856948853,1.6699999570846558,1.7999999523162842
2015-04-02,155300,1.6799999475479126,1.7799999713897705,1.7999999523162842,1.6399999856948853,1.7799999713897705
2015-04-01,152300,1.7400000095367432,1.6799999475479126,1.843000054359436,1.6799999475479126,1.6799999475479126
2015-03-31,115800,1.7400000095367432,1.75,1.7999999523162842,1.690000057220459,1.75
2015-03-30,260200,1.7200000286102295,1.75,1.7899999618530273,1.6039999723434448,1.75
2015-03-27,63200,1.7699999809265137,1.7599999904632568,1.8289999961853027,1.7000000476837158,1.7599999904632568
2015-03-26,80000,1.9390000104904175,1.7999999523162842,1.9390000104904175,1.7000000476837158,1.7999999523162842
2015-03-25,141600,1.8899999856948853,1.850000023841858,1.940000057220459,1.850000023841858,1.850000023841858
2015-03-24,44300,1.899999976158142,1.8760000467300415,1.9299999475479126,1.8600000143051147,1.8760000467300415
2015-03-23,34300,1.8700000047683716,1.899999976158142,1.9500000476837158,1.8700000047683716,1.899999976158142
2015-03-20,175000,1.899999976158142,1.8799999952316284,2.009999990463257,1.8600000143051147,1.8799999952316284
2015-03-19,95200,2.0299999713897705,1.940000057220459,2.0799999237060547,1.9199999570846558,1.940000057220459
2015-03-18,72900,1.940000057220459,2.049999952316284,2.049999952316284,1.899999976158142,2.049999952316284
2015-03-17,40200,1.9199999570846558,1.940000057220459,1.9700000286102295,1.9199999570846558,1.940000057220459
2015-03-16,49000,1.9500000476837158,1.9600000381469727,2.0,1.909999966621399,1.9600000381469727
2015-03-13,51600,2.0,2.0,2.0399999618530273,1.909999966621399,2.0
2015-03-12,50800,1.9500000476837158,2.0,2.0,1.909999966621399,2.0
2015-03-11,57000,1.9769999980926514,1.9600000381469727,2.0199999809265137,1.9500000476837158,1.9600000381469727
2015-03-10,64900,2.0399999618530273,1.9900000095367432,2.0399999618530273,1.9600000381469727,1.9900000095367432
2015-03-09,51300,1.9700000286102295,2.0399999618530273,2.069999933242798,1.9600000381469727,2.0399999618530273
2015-03-06,82100,2.0399999618530273,2.009999990463257,2.0999999046325684,1.9600000381469727,2.009999990463257
2015-03-05,27000,2.0,2.049999952316284,2.0989999771118164,2.0,2.049999952316284
2015-03-04,74800,2.0799999237060547,2.0,2.0940001010894775,1.9900000095367432,2.0
2015-03-03,96200,2.0,2.0999999046325684,2.0999999046325684,1.9500000476837158,2.0999999046325684
2015-03-02,86200,2.1500000953674316,2.0199999809265137,2.1500000953674316,2.0,2.0199999809265137
2015-02-27,114300,2.0,2.0999999046325684,2.1500000953674316,1.9500000476837158,2.0999999046325684
2015-02-26,92700,2.0899999141693115,2.0,2.184000015258789,2.0,2.0
2015-02-25,84500,2.1500000953674316,2.109999895095825,2.180000066757202,2.0999999046325684,2.109999895095825
2015-02-24,95200,2.190000057220459,2.140000104904175,2.2300000190734863,2.0999999046325684,2.140000104904175
2015-02-23,120500,2.25,2.190000057220459,2.25,2.119999885559082,2.190000057220459
2015-02-20,142000,2.3499999046325684,2.200000047683716,2.3499999046325684,2.1500000953674316,2.200000047683716
2015-02-19,267500,2.119999885559082,2.2799999713897705,2.3499999046325684,2.0,2.2799999713897705
2015-02-18,219800,2.430000066757202,2.259999990463257,2.430000066757202,2.259999990463257,2.259999990463257
2015-02-17,173800,2.2300000190734863,2.309999942779541,2.4200000762939453,2.2300000190734863,2.309999942779541
2015-02-13,481100,2.440000057220459,2.2300000190734863,2.440000057220459,2.2300000190734863,2.2300000190734863
2015-02-12,368100,2.009999990463257,2.190000057220459,2.299999952316284,2.009999990463257,2.190000057220459
2015-02-11,176200,1.7799999713897705,1.909999966621399,2.0,1.7799999713897705,1.909999966621399
2015-02-10,87700,1.8300000429153442,1.8200000524520874,1.840000033378601,1.7999999523162842,1.8200000524520874
2015-02-09,86300,1.7999999523162842,1.8600000143051147,1.8799999952316284,1.7999999523162842,1.8600000143051147
2015-02-06,62000,1.7740000486373901,1.8519999980926514,1.8600000143051147,1.7699999809265137,1.8519999980926514
2015-02-05,187300,1.6399999856948853,1.75,1.8899999856948853,1.6399999856948853,1.75
2015-02-04,86000,1.7300000190734863,1.7300000190734863,1.7999999523162842,1.659999966621399,1.7300000190734863
2015-02-03,70700,1.809999942779541,1.7999999523162842,1.899999976158142,1.7100000381469727,1.7999999523162842
2015-02-02,59800,1.7200000286102295,1.7400000095367432,1.75,1.399999976158142,1.7400000095367432
2015-01-30,42100,1.690000057220459,1.6399999856948853,1.690000057220459,1.6299999952316284,1.6399999856948853
2015-01-29,108100,1.8600000143051147,1.600000023841858,1.8600000143051147,1.590000033378601,1.600000023841858
2015-01-28,59500,1.850000023841858,1.7999999523162842,1.899999976158142,1.7999999523162842,1.7999999523162842
2015-01-27,19500,1.8899999856948853,1.843999981880188,1.8899999856948853,1.7599999904632568,1.843999981880188
2015-01-26,57700,1.809999942779541,1.8899999856948853,1.8899999856948853,1.7200000286102295,1.8899999856948853
2015-01-23,99400,1.7100000381469727,1.75,1.909999966621399,1.7100000381469727,1.75
2015-01-22,69500,1.7300000190734863,1.7100000381469727,1.75,1.7100000381469727,1.7100000381469727
2015-01-21,30800,1.75,1.7999999523162842,1.7999999523162842,1.6710000038146973,1.7999999523162842
2015-01-20,55800,1.809999942779541,1.7999999523162842,1.8600000143051147,1.7020000219345093,1.7999999523162842
2015-01-16,21400,1.7599999904632568,1.8200000524520874,1.8200000524520874,1.6799999475479126,1.8200000524520874
2015-01-15,28800,1.7999999523162842,1.7899999618530273,1.7999999523162842,1.75,1.7899999618530273
2015-01-14,139900,1.7599999904632568,1.8200000524520874,1.8700000047683716,1.590000033378601,1.8200000524520874
2015-01-13,100900,1.7999999523162842,1.7599999904632568,1.8370000123977661,1.7300000190734863,1.7599999904632568
2015-01-12,93800,1.6299999952316284,1.75,1.7979999780654907,1.600000023841858,1.75
2015-01-09,65900,1.600000023841858,1.600000023841858,1.600000023841858,1.5199999809265137,1.600000023841858
2015-01-08,95600,1.5,1.5700000524520874,1.5700000524520874,1.5,1.5700000524520874
2015-01-07,91400,1.4780000448226929,1.5399999618530273,1.5800000429153442,1.4500000476837158,1.5399999618530273
2015-01-06,75300,1.5499999523162842,1.4800000190734863,1.590000033378601,1.4500000476837158,1.4800000190734863
2015-01-05,33300,1.6200000047683716,1.5299999713897705,1.6200000047683716,1.5199999809265137,1.5299999713897705
2015-01-02,23300,1.6100000143051147,1.659999966621399,1.659999966621399,1.5099999904632568,1.659999966621399
2014-12-31,52300,1.5499999523162842,1.6100000143051147,1.6100000143051147,1.5,1.6100000143051147
2014-12-30,91500,1.600000023841858,1.559999942779541,1.6699999570846558,1.4500000476837158,1.559999942779541
2014-12-29,49200,1.6200000047683716,1.6299999952316284,1.6699999570846558,1.5700000524520874,1.6299999952316284
2014-12-26,68500,1.6299999952316284,1.590000033378601,1.6299999952316284,1.5299999713897705,1.590000033378601
2014-12-24,38600,1.5299999713897705,1.5399999618530273,1.600000023841858,1.5299999713897705,1.5399999618530273
2014-12-23,45200,1.5199999809265137,1.590000033378601,1.590000033378601,1.4550000429153442,1.590000033378601
2014-12-22,121100,1.559999942779541,1.5199999809265137,1.5789999961853027,1.4819999933242798,1.5199999809265137
2014-12-19,243000,1.3600000143051147,1.5800000429153442,1.5800000429153442,1.309999942779541,1.5800000429153442
2014-12-18,102100,1.4199999570846558,1.3600000143051147,1.4320000410079956,1.3300000429153442,1.3600000143051147
2014-12-17,150800,1.4700000286102295,1.3799999952316284,1.4700000286102295,1.340000033378601,1.3799999952316284
2014-12-16,109400,1.399999976158142,1.4420000314712524,1.5099999904632568,1.3799999952316284,1.4420000314712524
2014-12-15,92600,1.5,1.4600000381469727,1.5199999809265137,1.4500000476837158,1.4600000381469727
2014-12-12,159900,1.5,1.4800000190734863,1.7200000286102295,1.4199999570846558,1.4800000190734863
2014-12-11,222100,1.4500000476837158,1.5,1.5199999809265137,1.4299999475479126,1.5
2014-12-10,178800,1.3700000047683716,1.4500000476837158,1.4700000286102295,1.350000023841858,1.4500000476837158
2014-12-09,643000,1.5,1.4299999475479126,1.5199999809265137,1.2999999523162842,1.4299999475479126
2014-12-08,208300,1.6399999856948853,1.5299999713897705,1.7599999904632568,1.5,1.5299999713897705
2014-12-05,244700,1.7300000190734863,1.6399999856948853,1.7999999523162842,1.559999942779541,1.6399999856948853
2014-12-04,284700,1.840000033378601,1.6699999570846558,1.840000033378601,1.649999976158142,1.6699999570846558
2014-12-03,77300,1.746000051498413,1.7300000190734863,1.7899999618530273,1.6699999570846558,1.7300000190734863
2014-12-02,233300,1.850000023841858,1.74399995803833,1.850000023841858,1.7000000476837158,1.74399995803833
2014-12-01,437100,2.0299999713897705,1.7000000476837158,2.0799999237060547,1.6360000371932983,1.7000000476837158
2014-11-28,117700,2.2300000190734863,2.0799999237060547,2.2300000190734863,2.049999952316284,2.0799999237060547
2014-11-26,35500,2.244999885559082,2.2300000190734863,2.25,2.130000114440918,2.2300000190734863
2014-11-25,42000,2.2100000381469727,2.0999999046325684,2.240000009536743,2.071000099182129,2.0999999046325684
2014-11-24,46700,2.200000047683716,2.180000066757202,2.240000009536743,2.140000104904175,2.180000066757202
2014-11-21,290900,2.119999885559082,2.130000114440918,2.25,2.0,2.130000114440918
2014-11-20,100800,2.0999999046325684,2.0799999237060547,2.0999999046325684,2.0199999809265137,2.0799999237060547
2014-11-19,171200,2.1679999828338623,2.0899999141693115,2.1679999828338623,2.0,2.0899999141693115
2014-11-18,143300,2.059999942779541,2.1500000953674316,2.240000009536743,2.059000015258789,2.1500000953674316
2014-11-17,103300,2.2899999618530273,2.059999942779541,2.2899999618530273,2.059999942779541,2.059999942779541
2014-11-14,115700,2.190000057220459,2.299999952316284,2.299999952316284,2.0999999046325684,2.299999952316284
2014-11-13,307500,2.2300000190734863,2.119999885559082,2.2899999618530273,1.9500000476837158,2.119999885559082
2014-11-12,163300,2.5,2.299999952316284,2.5,2.2799999713897705,2.299999952316284
2014-11-11,82100,2.490000009536743,2.4200000762939453,2.5,2.4100000858306885,2.4200000762939453
2014-11-10,147600,2.4600000381469727,2.4600000381469727,2.509999990463257,2.450000047683716,2.4600000381469727
2014-11-07,82200,2.4200000762939453,2.490000009536743,2.5199999809265137,2.4200000762939453,2.490000009536743
2014-11-06,32100,2.4600000381469727,2.430000066757202,2.509999990463257,2.4000000953674316,2.430000066757202
2014-11-05,57500,2.4800000190734863,2.4600000381469727,2.5,2.4000000953674316,2.4600000381469727
2014-11-04,364700,2.6600000858306885,2.4600000381469727,2.739000082015991,2.4000000953674316,2.4600000381469727
2014-11-03,185800,2.8499999046325684,2.7100000381469727,2.9200000762939453,2.6600000858306885,2.7100000381469727
2014-10-31,83400,2.819999933242798,2.880000114440918,2.9200000762939453,2.765000104904175,2.880000114440918
2014-10-30,77500,2.6600000858306885,2.799999952316284,2.9000000953674316,2.6600000858306885,2.799999952316284
2014-10-29,10400,2.680000066757202,2.7249999046325684,2.75,2.6760001182556152,2.7249999046325684
2014-10-28,88300,2.630000114440918,2.7100000381469727,2.740000009536743,2.5899999141693115,2.7100000381469727
2014-10-27,101600,2.75,2.680000066757202,2.75,2.61299991607666,2.680000066757202
2014-10-24,127600,2.7899999618530273,2.7899999618530273,2.882999897003174,2.759999990463257,2.7899999618530273
2014-10-23,145800,2.880000114440918,2.880000114440918,2.890000104904175,2.680000066757202,2.880000114440918
2014-10-22,142800,3.0799999237060547,2.890000104904175,3.0799999237060547,2.859999895095825,2.890000104904175
2014-10-21,187200,2.864000082015991,3.0399999618530273,3.069999933242798,2.740000009536743,3.0399999618530273
2014-10-20,183100,2.890000104904175,2.880000114440918,2.9700000286102295,2.740000009536743,2.880000114440918
2014-10-17,279700,2.630000114440918,2.75,3.049999952316284,2.630000114440918,2.75
2014-10-16,259200,2.309999942779541,2.609999895095825,2.753000020980835,2.2899999618530273,2.609999895095825
2014-10-15,510700,2.5,2.5,2.549999952316284,2.25,2.5
2014-10-14,228800,2.640000104904175,2.549999952316284,2.6500000953674316,2.549999952316284,2.549999952316284
2014-10-13,711100,2.5999999046325684,2.6500000953674316,2.799999952316284,2.5999999046325684,2.6500000953674316
2014-10-10,516300,2.7899999618530273,2.5899999141693115,2.799999952316284,2.4800000190734863,2.5899999141693115
2014-10-09,511300,3.2699999809265137,2.819999933242798,3.309999942779541,2.549999952316284,2.819999933242798
2014-10-08,249200,3.549999952316284,3.3299999237060547,3.549999952316284,3.2100000381469727,3.3299999237060547
2014-10-07,146300,3.5,3.509999990463257,3.509999990463257,3.4100000858306885,3.509999990463257
2014-10-06,529500,3.4800000190734863,3.4800000190734863,3.5399999618530273,3.4000000953674316,3.4800000190734863
2014-10-03,69900,3.690000057220459,3.509999990463257,3.690000057220459,3.4600000381469727,3.509999990463257
2014-10-02,271700,3.440000057220459,3.609999895095825,3.6500000953674316,3.440000057220459,3.609999895095825
2014-10-01,170500,3.619999885559082,3.4600000381469727,3.6500000953674316,3.4600000381469727,3.4600000381469727
2014-09-30,93200,3.609999895095825,3.640000104904175,3.680000066757202,3.569999933242798,3.640000104904175
2014-09-29,65300,3.569999933242798,3.630000114440918,3.680000066757202,3.549999952316284,3.630000114440918
2014-09-26,178100,3.509999990463257,3.630000114440918,3.7019999027252197,3.509999990463257,3.630000114440918
2014-09-25,59000,3.5999999046325684,3.5799999237060547,3.7300000190734863,3.5799999237060547,3.5799999237060547
2014-09-24,126600,3.5199999809265137,3.5999999046325684,3.6700000762939453,3.5199999809265137,3.5999999046325684
2014-09-23,76900,3.5299999713897705,3.569999933242798,3.7239999771118164,3.5209999084472656,3.569999933242798
2014-09-22,604400,3.8399999141693115,3.630000114440918,3.9100000858306885,3.430000066757202,3.630000114440918
2014-09-19,204200,3.930000066757202,3.7200000286102295,3.936000108718872,3.7200000286102295,3.7200000286102295
2014-09-18,66900,3.9200000762939453,3.880000114440918,3.950000047683716,3.7699999809265137,3.880000114440918
2014-09-17,243200,3.9200000762939453,3.890000104904175,4.019999980926514,3.799999952316284,3.890000104904175
2014-09-16,286900,3.7899999618530273,3.8299999237060547,3.9200000762939453,3.750999927520752,3.8299999237060547
2014-09-15,220700,3.6600000858306885,3.75,3.799999952316284,3.6600000858306885,3.75
2014-09-12,591300,3.6500000953674316,3.6600000858306885,3.940000057220459,3.5899999141693115,3.6600000858306885
2014-09-11,298500,3.5,3.609999895095825,3.75,3.5,3.609999895095825
2014-09-10,274900,3.819999933242798,3.569999933242798,3.9100000858306885,3.5399999618530273,3.569999933242798
2014-09-09,972800,3.259999990463257,3.6500000953674316,3.7899999618530273,3.259999990463257,3.6500000953674316
2014-09-08,352700,3.200000047683716,3.2699999809265137,3.3499999046325684,3.1500000953674316,3.2699999809265137
2014-09-05,132200,3.0399999618530273,3.119999885559082,3.190000057220459,3.0399999618530273,3.119999885559082
2014-09-04,273600,3.180000066757202,3.0399999618530273,3.369999885559082,3.0399999618530273,3.0399999618530273
2014-09-03,90300,3.0999999046325684,3.109999895095825,3.109999895095825,3.0,3.109999895095825
2014-09-02,131500,2.9700000286102295,3.069999933242798,3.0999999046325684,2.950000047683716,3.069999933242798
2014-08-29,90300,3.0,3.059999942779541,3.0999999046325684,2.950000047683716,3.059999942779541
2014-08-28,48100,3.0899999141693115,2.9800000190734863,3.0899999141693115,2.953000068664551,2.9800000190734863
2014-08-27,184100,3.059999942779541,2.950000047683716,3.109999895095825,2.9000000953674316,2.950000047683716
2014-08-26,36400,2.990000009536743,3.059999942779541,3.069999933242798,2.990000009536743,3.059999942779541
2014-08-25,222400,2.9600000381469727,3.069999933242798,3.109999895095825,2.9600000381469727,3.069999933242798
2014-08-22,63700,3.140000104904175,3.069999933242798,3.1700000762939453,3.0399999618530273,3.069999933242798
2014-08-21,53200,3.0399999618530273,3.0399999618530273,3.1600000858306885,3.0299999713897705,3.0399999618530273
2014-08-20,101000,3.130000114440918,3.0399999618530273,3.130000114440918,2.940000057220459,3.0399999618530273
2014-08-19,56100,3.130000114440918,3.009999990463257,3.140000104904175,3.009999990463257,3.009999990463257
2014-08-18,157800,3.2200000286102295,3.1600000858306885,3.2200000286102295,2.9800000190734863,3.1600000858306885
2014-08-15,117500,2.940000057220459,3.259999990463257,3.259999990463257,2.940000057220459,3.259999990463257
2014-08-14,223100,3.240000009536743,3.009999990463257,3.240000009536743,2.940000057220459,3.009999990463257
2014-08-13,78200,3.0999999046325684,3.1700000762939453,3.180000066757202,3.0399999618530273,3.1700000762939453
2014-08-12,171200,3.3399999141693115,3.0999999046325684,3.3399999141693115,3.0199999809265137,3.0999999046325684
2014-08-11,260600,3.0899999141693115,3.3399999141693115,3.4200000762939453,3.0,3.3399999141693115
2014-08-08,142200,3.109999895095825,3.140000104904175,3.1500000953674316,3.0199999809265137,3.140000104904175
2014-08-07,112300,3.140000104904175,3.059999942779541,3.2090001106262207,3.0399999618530273,3.059999942779541
2014-08-06,87400,3.299999952316284,3.2100000381469727,3.299999952316284,3.0999999046325684,3.2100000381469727
2014-08-05,124000,3.299999952316284,3.3499999046325684,3.3499999046325684,3.0799999237060547,3.3499999046325684
2014-08-04,197400,3.0799999237060547,3.2200000286102295,3.450000047683716,3.0799999237060547,3.2200000286102295
2014-08-01,72400,3.1600000858306885,3.200000047683716,3.2300000190734863,3.0999999046325684,3.200000047683716
2014-07-31,67500,3.3499999046325684,3.2100000381469727,3.3499999046325684,3.121999979019165,3.2100000381469727
2014-07-30,69300,3.25,3.299999952316284,3.3299999237060547,3.240000009536743,3.299999952316284
2014-07-29,213400,3.0999999046325684,3.2300000190734863,3.369999885559082,3.0999999046325684,3.2300000190734863
2014-07-28,166100,3.2899999618530273,3.190000057220459,3.2899999618530273,3.13100004196167,3.190000057220459
2014-07-25,141200,3.259999990463257,3.25,3.299999952316284,3.1500000953674316,3.25
2014-07-24,179300,3.430000066757202,3.299999952316284,3.450000047683716,3.2699999809265137,3.299999952316284
2014-07-23,280100,3.609999895095825,3.4200000762939453,3.622999906539917,3.299999952316284,3.4200000762939453
2014-07-22,908200,3.700000047683716,3.569999933242798,3.8399999141693115,3.430000066757202,3.569999933242798
2014-07-21,1885700,3.3299999237060547,3.700000047683716,3.7200000286102295,3.2699999809265137,3.700000047683716
2014-07-18,765100,3.1500000953674316,3.259999990463257,3.299999952316284,3.049999952316284,3.259999990463257
2014-07-17,1120300,3.0399999618530273,3.0399999618530273,3.25,2.992000102996826,3.0399999618530273
2014-07-16,377500,3.0199999809265137,3.0199999809265137,3.0369999408721924,2.9000000953674316,3.0199999809265137
2014-07-15,1333100,2.7300000190734863,2.9600000381469727,3.0899999141693115,2.680000066757202,2.9600000381469727
2014-07-14,128800,2.440000057220459,2.5799999237060547,2.619999885559082,2.4100000858306885,2.5799999237060547
2014-07-11,101700,2.4700000286102295,2.4600000381469727,2.5,2.450000047683716,2.4600000381469727
2014-07-10,324100,2.509999990463257,2.490000009536743,2.640000104904175,2.4600000381469727,2.490000009536743
2014-07-09,67300,2.7200000286102295,2.7200000286102295,2.739000082015991,2.6500000953674316,2.7200000286102295
2014-07-08,15900,2.640000104904175,2.740000009536743,2.740000009536743,2.5999999046325684,2.740000009536743
2014-07-07,117500,2.640000104904175,2.680000066757202,2.744999885559082,2.609999895095825,2.680000066757202
2014-07-03,118500,2.549999952316284,2.6500000953674316,2.7200000286102295,2.509999990463257,2.6500000953674316
2014-07-02,96800,2.509999990463257,2.549999952316284,2.569999933242798,2.509999990463257,2.549999952316284
2014-07-01,83600,2.559999942779541,2.559999942779541,2.625,2.509999990463257,2.559999942779541
2014-06-30,212100,2.450000047683716,2.5799999237060547,2.5899999141693115,2.450000047683716,2.5799999237060547
2014-06-27,123700,2.6600000858306885,2.5999999046325684,2.690000057220459,2.559999942779541,2.5999999046325684
2014-06-26,201200,2.700000047683716,2.6600000858306885,2.700000047683716,2.4600000381469727,2.6600000858306885
2014-06-25,254000,2.5199999809265137,2.619999885559082,2.690000057220459,2.450000047683716,2.619999885559082
2014-06-24,210700,2.559999942779541,2.559999942779541,2.740000009536743,2.559999942779541,2.559999942779541
2014-06-23,437900,2.7200000286102295,2.5999999046325684,2.7899999618530273,2.5199999809265137,2.5999999046325684
2014-06-20,563100,3.0,2.700000047683716,3.0,2.700000047683716,2.700000047683716
2014-06-19,177400,3.049999952316284,3.0,3.049999952316284,2.9000000953674316,3.0
2014-06-18,124800,3.049999952316284,3.0,3.049999952316284,2.9100000858306885,3.0
2014-06-17,431400,3.0999999046325684,3.049999952316284,3.200000047683716,2.819999933242798,3.049999952316284
2014-06-16,983500,2.9600000381469727,3.0999999046325684,3.2850000858306885,2.9200000762939453,3.0999999046325684
2014-06-13,235300,2.990000009536743,2.9700000286102295,3.0,2.9000000953674316,2.9700000286102295
2014-06-12,168000,2.9800000190734863,2.930000066757202,2.990000009536743,2.8450000286102295,2.930000066757202
2014-06-11,139200,2.819999933242798,2.9700000286102295,2.9700000286102295,2.740000009536743,2.9700000286102295
2014-06-10,249600,2.9000000953674316,2.880000114440918,2.9200000762939453,2.75,2.880000114440918
2014-06-09,317100,3.0199999809265137,2.890000104904175,3.0399999618530273,2.890000104904175,2.890000104904175
2014-06-06,138100,3.0,3.0,3.049999952316284,2.9100000858306885,3.0
2014-06-05,315700,3.0,2.9700000286102295,3.049999952316284,2.8499999046325684,2.9700000286102295
2014-06-04,123200,3.0,3.0,3.0,2.950000047683716,3.0
2014-06-03,138900,3.0399999618530273,3.0,3.049999952316284,2.9000000953674316,3.0
2014-06-02,625400,3.0399999618530273,3.0,3.119999885559082,2.8499999046325684,3.0
2014-05-30,327000,2.940000057220459,2.990000009536743,3.0,2.75,2.990000009536743
2014-05-29,340000,2.7699999809265137,2.880000114440918,2.9000000953674316,2.7300000190734863,2.880000114440918
2014-05-28,207200,2.9000000953674316,2.799999952316284,2.9000000953674316,2.700000047683716,2.799999952316284
2014-05-27,1241900,2.8299999237060547,2.8499999046325684,3.0399999618530273,2.7799999713897705,2.8499999046325684
2014-05-23,687800,2.5799999237060547,2.75,2.799999952316284,2.559999942779541,2.75
2014-05-22,261000,2.569999933242798,2.569999933242798,2.5799999237060547,2.5,2.569999933242798
2014-05-21,332200,2.4800000190734863,2.5399999618530273,2.6679999828338623,2.4800000190734863,2.5399999618530273
2014-05-20,936600,2.319999933242798,2.490000009536743,2.490000009536743,2.319999933242798,2.490000009536743
2014-05-19,226800,2.109999895095825,2.319999933242798,2.3499999046325684,2.109999895095825,2.319999933242798
2014-05-16,37100,2.1600000858306885,2.0999999046325684,2.1600000858306885,2.0999999046325684,2.0999999046325684
2014-05-15,161300,2.0999999046325684,2.180000066757202,2.180000066757202,2.000999927520752,2.180000066757202
2014-05-14,107100,2.140000104904175,2.0999999046325684,2.1500000953674316,2.009999990463257,2.0999999046325684
2014-05-13,215700,2.3499999046325684,2.140000104904175,2.440000057220459,2.059999942779541,2.140000104904175
2014-05-12,90200,2.430000066757202,2.380000114440918,2.430000066757202,2.25,2.380000114440918
2014-05-09,149300,2.369999885559082,2.3399999141693115,2.390000104904175,2.1500000953674316,2.3399999141693115
2014-05-08,65000,2.4000000953674316,2.4000000953674316,2.4200000762939453,2.3499999046325684,2.4000000953674316
2014-05-07,193700,2.4200000762939453,2.3399999141693115,2.4800000190734863,2.2799999713897705,2.3399999141693115
2014-05-06,351600,2.25,2.4000000953674316,2.4200000762939453,2.25,2.4000000953674316
2014-05-05,318900,2.190000057220459,2.2300000190734863,2.359999895095825,2.0999999046325684,2.2300000190734863
2014-05-02,166900,1.8799999952316284,2.0799999237060547,2.1600000858306885,1.7999999523162842,2.0799999237060547
2014-05-01,461700,1.940000057220459,1.8799999952316284,1.9700000286102295,1.7200000286102295,1.8799999952316284
2014-04-30,193200,1.9800000190734863,1.9700000286102295,2.049999952316284,1.9500000476837158,1.9700000286102295
2014-04-29,139900,2.1059999465942383,2.0199999809265137,2.1530001163482666,2.0,2.0199999809265137
2014-04-28,71200,2.190000057220459,2.190000057220459,2.2200000286102295,2.140000104904175,2.190000057220459
2014-04-25,63000,2.190000057220459,2.2200000286102295,2.2899999618530273,2.1700000762939453,2.2200000286102295
2014-04-24,34100,2.2699999809265137,2.190000057220459,2.2699999809265137,2.190000057220459,2.190000057220459
2014-04-23,52100,2.200000047683716,2.25,2.2699999809265137,2.1500000953674316,2.25
2014-04-22,61700,2.200000047683716,2.200000047683716,2.2869999408721924,2.200000047683716,2.200000047683716
2014-04-21,113800,2.2699999809265137,2.200000047683716,2.4700000286102295,2.200000047683716,2.200000047683716
2014-04-17,173500,2.0999999046325684,2.2300000190734863,2.2300000190734863,2.0299999713897705,2.2300000190734863
2014-04-16,152200,2.069999933242798,2.1500000953674316,2.2309999465942383,2.069999933242798,2.1500000953674316
2014-04-15,68000,2.190000057220459,2.190000057220459,2.299999952316284,2.180000066757202,2.190000057220459
2014-04-14,103400,2.200000047683716,2.200000047683716,2.309999942779541,2.200000047683716,2.200000047683716
2014-04-11,92300,2.259999990463257,2.2699999809265137,2.309999942779541,2.25,2.2699999809265137
2014-04-10,168200,2.299999952316284,2.2799999713897705,2.328000068664551,2.2699999809265137,2.2799999713897705
2014-04-09,75400,2.299999952316284,2.319999933242798,2.380000114440918,2.299999952316284,2.319999933242798
2014-04-08,31700,2.440000057220459,2.3499999046325684,2.440000057220459,2.315000057220459,2.3499999046325684
2014-04-07,191200,2.3499999046325684,2.440000057220459,2.440000057220459,2.309999942779541,2.440000057220459
2014-04-04,78600,2.2799999713897705,2.319999933242798,2.4000000953674316,2.25,2.319999933242798
2014-04-03,82900,2.359999895095825,2.299999952316284,2.428999900817871,2.299999952316284,2.299999952316284
2014-04-02,78600,2.440000057220459,2.2899999618530273,2.440000057220459,2.2899999618530273,2.2899999618530273
2014-04-01,124800,2.4200000762939453,2.369999885559082,2.490000009536743,2.3499999046325684,2.369999885559082
2014-03-31,56400,2.4800000190734863,2.4200000762939453,2.490000009536743,2.4000000953674316,2.4200000762939453
2014-03-28,83000,2.4700000286102295,2.430000066757202,2.4800000190734863,2.3399999141693115,2.430000066757202
2014-03-27,131400,2.4200000762939453,2.380000114440918,2.438999891281128,2.380000114440918,2.380000114440918
2014-03-26,95100,2.430000066757202,2.450000047683716,2.5999999046325684,2.430000066757202,2.450000047683716
2014-03-25,122900,2.687999963760376,2.4600000381469727,2.690000057220459,2.450000047683716,2.4600000381469727
2014-03-24,35700,2.5199999809265137,2.4600000381469727,2.5199999809265137,2.431999921798706,2.4600000381469727
2014-03-21,182000,2.5199999809265137,2.5,2.700000047683716,2.450000047683716,2.5
2014-03-20,286100,2.4700000286102295,2.5,2.5,1.9500000476837158,2.5
2014-03-19,29400,2.359999895095825,2.4519999027252197,2.490000009536743,2.359999895095825,2.4519999027252197
2014-03-18,280800,2.450000047683716,2.4000000953674316,2.5,2.3499999046325684,2.4000000953674316
2014-03-17,444300,2.5899999141693115,2.390000104904175,2.5899999141693115,2.3399999141693115,2.390000104904175
2014-03-14,92800,2.5,2.5,2.5899999141693115,2.369999885559082,2.5
2014-03-13,65200,2.7100000381469727,2.559999942779541,2.7100000381469727,2.5,2.559999942779541
2014-03-12,30800,2.5,2.609999895095825,2.640000104904175,2.5,2.609999895095825
2014-03-11,141900,2.6700000762939453,2.5799999237060547,2.75,2.5199999809265137,2.5799999237060547
2014-03-10,224600,2.700000047683716,2.680000066757202,2.75,2.6500000953674316,2.680000066757202
2014-03-07,182100,2.6500000953674316,2.6700000762939453,2.7100000381469727,2.5899999141693115,2.6700000762939453
2014-03-06,487100,2.4700000286102295,2.609999895095825,2.6600000858306885,2.4700000286102295,2.609999895095825
2014-03-05,39500,2.369999885559082,2.359999895095825,2.369999885559082,2.2799999713897705,2.359999895095825
2014-03-04,53800,2.299999952316284,2.369999885559082,2.380000114440918,2.299999952316284,2.369999885559082
2014-03-03,50800,2.315000057220459,2.299999952316284,2.380000114440918,2.2899999618530273,2.299999952316284
2014-02-28,29600,2.299999952316284,2.4000000953674316,2.4000000953674316,2.2100000381469727,2.4000000953674316
2014-02-27,31800,2.299999952316284,2.3299999237060547,2.380000114440918,2.299999952316284,2.3299999237060547
2014-02-26,73800,2.190000057220459,2.309999942779541,2.309999942779541,2.180000066757202,2.309999942779541
2014-02-25,164900,2.3499999046325684,2.190000057220459,2.4000000953674316,2.130000114440918,2.190000057220459
2014-02-24,178100,2.4100000858306885,2.390000104904175,2.430000066757202,2.3499999046325684,2.390000104904175
2014-02-21,79200,2.359999895095825,2.4100000858306885,2.440000057220459,2.359999895095825,2.4100000858306885
2014-02-20,77500,2.430000066757202,2.380000114440918,2.4700000286102295,2.369999885559082,2.380000114440918
2014-02-19,27200,2.390000104904175,2.3949999809265137,2.4000000953674316,2.380000114440918,2.3949999809265137
2014-02-18,165500,2.359999895095825,2.4000000953674316,2.490000009536743,2.3499999046325684,2.4000000953674316
2014-02-14,198100,2.3299999237060547,2.3499999046325684,2.4600000381469727,2.3299999237060547,2.3499999046325684
2014-02-13,90700,2.390000104904175,2.3299999237060547,2.4000000953674316,2.25,2.3299999237060547
2014-02-12,151300,2.2950000762939453,2.380000114440918,2.450000047683716,2.2950000762939453,2.380000114440918
2014-02-11,107400,2.2100000381469727,2.2799999713897705,2.3499999046325684,2.1700000762939453,2.2799999713897705
2014-02-10,17000,2.180000066757202,2.2200000286102295,2.2200000286102295,2.180000066757202,2.2200000286102295
2014-02-07,14600,2.2300000190734863,2.180000066757202,2.2300000190734863,2.130000114440918,2.180000066757202
2014-02-06,24800,2.240000009536743,2.190000057220459,2.25,2.1500000953674316,2.190000057220459
2014-02-05,46000,2.1500000953674316,2.25,2.25,2.0199999809265137,2.25
2014-02-04,55400,2.299999952316284,2.2200000286102295,2.299999952316284,2.049999952316284,2.2200000286102295
2014-02-03,28600,2.2200000286102295,2.259999990463257,2.299999952316284,2.2200000286102295,2.259999990463257
2014-01-31,70900,2.25,2.25,2.309999942779541,2.2200000286102295,2.25
2014-01-30,128400,2.380000114440918,2.25,2.380000114440918,2.25,2.25
2014-01-29,111600,2.380000114440918,2.3399999141693115,2.4000000953674316,2.3350000381469727,2.3399999141693115
2014-01-28,95600,2.384999990463257,2.369999885559082,2.384999990463257,2.309999942779541,2.369999885559082
2014-01-27,46900,2.25,2.3299999237060547,2.3499999046325684,2.25,2.3299999237060547
2014-01-24,85400,2.305000066757202,2.25,2.4000000953674316,2.1500000953674316,2.25
2014-01-23,162600,2.305000066757202,2.319999933242798,2.3499999046325684,2.2799999713897705,2.319999933242798
2014-01-22,154100,2.140000104904175,2.2699999809265137,2.299999952316284,2.0999999046325684,2.2699999809265137
2014-01-21,74500,2.0999999046325684,2.140000104904175,2.1700000762939453,2.0899999141693115,2.140000104904175
2014-01-17,65200,2.140000104904175,2.059999942779541,2.140000104904175,2.049999952316284,2.059999942779541
2014-01-16,131800,1.9600000381469727,2.1700000762939453,2.1700000762939453,1.9500000476837158,2.1700000762939453
2014-01-15,24300,1.9199999570846558,1.9199999570846558,1.9199999570846558,1.8700000047683716,1.9199999570846558
2014-01-14,29100,2.0,1.8819999694824219,2.0,1.850000023841858,1.8819999694824219
2014-01-13,113200,1.8899999856948853,1.9800000190734863,1.9800000190734863,1.8899999856948853,1.9800000190734863
2014-01-10,73700,1.850000023841858,1.8700000047683716,1.8899999856948853,1.809999942779541,1.8700000047683716
2014-01-09,50400,1.940000057220459,1.850000023841858,1.940000057220459,1.8300000429153442,1.850000023841858
2014-01-08,74100,1.7799999713897705,1.8899999856948853,1.899999976158142,1.7799999713897705,1.8899999856948853
2014-01-07,31700,1.7999999523162842,1.8300000429153442,1.8300000429153442,1.75,1.8300000429153442
2014-01-06,42500,1.7300000190734863,1.7699999809265137,1.8200000524520874,1.7300000190734863,1.7699999809265137
2014-01-03,15700,1.7100000381469727,1.7599999904632568,1.7599999904632568,1.7100000381469727,1.7599999904632568
2014-01-02,529600,1.809999942779541,1.7699999809265137,1.809999942779541,1.7200000286102295,1.7699999809265137
2013-12-31,22200,1.7999999523162842,1.809999942779541,1.8200000524520874,1.75,1.809999942779541
2013-12-30,10900,1.7599999904632568,1.7999999523162842,1.7999999523162842,1.7200000286102295,1.7999999523162842
2013-12-27,27800,1.8600000143051147,1.7999999523162842,1.8600000143051147,1.75,1.7999999523162842
2013-12-26,17200,1.7699999809265137,1.8289999961853027,1.8289999961853027,1.7699999809265137,1.8289999961853027
2013-12-24,6400,1.7999999523162842,1.7699999809265137,1.7999999523162842,1.7100000381469727,1.7699999809265137
2013-12-23,28900,1.8250000476837158,1.7899999618530273,1.8300000429153442,1.75,1.7899999618530273
2013-12-20,45900,1.6799999475479126,1.7999999523162842,1.850000023841858,1.6799999475479126,1.7999999523162842
2013-12-19,71000,1.649999976158142,1.7599999904632568,1.9299999475479126,1.6399999856948853,1.7599999904632568
2013-12-18,81300,1.6200000047683716,1.649999976158142,1.649999976158142,1.600000023841858,1.649999976158142
2013-12-17,114900,1.559999942779541,1.600000023841858,1.6200000047683716,1.5099999904632568,1.600000023841858
2013-12-16,23800,1.503999948501587,1.590000033378601,1.600000023841858,1.503999948501587,1.590000033378601
2013-12-13,106300,1.4299999475479126,1.5,1.600000023841858,1.4299999475479126,1.5
2013-12-12,41300,1.465000033378601,1.4299999475479126,1.465000033378601,1.2999999523162842,1.4299999475479126
2013-12-11,17200,1.4299999475479126,1.4199999570846558,1.4299999475479126,1.4199999570846558,1.4199999570846558
2013-12-10,17200,1.4299999475479126,1.4600000381469727,1.4600000381469727,1.4199999570846558,1.4600000381469727
2013-12-09,8500,1.4500000476837158,1.4600000381469727,1.4600000381469727,1.4500000476837158,1.4600000381469727
2013-12-06,2100,1.3700000047683716,1.4500000476837158,1.4500000476837158,1.3700000047683716,1.4500000476837158
2013-12-05,13000,1.409999966621399,1.399999976158142,1.4299999475479126,1.399999976158142,1.399999976158142
2013-12-04,21100,1.4299999475479126,1.409999966621399,1.4299999475479126,1.3700000047683716,1.409999966621399
2013-12-03,3800,1.4500000476837158,1.4299999475479126,1.4700000286102295,1.399999976158142,1.4299999475479126
2013-12-02,15400,1.4600000381469727,1.4700000286102295,1.4800000190734863,1.4600000381469727,1.4700000286102295
2013-11-29,300,1.4600000381469727,1.4600000381469727,1.4800000190734863,1.4600000381469727,1.4600000381469727
2013-11-27,1300,1.4800000190734863,1.4600000381469727,1.4800000190734863,1.4299999475479126,1.4600000381469727
2013-11-26,69000,1.3799999952316284,1.4500000476837158,1.4500000476837158,1.3799999952316284,1.4500000476837158
2013-11-25,74200,1.4600000381469727,1.4500000476837158,1.4600000381469727,1.3300000429153442,1.4500000476837158
2013-11-22,36900,1.3600000143051147,1.4500000476837158,1.4500000476837158,1.3600000143051147,1.4500000476837158
2013-11-21,53100,1.3700000047683716,1.3899999856948853,1.4199999570846558,1.3300000429153442,1.3899999856948853
2013-11-20,45100,1.2999999523162842,1.3600000143051147,1.4299999475479126,1.2999999523162842,1.3600000143051147
2013-11-19,19700,1.2999999523162842,1.2899999618530273,1.3209999799728394,1.2899999618530273,1.2899999618530273
2013-11-18,19700,1.3300000429153442,1.2999999523162842,1.3300000429153442,1.2999999523162842,1.2999999523162842
2013-11-15,73800,1.1699999570846558,1.3289999961853027,1.3289999961853027,1.1699999570846558,1.3289999961853027
2013-11-14,180200,1.3300000429153442,1.2200000286102295,1.3300000429153442,1.1799999475479126,1.2200000286102295
2013-11-13,84900,1.3200000524520874,1.3300000429153442,1.4199999570846558,1.2300000190734863,1.3300000429153442
2013-11-12,22800,1.2699999809265137,1.2799999713897705,1.350000023841858,1.2699999809265137,1.2799999713897705
2013-11-11,21100,1.2999999523162842,1.2799999713897705,1.309999942779541,1.2799999713897705,1.2799999713897705
2013-11-08,41100,1.2699999809265137,1.2999999523162842,1.3799999952316284,1.2699999809265137,1.2999999523162842
2013-11-07,4300,1.2699999809265137,1.4199999570846558,1.4199999570846558,1.2699999809265137,1.4199999570846558
2013-11-06,35900,1.2999999523162842,1.3600000143051147,1.3600000143051147,1.2599999904632568,1.3600000143051147
2013-11-05,24200,1.2999999523162842,1.340000033378601,1.350000023841858,1.2599999904632568,1.340000033378601
2013-11-04,28700,1.2799999713897705,1.3300000429153442,1.3300000429153442,1.25,1.3300000429153442
2013-11-01,48400,1.2999999523162842,1.2799999713897705,1.309999942779541,1.2100000381469727,1.2799999713897705
2013-10-31,22400,1.340000033378601,1.3700000047683716,1.3700000047683716,1.2999999523162842,1.3700000047683716
2013-10-30,19100,1.4299999475479126,1.3700000047683716,1.4299999475479126,1.3300000429153442,1.3700000047683716
2013-10-29,85600,1.4800000190734863,1.3799999952316284,1.4800000190734863,1.3200000524520874,1.3799999952316284
2013-10-28,32900,1.4199999570846558,1.4800000190734863,1.4900000095367432,1.4199999570846558,1.4800000190734863
2013-10-25,11000,1.440000057220459,1.409999966621399,1.4800000190734863,1.409999966621399,1.409999966621399
2013-10-24,2500,1.4500000476837158,1.4500000476837158,1.4500000476837158,1.399999976158142,1.4500000476837158
2013-10-23,70800,1.350000023841858,1.475000023841858,1.4800000190734863,1.350000023841858,1.475000023841858
2013-10-22,34100,1.4700000286102295,1.409999966621399,1.4700000286102295,1.3799999952316284,1.409999966621399
2013-10-21,69600,1.2999999523162842,1.4800000190734863,1.4800000190734863,1.2999999523162842,1.4800000190734863
2013-10-18,26200,1.340000033378601,1.309999942779541,1.340000033378601,1.2999999523162842,1.309999942779541
2013-10-17,42400,1.309999942779541,1.3300000429153442,1.350000023841858,1.2899999618530273,1.3300000429153442
2013-10-16,37100,1.2999999523162842,1.309999942779541,1.350000023841858,1.2999999523162842,1.309999942779541
2013-10-15,43200,1.2400000095367432,1.2999999523162842,1.2999999523162842,1.2400000095367432,1.2999999523162842
2013-10-14,35600,1.2899999618530273,1.25,1.309999942779541,1.2200000286102295,1.25
2013-10-11,55300,1.3300000429153442,1.2899999618530273,1.340000033378601,1.2799999713897705,1.2899999618530273
2013-10-10,125300,1.3899999856948853,1.2799999713897705,1.3899999856948853,1.2300000190734863,1.2799999713897705
2013-10-09,27200,1.340000033378601,1.3899999856948853,1.3899999856948853,1.2999999523162842,1.3899999856948853
2013-10-08,68400,1.3799999952316284,1.3899999856948853,1.4199999570846558,1.309999942779541,1.3899999856948853
2013-10-07,40200,1.4600000381469727,1.399999976158142,1.4600000381469727,1.350000023841858,1.399999976158142
2013-10-04,19200,1.4700000286102295,1.440000057220459,1.4700000286102295,1.4299999475479126,1.440000057220459
2013-10-03,50100,1.4600000381469727,1.4700000286102295,1.5199999809265137,1.409999966621399,1.4700000286102295
2013-10-02,10200,1.4500000476837158,1.4700000286102295,1.4700000286102295,1.409999966621399,1.4700000286102295
2013-10-01,20300,1.409999966621399,1.4299999475479126,1.4500000476837158,1.399999976158142,1.4299999475479126
2013-09-30,19000,1.4600000381469727,1.4299999475479126,1.4600000381469727,1.399999976158142,1.4299999475479126
2013-09-27,42700,1.4299999475479126,1.4500000476837158,1.4800000190734863,1.4199999570846558,1.4500000476837158
2013-09-26,1536400,1.4500000476837158,1.2999999523162842,1.4800000190734863,1.2999999523162842,1.2999999523162842
2013-09-25,52800,1.3899999856948853,1.4800000190734863,1.4800000190734863,1.3200000524520874,1.4800000190734863
2013-09-24,30600,1.4500000476837158,1.399999976158142,1.4700000286102295,1.3899999856948853,1.399999976158142
2013-09-23,61200,1.4600000381469727,1.440000057220459,1.4700000286102295,1.3799999952316284,1.440000057220459
2013-09-20,49100,1.4700000286102295,1.4900000095367432,1.5499999523162842,1.440000057220459,1.4900000095367432
2013-09-19,17700,1.4600000381469727,1.4800000190734863,1.5,1.4600000381469727,1.4800000190734863
2013-09-18,55500,1.5499999523162842,1.4800000190734863,1.5509999990463257,1.4600000381469727,1.4800000190734863
2013-09-17,54200,1.5299999713897705,1.5299999713897705,1.559999942779541,1.4500000476837158,1.5299999713897705
2013-09-16,46400,1.5,1.5299999713897705,1.559999942779541,1.4500000476837158,1.5299999713897705
2013-09-13,19400,1.4800000190734863,1.5199999809265137,1.5499999523162842,1.4800000190734863,1.5199999809265137
2013-09-12,77600,1.5499999523162842,1.4800000190734863,1.5499999523162842,1.4500000476837158,1.4800000190734863
2013-09-11,53500,1.5299999713897705,1.5499999523162842,1.5499999523162842,1.4299999475479126,1.5499999523162842
2013-09-10,29900,1.559999942779541,1.5399999618530273,1.559999942779541,1.4900000095367432,1.5399999618530273
2013-09-09,27300,1.600000023841858,1.5199999809265137,1.649999976158142,1.5199999809265137,1.5199999809265137
2013-09-06,13400,1.600000023841858,1.5800000429153442,1.600000023841858,1.5199999809265137,1.5800000429153442
2013-09-05,19400,1.5800000429153442,1.6200000047683716,1.6460000276565552,1.5299999713897705,1.6200000047683716
2013-09-04,59500,1.590000033378601,1.5800000429153442,1.600000023841858,1.5099999904632568,1.5800000429153442
2013-09-03,77500,1.5700000524520874,1.5800000429153442,1.590000033378601,1.5499999523162842,1.5800000429153442
2013-08-30,44300,1.559999942779541,1.5499999523162842,1.559999942779541,1.4500000476837158,1.5499999523162842
2013-08-29,38000,1.559999942779541,1.5499999523162842,1.559999942779541,1.527999997138977,1.5499999523162842
2013-08-28,20600,1.5499999523162842,1.559999942779541,1.559999942779541,1.4600000381469727,1.559999942779541
2013-08-27,60400,1.559999942779541,1.5299999713897705,1.559999942779541,1.4199999570846558,1.5299999713897705
2013-08-26,65900,1.5499999523162842,1.559999942779541,1.600000023841858,1.5399999618530273,1.559999942779541
2013-08-23,134600,1.4700000286102295,1.5099999904632568,1.559999942779541,1.4199999570846558,1.5099999904632568
2013-08-22,18200,1.4700000286102295,1.4600000381469727,1.4800000190734863,1.4500000476837158,1.4600000381469727
2013-08-21,172100,1.350000023841858,1.4500000476837158,1.4800000190734863,1.340000033378601,1.4500000476837158
2013-08-20,541800,1.2699999809265137,1.3600000143051147,1.3899999856948853,1.190000057220459,1.3600000143051147
2013-08-19,66800,1.2599999904632568,1.25,1.2899999618530273,1.2100000381469727,1.25
2013-08-16,34400,1.3300000429153442,1.2899999618530273,1.3300000429153442,1.25,1.2899999618530273
2013-08-15,55900,1.3799999952316284,1.2999999523162842,1.3799999952316284,1.2999999523162842,1.2999999523162842
2013-08-14,223900,1.4500000476837158,1.350000023841858,1.4800000190734863,1.2100000381469727,1.350000023841858
2013-08-13,268100,1.409999966621399,1.399999976158142,1.600000023841858,1.3799999952316284,1.399999976158142
2013-08-12,104300,1.409999966621399,1.3600000143051147,1.4199999570846558,1.350000023841858,1.3600000143051147
2013-08-09,135100,1.3799999952316284,1.350000023841858,1.4199999570846558,1.2999999523162842,1.350000023841858
2013-08-08,141000,1.25,1.350000023841858,1.4900000095367432,1.25,1.350000023841858
2013-08-07,42900,1.25,1.25,1.2899999618530273,1.25,1.25
2013-08-06,129000,1.159999966621399,1.2899999618530273,1.350000023841858,1.149999976158142,1.2899999618530273
2013-08-05,25500,1.100000023841858,1.100000023841858,1.149999976158142,1.100000023841858,1.100000023841858
2013-08-02,26100,1.2000000476837158,1.100000023841858,1.2050000429153442,1.0980000495910645,1.100000023841858
2013-08-01,24600,1.0399999618530273,1.2100000381469727,1.2100000381469727,1.0399999618530273,1.2100000381469727
2013-07-31,45300,1.100000023841858,1.0499999523162842,1.1799999475479126,1.0399999618530273,1.0499999523162842
2013-07-30,42000,1.090000033378601,1.100000023841858,1.1399999856948853,1.0800000429153442,1.100000023841858
2013-07-29,31100,1.1299999952316284,1.0499999523162842,1.1299999952316284,1.0399999618530273,1.0499999523162842
2013-07-26,32800,1.0099999904632568,1.1399999856948853,1.1399999856948853,1.0099999904632568,1.1399999856948853
2013-07-25,37200,1.0099999904632568,1.0499999523162842,1.0700000524520874,1.0,1.0499999523162842
2013-07-24,60000,0.9909999966621399,0.9710000157356262,0.9909999966621399,0.9710000157356262,0.9710000157356262
2013-07-23,40000,0.9800000190734863,1.0499999523162842,1.0499999523162842,0.949999988079071,1.0499999523162842
2013-07-22,115400,0.9700000286102295,0.9599999785423279,1.0299999713897705,0.9459999799728394,0.9599999785423279
2013-07-19,20000,0.9900000095367432,1.0,1.0,0.9459999799728394,1.0
2013-07-18,27500,1.0,0.9900000095367432,1.0099999904632568,0.9350000023841858,0.9900000095367432
2013-07-17,63600,1.0299999713897705,1.0,1.0299999713897705,1.0,1.0
2013-07-16,64000,1.0399999618530273,1.0099999904632568,1.0399999618530273,1.0099999904632568,1.0099999904632568
2013-07-15,115000,0.9950000047683716,1.0199999809265137,1.0499999523162842,0.9950000047683716,1.0199999809265137
2013-07-12,17500,0.949999988079071,0.9750000238418579,0.9900000095367432,0.949999988079071,0.9750000238418579
2013-07-11,25900,0.9950000047683716,0.949999988079071,0.9950000047683716,0.949999988079071,0.949999988079071
2013-07-10,19600,0.9010000228881836,0.9950000047683716,0.9950000047683716,0.9010000228881836,0.9950000047683716
2013-07-09,13100,0.949999988079071,0.9150000214576721,0.9610000252723694,0.9150000214576721,0.9150000214576721
2013-07-08,66000,0.9200000166893005,0.9599999785423279,1.0,0.890999972820282,0.9599999785423279
2013-07-05,41900,0.8999999761581421,0.9049999713897705,0.925000011920929,0.8999999761581421,0.9049999713897705
2013-07-03,28300,0.9200000166893005,0.8999999761581421,0.9300000071525574,0.8799999952316284,0.8999999761581421
2013-07-02,11900,0.9100000262260437,0.9020000100135803,0.9300000071525574,0.9010000228881836,0.9020000100135803
2013-07-01,27600,0.9079999923706055,0.9100000262260437,0.949999988079071,0.9010000228881836,0.9100000262260437
2013-06-28,58500,0.9750000238418579,0.9010000228881836,1.0099999904632568,0.9010000228881836,0.9010000228881836
2013-06-27,17100,0.9399999976158142,0.9599999785423279,0.9599999785423279,0.9150000214576721,0.9599999785423279
2013-06-26,58100,0.8799999952316284,0.9399999976158142,0.949999988079071,0.8799999952316284,0.9399999976158142
2013-06-25,179700,0.9800000190734863,0.9010000228881836,1.0,0.9010000228881836,0.9010000228881836
2013-06-24,98100,1.0,0.9800000190734863,1.0099999904632568,0.9800000190734863,0.9800000190734863
2013-06-21,18000,1.0199999809265137,1.0099999904632568,1.0299999713897705,1.0099999904632568,1.0099999904632568
2013-06-20,38700,1.0399999618530273,1.0199999809265137,1.0499999523162842,1.0099999904632568,1.0199999809265137
2013-06-19,23900,1.0199999809265137,1.0399999618530273,1.0499999523162842,1.0199999809265137,1.0399999618530273
2013-06-18,25500,1.0499999523162842,1.0399999618530273,1.0800000429153442,1.0299999713897705,1.0399999618530273
2013-06-17,24400,1.0800000429153442,1.0399999618530273,1.0800000429153442,1.0399999618530273,1.0399999618530273
2013-06-14,10600,1.0800000429153442,1.0299999713897705,1.0800000429153442,1.0299999713897705,1.0299999713897705
2013-06-13,14800,1.090000033378601,1.0299999713897705,1.090000033378601,1.0199999809265137,1.0299999713897705
2013-06-12,65500,1.0199999809265137,1.0700000524520874,1.100000023841858,1.0199999809265137,1.0700000524520874
2013-06-11,160200,1.059999942779541,1.090000033378601,1.100000023841858,1.0099999904632568,1.090000033378601
2013-06-10,35400,0.949999988079071,1.0499999523162842,1.090000033378601,0.949999988079071,1.0499999523162842
2013-06-07,38500,1.0399999618530273,1.0099999904632568,1.0800000429153442,1.0099999904632568,1.0099999904632568
2013-06-06,119400,1.100000023841858,1.0,1.1299999952316284,1.0,1.0
2013-06-05,28000,1.100000023841858,1.100000023841858,1.100000023841858,1.0,1.100000023841858
2013-06-04,57700,1.0499999523162842,1.0199999809265137,1.0499999523162842,0.9800000190734863,1.0199999809265137
2013-06-03,21800,1.0199999809265137,1.0199999809265137,1.0499999523162842,1.0,1.0199999809265137
2013-05-31,68500,1.0800000429153442,1.0,1.0800000429153442,0.9800000190734863,1.0
2013-05-30,12000,1.0,1.059999942779541,1.100000023841858,0.9800000190734863,1.059999942779541
2013-05-29,40600,0.9900000095367432,1.0,1.0099999904632568,0.9900000095367432,1.0
2013-05-28,27000,1.0,0.9559999704360962,1.0,0.9559999704360962,0.9559999704360962
2013-05-24,266400,0.9800000190734863,1.0,1.0299999713897705,0.949999988079071,1.0
2013-05-23,20800,1.0499999523162842,0.949999988079071,1.0499999523162842,0.949999988079071,0.949999988079071
2013-05-22,192500,1.100000023841858,1.0499999523162842,1.1299999952316284,0.8600000143051147,1.0499999523162842
2013-05-21,86300,1.149999976158142,1.100000023841858,1.190000057220459,1.0700000524520874,1.100000023841858
2013-05-20,78000,1.1799999475479126,1.1399999856948853,1.1799999475479126,1.1399999856948853,1.1399999856948853
2013-05-17,76700,1.149999976158142,1.1799999475479126,1.1799999475479126,1.100000023841858,1.1799999475479126
2013-05-16,101500,1.159999966621399,1.1299999952316284,1.2200000286102295,1.1299999952316284,1.1299999952316284
2013-05-15,37100,1.100000023841858,1.1299999952316284,1.2200000286102295,1.100000023841858,1.1299999952316284
2013-05-14,217900,1.100000023841858,1.090000033378601,1.2400000095367432,1.090000033378601,1.090000033378601
2013-05-13,113900,1.2200000286102295,1.059999942779541,1.2300000190734863,1.0399999618530273,1.059999942779541
2013-05-10,77500,1.1100000143051147,1.0499999523162842,1.1100000143051147,1.0499999523162842,1.0499999523162842
2013-05-09,236000,1.1699999570846558,1.100000023841858,1.190000057220459,1.090000033378601,1.100000023841858
2013-05-08,37400,1.1799999475479126,1.1699999570846558,1.2300000190734863,1.1299999952316284,1.1699999570846558
2013-05-07,253900,1.2799999713897705,1.2200000286102295,1.2799999713897705,1.1799999475479126,1.2200000286102295
2013-05-06,49400,1.2799999713897705,1.2999999523162842,1.3200000524520874,1.2799999713897705,1.2999999523162842
2013-05-03,46700,1.2999999523162842,1.2799999713897705,1.3200000524520874,1.2799999713897705,1.2799999713897705
2013-05-02,250700,1.190000057220459,1.2999999523162842,1.3600000143051147,1.190000057220459,1.2999999523162842
2013-05-01,23100,1.25,1.190000057220459,1.2699999809265137,1.159999966621399,1.190000057220459
2013-04-30,57100,1.2400000095367432,1.25,1.2799999713897705,1.2000000476837158,1.25
2013-04-29,51600,1.2699999809265137,1.25,1.3300000429153442,1.149999976158142,1.25
2013-04-26,55400,1.3300000429153442,1.2699999809265137,1.3300000429153442,1.149999976158142,1.2699999809265137
2013-04-25,29000,1.2599999904632568,1.3300000429153442,1.3300000429153442,1.2599999904632568,1.3300000429153442
2013-04-24,4800,1.25,1.25,1.25,1.25,1.25
2013-04-23,3200,1.2000000476837158,1.2000000476837158,1.2000000476837158,1.100000023841858,1.2000000476837158
2013-04-22,600,1.25,1.25,1.25,1.25,1.25
2013-04-19,12800,1.149999976158142,1.25,1.25,1.149999976158142,1.25
2013-04-18,0,1.149999976158142,1.149999976158142,1.149999976158142,1.149999976158142,1.149999976158142
2013-04-17,16100,1.190000057220459,1.149999976158142,1.190000057220459,1.149999976158142,1.149999976158142
2013-04-16,25100,1.2699999809265137,1.25,1.2699999809265137,1.190000057220459,1.25
2013-04-15,9900,1.25,1.25,1.2599999904632568,1.2000000476837158,1.25
2013-04-12,11600,1.25,1.25,1.25,1.190000057220459,1.25
2013-04-11,24000,1.2699999809265137,1.2599999904632568,1.2699999809265137,1.2400000095367432,1.2599999904632568
2013-04-10,14900,1.25,1.2799999713897705,1.3300000429153442,1.25,1.2799999713897705
2013-04-09,15400,1.2100000381469727,1.3300000429153442,1.3300000429153442,1.2100000381469727,1.3300000429153442
2013-04-08,7600,1.2899999618530273,1.2400000095367432,1.2899999618530273,1.2400000095367432,1.2400000095367432
2013-04-05,6500,1.2999999523162842,1.340000033378601,1.340000033378601,1.2899999618530273,1.340000033378601
2013-04-04,17600,1.350000023841858,1.340000033378601,1.3600000143051147,1.2999999523162842,1.340000033378601
2013-04-03,23300,1.350000023841858,1.350000023841858,1.350000023841858,1.2899999618530273,1.350000023841858
2013-04-02,58700,1.2999999523162842,1.3300000429153442,1.350000023841858,1.25,1.3300000429153442
2013-04-01,34900,1.2799999713897705,1.2899999618530273,1.2999999523162842,1.2699999809265137,1.2899999618530273
2013-03-28,120300,1.2100000381469727,1.2699999809265137,1.2999999523162842,1.2000000476837158,1.2699999809265137
2013-03-27,47500,1.1699999570846558,1.2000000476837158,1.2200000286102295,1.1699999570846558,1.2000000476837158
2013-03-26,73900,1.1799999475479126,1.2000000476837158,1.2300000190734863,1.149999976158142,1.2000000476837158
2013-03-25,52800,1.149999976158142,1.1699999570846558,1.1699999570846558,1.1200000047683716,1.1699999570846558
2013-03-22,41400,1.0,1.149999976158142,1.149999976158142,1.0,1.149999976158142
2013-03-21,27600,1.149999976158142,1.0,1.149999976158142,1.0,1.0
2013-03-20,66900,1.100000023841858,1.149999976158142,1.149999976158142,1.0499999523162842,1.149999976158142
2013-03-19,2200,0.925000011920929,1.0800000429153442,1.0800000429153442,0.925000011920929,1.0800000429153442
2013-03-18,19900,1.0800000429153442,1.0499999523162842,1.0800000429153442,0.9300000071525574,1.0499999523162842
2013-03-15,3100,1.100000023841858,1.090000033378601,1.100000023841858,1.0700000524520874,1.090000033378601
2013-03-14,52200,1.1200000047683716,1.1100000143051147,1.1200000047683716,1.100000023841858,1.1100000143051147
2013-03-13,15900,1.059999942779541,1.1200000047683716,1.1200000047683716,1.059999942779541,1.1200000047683716
2013-03-12,7400,1.090000033378601,1.0499999523162842,1.1100000143051147,1.0499999523162842,1.0499999523162842
2013-03-11,99400,1.0099999904632568,1.059999942779541,1.1399999856948853,0.953000009059906,1.059999942779541
2013-03-08,2700,1.0,1.0,1.0099999904632568,1.0,1.0
2013-03-07,1500,1.0,1.0,1.0,1.0,1.0
2013-03-06,32000,1.0,1.0,1.0,0.9100000262260437,1.0
2013-03-05,24900,1.0499999523162842,1.0,1.0499999523162842,0.9200000166893005,1.0
2013-03-04,12600,1.0,1.0399999618530273,1.0399999618530273,0.949999988079071,1.0399999618530273
2013-03-01,58800,0.9399999976158142,1.0,1.0,0.8999999761581421,1.0
2013-02-28,12400,0.949999988079071,0.949999988079071,0.949999988079071,0.9100000262260437,0.949999988079071
2013-02-27,82200,0.8500000238418579,0.9200000166893005,0.9700000286102295,0.8500000238418579,0.9200000166893005
2013-02-26,11500,0.8500000238418579,0.8500000238418579,0.8500000238418579,0.8500000238418579,0.8500000238418579
2013-02-25,11200,0.8500000238418579,0.753000020980835,0.8500000238418579,0.75,0.753000020980835
2013-02-22,10200,0.7900000214576721,0.8299999833106995,0.8299999833106995,0.7900000214576721,0.8299999833106995
2013-02-21,0,0.7900000214576721,0.7900000214576721,0.7900000214576721,0.7900000214576721,0.7900000214576721
2013-02-20,6700,0.824999988079071,0.7900000214576721,0.824999988079071,0.7900000214576721,0.7900000214576721
2013-02-19,10000,0.8199999928474426,0.824999988079071,0.824999988079071,0.8100000023841858,0.824999988079071
2013-02-15,15200,0.7799999713897705,0.824999988079071,0.824999988079071,0.7799999713897705,0.824999988079071
2013-02-14,26000,0.800000011920929,0.75,0.824999988079071,0.75,0.75
2013-02-13,13200,0.8109999895095825,0.824999988079071,0.824999988079071,0.8109999895095825,0.824999988079071
2013-02-12,5900,0.800000011920929,0.8199999928474426,0.8199999928474426,0.800000011920929,0.8199999928474426
2013-02-11,26900,0.7599999904632568,0.800000011920929,0.800000011920929,0.7599999904632568,0.800000011920929
2013-02-08,53700,0.6970000267028809,0.7599999904632568,0.7599999904632568,0.6970000267028809,0.7599999904632568
2013-02-07,4100,0.6970000267028809,0.699999988079071,0.699999988079071,0.6200000047683716,0.699999988079071
2013-02-06,6900,0.6970000267028809,0.6970000267028809,0.6970000267028809,0.6200000047683716,0.6970000267028809
2013-02-05,11200,0.41999998688697815,0.6970000267028809,0.699999988079071,0.41999998688697815,0.6970000267028809
2013-02-04,6800,0.6399999856948853,0.6449999809265137,0.699999988079071,0.6399999856948853,0.6449999809265137
2013-02-01,6900,0.6600000262260437,0.6600000262260437,0.6899999976158142,0.6600000262260437,0.6600000262260437
2013-01-31,6600,0.6600000262260437,0.6600000262260437,0.6600000262260437,0.6600000262260437,0.6600000262260437
2013-01-30,22400,0.6700000166893005,0.6600000262260437,0.6700000166893005,0.6600000262260437,0.6600000262260437
2013-01-29,10500,0.6700000166893005,0.6700000166893005,0.6700000166893005,0.6700000166893005,0.6700000166893005
2013-01-28,15400,0.7599999904632568,0.6700000166893005,0.7599999904632568,0.6700000166893005,0.6700000166893005
2013-01-25,1500,0.699999988079071,0.699999988079071,0.699999988079071,0.699999988079071,0.699999988079071
2013-01-24,2500,0.7599999904632568,0.699999988079071,0.7599999904632568,0.699999988079071,0.699999988079071
2013-01-23,83700,0.7200000286102295,0.7599999904632568,0.7799999713897705,0.7049999833106995,0.7599999904632568
2013-01-22,3100,0.7200000286102295,0.6700000166893005,0.7200000286102295,0.6700000166893005,0.6700000166893005
2013-01-18,6500,0.7200000286102295,0.6700000166893005,0.7200000286102295,0.6700000166893005,0.6700000166893005
2013-01-17,8800,0.7200000286102295,0.7200000286102295,0.7200000286102295,0.7200000286102295,0.7200000286102295
2013-01-16,2800,0.7200000286102295,0.7699999809265137,0.7699999809265137,0.7200000286102295,0.7699999809265137
2013-01-15,56600,0.7099999785423279,0.7099999785423279,0.7699999809265137,0.7099999785423279,0.7099999785423279
2013-01-14,13100,0.7099999785423279,0.6499999761581421,0.7099999785423279,0.6499999761581421,0.6499999761581421
2013-01-11,14700,0.7099999785423279,0.6299999952316284,0.7099999785423279,0.6299999952316284,0.6299999952316284
2013-01-10,12300,0.7099999785423279,0.7099999785423279,0.7099999785423279,0.699999988079071,0.7099999785423279
2013-01-09,92200,0.7099999785423279,0.7099999785423279,0.7450000047683716,0.550000011920929,0.7099999785423279
2013-01-08,3100,0.7099999785423279,0.6499999761581421,0.7099999785423279,0.6499999761581421,0.6499999761581421
2013-01-07,4200,0.699999988079071,0.7099999785423279,0.7099999785423279,0.699999988079071,0.7099999785423279
2013-01-04,19600,0.699999988079071,0.699999988079071,0.699999988079071,0.6499999761581421,0.699999988079071
2013-01-03,20100,0.7200000286102295,0.699999988079071,0.7200000286102295,0.6959999799728394,0.699999988079071
2013-01-02,20900,0.6899999976158142,0.699999988079071,0.7400000095367432,0.6899999976158142,0.699999988079071
2012-12-31,37400,0.6000000238418579,0.7400000095367432,0.7400000095367432,0.6000000238418579,0.7400000095367432
2012-12-28,25700,0.6299999952316284,0.6299999952316284,0.6299999952316284,0.550000011920929,0.6299999952316284
2012-12-27,6200,0.550000011920929,0.5699999928474426,0.5699999928474426,0.550000011920929,0.5699999928474426
2012-12-26,1100,0.5400000214576721,0.5400000214576721,0.5400000214576721,0.5400000214576721,0.5400000214576721
2012-12-24,700,0.5299999713897705,0.5299999713897705,0.5299999713897705,0.5299999713897705,0.5299999713897705
2012-12-21,500,0.5799999833106995,0.5799999833106995,0.5799999833106995,0.5799999833106995,0.5799999833106995
2012-12-20,8300,0.5299999713897705,0.5299999713897705,0.5299999713897705,0.5299999713897705,0.5299999713897705
2012-12-19,29100,0.5099999904632568,0.5799999833106995,0.5799999833106995,0.5099999904632568,0.5799999833106995
2012-12-18,81100,0.49000000953674316,0.47999998927116394,0.49000000953674316,0.47999998927116394,0.47999998927116394
2012-12-17,9200,0.49000000953674316,0.5099999904632568,0.5099999904632568,0.46000000834465027,0.5099999904632568
2012-12-14,3700,0.46000000834465027,0.49000000953674316,0.49000000953674316,0.46000000834465027,0.49000000953674316
2012-12-13,30400,0.47999998927116394,0.49000000953674316,0.49000000953674316,0.47999998927116394,0.49000000953674316
2012-12-12,48500,0.4099999964237213,0.44999998807907104,0.44999998807907104,0.4099999964237213,0.44999998807907104
2012-12-11,22100,0.4000000059604645,0.4000000059604645,0.4000000059604645,0.4000000059604645,0.4000000059604645
2012-12-10,23600,0.4000000059604645,0.4099999964237213,0.4099999964237213,0.4000000059604645,0.4099999964237213
2012-12-07,0,0.41999998688697815,0.41999998688697815,0.41999998688697815,0.41999998688697815,0.41999998688697815
2012-12-06,16200,0.4000000059604645,0.41999998688697815,0.41999998688697815,0.38999998569488525,0.41999998688697815
2012-12-05,2300,0.4000000059604645,0.38999998569488525,0.4000000059604645,0.38999998569488525,0.38999998569488525
2012-12-04,10100,0.38999998569488525,0.4000000059604645,0.4000000059604645,0.38999998569488525,0.4000000059604645
2012-12-03,2600,0.38999998569488525,0.38999998569488525,0.44999998807907104,0.38999998569488525,0.38999998569488525
2012-11-30,2000,0.44999998807907104,0.44999998807907104,0.44999998807907104,0.44999998807907104,0.44999998807907104
2012-11-29,5400,0.4000000059604645,0.36000001430511475,0.4000000059604645,0.36000001430511475,0.36000001430511475
2012-11-28,4500,0.33000001311302185,0.3799999952316284,0.3799999952316284,0.33000001311302185,0.3799999952316284
2012-11-27,12100,0.375,0.38999998569488525,0.4000000059604645,0.375,0.38999998569488525
2012-11-26,5200,0.375,0.44999998807907104,0.44999998807907104,0.375,0.44999998807907104
2012-11-23,300,0.4399999976158142,0.4399999976158142,0.4399999976158142,0.4399999976158142,0.4399999976158142
2012-11-21,7000,0.4000000059604645,0.4399999976158142,0.4399999976158142,0.4000000059604645,0.4399999976158142
2012-11-20,1200,0.4399999976158142,0.4399999976158142,0.4399999976158142,0.4399999976158142,0.4399999976158142
2012-11-19,4000,0.41999998688697815,0.41999998688697815,0.41999998688697815,0.41999998688697815,0.41999998688697815
2012-11-16,15300,0.3799999952316284,0.3499999940395355,0.3799999952316284,0.32100000977516174,0.3499999940395355
2012-11-15,26100,0.44999998807907104,0.3199999928474426,0.44999998807907104,0.3199999928474426,0.3199999928474426
2012-11-14,23000,0.3889999985694885,0.4099999964237213,0.41499999165534973,0.3889999985694885,0.4099999964237213
2012-11-13,27800,0.48899999260902405,0.49000000953674316,0.49000000953674316,0.4000000059604645,0.49000000953674316
2012-11-12,58500,0.49900001287460327,0.44999998807907104,0.5,0.44999998807907104,0.44999998807907104
2012-11-09,0,0.44999998807907104,0.44999998807907104,0.44999998807907104,0.44999998807907104,0.44999998807907104
2012-11-08,23600,0.4399999976158142,0.44999998807907104,0.44999998807907104,0.4399999976158142,0.44999998807907104
2012-11-07,22600,0.4399999976158142,0.4399999976158142,0.4399999976158142,0.421999990940094,0.4399999976158142
2012-11-06,3300,0.4000000059604645,0.36000001430511475,0.4000000059604645,0.36000001430511475,0.36000001430511475
2012-11-05,10000,0.35499998927116394,0.35499998927116394,0.35499998927116394,0.35499998927116394,0.35499998927116394
2012-11-02,3000,0.3499999940395355,0.3499999940395355,0.3499999940395355,0.3499999940395355,0.3499999940395355
2012-11-01,500,0.3499999940395355,0.3499999940395355,0.3499999940395355,0.3499999940395355,0.3499999940395355
2012-10-31,0,0.3499999940395355,0.3499999940395355,0.3499999940395355,0.3499999940395355,0.3499999940395355
2012-10-26,0,0.3499999940395355,0.3499999940395355,0.3499999940395355,0.3499999940395355,0.3499999940395355
2012-10-25,0,0.3499999940395355,0.3499999940395355,0.3499999940395355,0.3499999940395355,0.3499999940395355
2012-10-24,1800,0.3499999940395355,0.3499999940395355,0.3499999940395355,0.3499999940395355,0.3499999940395355
2012-10-23,0,0.36000001430511475,0.36000001430511475,0.36000001430511475,0.36000001430511475,0.36000001430511475
2012-10-22,0,0.36000001430511475,0.36000001430511475,0.36000001430511475,0.36000001430511475,0.36000001430511475
2012-10-19,3700,0.36000001430511475,0.36000001430511475,0.36000001430511475,0.36000001430511475,0.36000001430511475
2012-10-18,5800,0.36000001430511475,0.36000001430511475,0.36000001430511475,0.36000001430511475,0.36000001430511475
2012-10-17,0,0.4399999976158142,0.4399999976158142,0.4399999976158142,0.4399999976158142,0.4399999976158142
2012-10-16,0,0.4399999976158142,0.4399999976158142,0.4399999976158142,0.4399999976158142,0.4399999976158142
2012-10-15,900,0.41999998688697815,0.4399999976158142,0.4399999976158142,0.41999998688697815,0.4399999976158142
2012-10-12,0,0.4099999964237213,0.4099999964237213,0.4099999964237213,0.4099999964237213,0.4099999964237213
2012-10-11,7700,0.41999998688697815,0.4099999964237213,0.41999998688697815,0.4099999964237213,0.4099999964237213
2012-10-10,2000,0.4300000071525574,0.4300000071525574,0.4300000071525574,0.4300000071525574,0.4300000071525574
2012-10-09,43900,0.4000000059604645,0.3700000047683716,0.421999990940094,0.36000001430511475,0.3700000047683716
2012-10-08,0,0.382999986410141,0.382999986410141,0.382999986410141,0.382999986410141,0.382999986410141
2012-10-05,500,0.382999986410141,0.382999986410141,0.382999986410141,0.382999986410141,0.382999986410141
2012-10-04,2000,0.382999986410141,0.382999986410141,0.382999986410141,0.382999986410141,0.382999986410141
2012-10-03,0,0.382999986410141,0.382999986410141,0.382999986410141,0.382999986410141,0.382999986410141
2012-10-02,600,0.382999986410141,0.382999986410141,0.382999986410141,0.382999986410141,0.382999986410141
2012-10-01,0,0.44999998807907104,0.44999998807907104,0.44999998807907104,0.44999998807907104,0.44999998807907104
2012-09-28,8500,0.45500001311302185,0.44999998807907104,0.45500001311302185,0.44999998807907104,0.44999998807907104
2012-09-27,4000,0.4699999988079071,0.3630000054836273,0.4699999988079071,0.3630000054836273,0.3630000054836273
2012-09-26,0,0.4699999988079071,0.4699999988079071,0.4699999988079071,0.4699999988079071,0.4699999988079071
2012-09-25,1000,0.4699999988079071,0.4699999988079071,0.4699999988079071,0.4699999988079071,0.4699999988079071
2012-09-24,0,0.44999998807907104,0.44999998807907104,0.44999998807907104,0.44999998807907104,0.44999998807907104
2012-09-21,4000,0.44999998807907104,0.44999998807907104,0.44999998807907104,0.44999998807907104,0.44999998807907104
2012-09-20,1400,0.47999998927116394,0.4399999976158142,0.47999998927116394,0.4399999976158142,0.4399999976158142
2012-09-19,3300,0.3619999885559082,0.35199999809265137,0.3619999885559082,0.35199999809265137,0.35199999809265137
2012-09-18,0,0.5,0.5,0.5,0.5,0.5
2012-09-17,200,0.5,0.5,0.5,0.5,0.5
2012-09-14,9400,0.38999998569488525,0.3799999952316284,0.38999998569488525,0.3799999952316284,0.3799999952316284
2012-09-13,2200,0.38999998569488525,0.38999998569488525,0.38999998569488525,0.38999998569488525,0.38999998569488525
2012-09-12,100,0.38999998569488525,0.38999998569488525,0.38999998569488525,0.38999998569488525,0.38999998569488525
2012-09-11,7000,0.38100001215934753,0.38100001215934753,0.38100001215934753,0.38100001215934753,0.38100001215934753
2012-09-10,0,0.5,0.5,0.5,0.5,0.5
2012-09-07,400,0.5,0.5,0.5,0.5,0.5
2012-09-06,8900,0.4650000035762787,0.4650000035762787,0.5,0.4650000035762787,0.4650000035762787
2012-09-05,23500,0.4399999976158142,0.38100001215934753,0.4650000035762787,0.38100001215934753,0.38100001215934753
2012-09-04,0,0.5360000133514404,0.5360000133514404,0.5360000133514404,0.5360000133514404,0.5360000133514404
2012-08-31,700,0.44999998807907104,0.5360000133514404,0.5360000133514404,0.44999998807907104,0.5360000133514404
2012-08-30,500,0.3799999952316284,0.3799999952316284,0.3799999952316284,0.3799999952316284,0.3799999952316284
2012-08-29,0,0.38999998569488525,0.38999998569488525,0.38999998569488525,0.38999998569488525,0.38999998569488525
2012-08-28,0,0.38999998569488525,0.38999998569488525,0.38999998569488525,0.38999998569488525,0.38999998569488525
2012-08-27,300,0.38999998569488525,0.38999998569488525,0.38999998569488525,0.38999998569488525,0.38999998569488525
2012-08-24,0,0.44999998807907104,0.44999998807907104,0.44999998807907104,0.44999998807907104,0.44999998807907104
2012-08-23,0,0.44999998807907104,0.44999998807907104,0.44999998807907104,0.44999998807907104,0.44999998807907104
2012-08-22,4600,0.5,0.44999998807907104,0.5,0.44999998807907104,0.44999998807907104
2012-08-21,10000,0.42100000381469727,0.3199999928474426,0.42100000381469727,0.3199999928474426,0.3199999928474426
2012-08-20,0,0.4399999976158142,0.4399999976158142,0.4399999976158142,0.4399999976158142,0.4399999976158142
2012-08-17,1000,0.4399999976158142,0.4399999976158142,0.4399999976158142,0.4399999976158142,0.4399999976158142
2012-08-16,0,0.5899999737739563,0.5899999737739563,0.5899999737739563,0.5899999737739563,0.5899999737739563
2012-08-15,400,0.5899999737739563,0.5899999737739563,0.5899999737739563,0.5899999737739563,0.5899999737739563
2012-08-14,0,0.5199999809265137,0.5199999809265137,0.5199999809265137,0.5199999809265137,0.5199999809265137
2012-08-13,0,0.5199999809265137,0.5199999809265137,0.5199999809265137,0.5199999809265137,0.5199999809265137
2012-08-10,11000,0.49000000953674316,0.5199999809265137,0.5199999809265137,0.49000000953674316,0.5199999809265137
2012-08-09,0,0.49000000953674316,0.49000000953674316,0.49000000953674316,0.49000000953674316,0.49000000953674316
2012-08-08,1000,0.49000000953674316,0.49000000953674316,0.49000000953674316,0.49000000953674316,0.49000000953674316
2012-08-07,0,0.4399999976158142,0.4399999976158142,0.4399999976158142,0.4399999976158142,0.4399999976158142
2012-08-06,1300,0.4399999976158142,0.4399999976158142,0.4399999976158142,0.4399999976158142,0.4399999976158142
2012-08-03,0,0.49000000953674316,0.49000000953674316,0.49000000953674316,0.49000000953674316,0.49000000953674316
2012-08-02,1000,0.49000000953674316,0.49000000953674316,0.49000000953674316,0.49000000953674316,0.49000000953674316
2012-08-01,300,0.4099999964237213,0.4099999964237213,0.4099999964237213,0.4099999964237213,0.4099999964237213
2012-07-31,12300,0.3619999885559082,0.49000000953674316,0.49000000953674316,0.3619999885559082,0.49000000953674316
2012-07-30,0,0.5,0.5,0.5,0.5,0.5
2012-07-27,9300,0.4020000100135803,0.5,0.5199999809265137,0.4000000059604645,0.5
2012-07-26,7500,0.4449999928474426,0.4449999928474426,0.45500001311302185,0.4449999928474426,0.4449999928474426
2012-07-25,1500,0.4449999928474426,0.4449999928474426,0.4449999928474426,0.4449999928474426,0.4449999928474426
2012-07-24,3400,0.4449999928474426,0.46000000834465027,0.46000000834465027,0.4449999928474426,0.46000000834465027
2012-07-23,12000,0.45500001311302185,0.44999998807907104,0.45500001311302185,0.4449999928474426,0.44999998807907104
2012-07-20,12200,0.4699999988079071,0.45500001311302185,0.4699999988079071,0.45500001311302185,0.45500001311302185
2012-07-19,9100,0.5199999809265137,0.4699999988079071,0.5199999809265137,0.4699999988079071,0.4699999988079071
2012-07-18,27500,0.5,0.4830000102519989,0.5799999833106995,0.4830000102519989,0.4830000102519989
2012-07-17,200,0.550000011920929,0.550000011920929,0.550000011920929,0.550000011920929,0.550000011920929
2012-07-16,0,0.6000000238418579,0.6000000238418579,0.6000000238418579,0.6000000238418579,0.6000000238418579
2012-07-13,0,0.6000000238418579,0.6000000238418579,0.6000000238418579,0.6000000238418579,0.6000000238418579
2012-07-12,0,0.6000000238418579,0.6000000238418579,0.6000000238418579,0.6000000238418579,0.6000000238418579
2012-07-11,0,0.6000000238418579,0.6000000238418579,0.6000000238418579,0.6000000238418579,0.6000000238418579
2012-07-10,0,0.6000000238418579,0.6000000238418579,0.6000000238418579,0.6000000238418579,0.6000000238418579
2012-07-09,3700,0.5649999976158142,0.6000000238418579,0.6000000238418579,0.5649999976158142,0.6000000238418579
2012-07-06,4500,0.30000001192092896,0.5649999976158142,0.5649999976158142,0.30000001192092896,0.5649999976158142
2012-07-05,0,0.550000011920929,0.550000011920929,0.550000011920929,0.550000011920929,0.550000011920929
2012-07-03,0,0.550000011920929,0.550000011920929,0.550000011920929,0.550000011920929,0.550000011920929
2012-07-02,600,0.550000011920929,0.550000011920929,0.550000011920929,0.550000011920929,0.550000011920929
2012-06-29,4700,0.45500001311302185,0.550000011920929,0.550000011920929,0.45500001311302185,0.550000011920929
2012-06-28,0,0.550000011920929,0.550000011920929,0.550000011920929,0.550000011920929,0.550000011920929
2012-06-27,100,0.550000011920929,0.550000011920929,0.550000011920929,0.550000011920929,0.550000011920929
2012-06-26,4400,0.30000001192092896,0.4650000035762787,0.4650000035762787,0.30000001192092896,0.4650000035762787
2012-06-25,1000,0.45500001311302185,0.45500001311302185,0.45500001311302185,0.45500001311302185,0.45500001311302185
2012-06-22,6000,0.46000000834465027,0.46000000834465027,0.46000000834465027,0.46000000834465027,0.46000000834465027
2012-06-21,2800,0.5649999976158142,0.550000011920929,0.5649999976158142,0.550000011920929,0.550000011920929
2012-06-20,13100,0.5649999976158142,0.5649999976158142,0.5649999976158142,0.550000011920929,0.5649999976158142
2012-06-19,19400,0.5099999904632568,0.5649999976158142,0.5649999976158142,0.4399999976158142,0.5649999976158142
2012-06-18,27200,0.574999988079071,0.5699999928474426,0.574999988079071,0.5099999904632568,0.5699999928474426
2012-06-15,10000,0.550000011920929,0.550000011920929,0.550000011920929,0.550000011920929,0.550000011920929
2012-06-14,0,0.550000011920929,0.550000011920929,0.550000011920929,0.550000011920929,0.550000011920929
2012-06-13,10000,0.550000011920929,0.550000011920929,0.550000011920929,0.550000011920929,0.550000011920929
2012-06-12,3400,0.46000000834465027,0.5899999737739563,0.5899999737739563,0.46000000834465027,0.5899999737739563
2012-06-11,0,0.4399999976158142,0.4399999976158142,0.4399999976158142,0.4399999976158142,0.4399999976158142
2012-06-08,3800,0.4399999976158142,0.4399999976158142,0.4399999976158142,0.4399999976158142,0.4399999976158142
2012-06-07,17000,0.41999998688697815,0.41999998688697815,0.4300000071525574,0.41999998688697815,0.41999998688697815
2012-06-06,0,0.46000000834465027,0.46000000834465027,0.46000000834465027,0.46000000834465027,0.46000000834465027
2012-06-05,0,0.46000000834465027,0.46000000834465027,0.46000000834465027,0.46000000834465027,0.46000000834465027
2012-06-04,16300,0.453000009059906,0.46000000834465027,0.46000000834465027,0.453000009059906,0.46000000834465027
2012-06-01,0,0.5299999713897705,0.5299999713897705,0.5299999713897705,0.5299999713897705,0.5299999713897705
2012-05-31,0,0.5299999713897705,0.5299999713897705,0.5299999713897705,0.5299999713897705,0.5299999713897705
2012-05-30,0,0.5299999713897705,0.5299999713897705,0.5299999713897705,0.5299999713897705,0.5299999713897705
2012-05-29,1000,0.5299999713897705,0.5299999713897705,0.5299999713897705,0.5299999713897705,0.5299999713897705
2012-05-25,0,0.5699999928474426,0.5699999928474426,0.5699999928474426,0.5699999928474426,0.5699999928474426
2012-05-24,1500,0.5699999928474426,0.5699999928474426,0.5699999928474426,0.5699999928474426,0.5699999928474426
2012-05-23,13000,0.49900001287460327,0.5699999928474426,0.5699999928474426,0.49900001287460327,0.5699999928474426
2012-05-22,0,0.4399999976158142,0.4399999976158142,0.4399999976158142,0.4399999976158142,0.4399999976158142
2012-05-21,0,0.4399999976158142,0.4399999976158142,0.4399999976158142,0.4399999976158142,0.4399999976158142
2012-05-18,900,0.4399999976158142,0.4399999976158142,0.4399999976158142,0.4399999976158142,0.4399999976158142
2012-05-17,15100,0.5329999923706055,0.4399999976158142,0.5329999923706055,0.4399999976158142,0.4399999976158142
2012-05-16,5300,0.5329999923706055,0.5329999923706055,0.5329999923706055,0.5329999923706055,0.5329999923706055
2012-05-15,500,0.5699999928474426,0.5699999928474426,0.5699999928474426,0.5699999928474426,0.5699999928474426
2012-05-14,0,0.5699999928474426,0.5699999928474426,0.5699999928474426,0.5699999928474426,0.5699999928474426
2012-05-11,1000,0.5699999928474426,0.5699999928474426,0.5699999928474426,0.5699999928474426,0.5699999928474426
2012-05-10,12000,0.5460000038146973,0.550000011920929,0.75,0.5329999923706055,0.550000011920929
2012-05-09,1500,0.5329999923706055,0.5329999923706055,0.5329999923706055,0.5329999923706055,0.5329999923706055
2012-05-08,1000,0.550000011920929,0.550000011920929,0.550000011920929,0.550000011920929,0.550000011920929
2012-05-07,0,0.5699999928474426,0.5699999928474426,0.5699999928474426,0.5699999928474426,0.5699999928474426
2012-05-04,2100,0.5699999928474426,0.5699999928474426,0.5699999928474426,0.5699999928474426,0.5699999928474426
2012-05-03,100,0.5899999737739563,0.5899999737739563,0.5899999737739563,0.5899999737739563,0.5899999737739563
2012-05-02,0,0.6000000238418579,0.6000000238418579,0.6000000238418579,0.6000000238418579,0.6000000238418579
2012-05-01,0,0.6000000238418579,0.6000000238418579,0.6000000238418579,0.6000000238418579,0.6000000238418579
2012-04-30,2700,0.6000000238418579,0.6000000238418579,0.6000000238418579,0.6000000238418579,0.6000000238418579
2012-04-27,0,0.6110000014305115,0.6110000014305115,0.6110000014305115,0.6110000014305115,0.6110000014305115
2012-04-26,0,0.6110000014305115,0.6110000014305115,0.6110000014305115,0.6110000014305115,0.6110000014305115
2012-04-25,0,0.6110000014305115,0.6110000014305115,0.6110000014305115,0.6110000014305115,0.6110000014305115
2012-04-24,0,0.6110000014305115,0.6110000014305115,0.6110000014305115,0.6110000014305115,0.6110000014305115
2012-04-23,0,0.6110000014305115,0.6110000014305115,0.6110000014305115,0.6110000014305115,0.6110000014305115
2012-04-20,2500,0.6110000014305115,0.6110000014305115,0.6110000014305115,0.6110000014305115,0.6110000014305115
2012-04-19,3600,0.699999988079071,0.699999988079071,0.699999988079071,0.699999988079071,0.699999988079071
2012-04-18,1900,0.75,0.75,0.75,0.75,0.75
2012-04-17,0,0.75,0.75,0.75,0.75,0.75
2012-04-16,0,0.75,0.75,0.75,0.75,0.75
2012-04-13,2100,0.75,0.75,0.75,0.75,0.75
2012-04-12,4700,0.6000000238418579,0.6100000143051147,0.6499999761581421,0.6000000238418579,0.6100000143051147
2012-04-11,0,0.6399999856948853,0.6399999856948853,0.6399999856948853,0.6399999856948853,0.6399999856948853
2012-04-10,0,0.6399999856948853,0.6399999856948853,0.6399999856948853,0.6399999856948853,0.6399999856948853
2012-04-09,4100,0.6399999856948853,0.6399999856948853,0.6399999856948853,0.6399999856948853,0.6399999856948853
2012-04-05,100,0.6499999761581421,0.6499999761581421,0.6499999761581421,0.6499999761581421,0.6499999761581421
2012-04-04,4600,0.6990000009536743,0.6669999957084656,0.6990000009536743,0.6669999957084656,0.6669999957084656
2012-04-03,0,0.6299999952316284,0.6299999952316284,0.6299999952316284,0.6299999952316284,0.6299999952316284
2012-04-02,30000,0.800000011920929,0.6299999952316284,0.800000011920929,0.6000000238418579,0.6299999952316284
2012-03-30,21700,0.7329999804496765,0.8399999737739563,0.8399999737739563,0.7099999785423279,0.8399999737739563
2012-03-29,2200,0.800000011920929,0.800000011920929,0.800000011920929,0.800000011920929,0.800000011920929
2012-03-28,3000,0.8230000138282776,0.8230000138282776,0.8230000138282776,0.8230000138282776,0.8230000138282776
2012-03-27,8900,0.6600000262260437,0.699999988079071,0.75,0.6600000262260437,0.699999988079071
2012-03-26,3600,0.699999988079071,0.6600000262260437,0.699999988079071,0.6029999852180481,0.6600000262260437
2012-03-23,6800,0.7599999904632568,0.7599999904632568,0.7599999904632568,0.7200000286102295,0.7599999904632568
2012-03-22,5100,0.800000011920929,0.6980000138282776,0.800000011920929,0.6430000066757202,0.6980000138282776
2012-03-21,200,0.800000011920929,0.800000011920929,0.800000011920929,0.800000011920929,0.800000011920929
2012-03-20,1200,0.8399999737739563,0.800000011920929,0.8399999737739563,0.699999988079071,0.800000011920929
2012-03-19,500,0.8600000143051147,0.6230000257492065,0.8600000143051147,0.6230000257492065,0.6230000257492065
2012-03-16,0,0.8399999737739563,0.8399999737739563,0.8399999737739563,0.8399999737739563,0.8399999737739563
2012-03-15,0,0.8399999737739563,0.8399999737739563,0.8399999737739563,0.8399999737739563,0.8399999737739563
2012-03-14,17700,0.8399999737739563,0.8399999737739563,0.8399999737739563,0.75,0.8399999737739563
2012-03-13,9400,0.5830000042915344,0.8399999737739563,0.8500000238418579,0.5830000042915344,0.8399999737739563
2012-03-12,12000,0.8889999985694885,0.8600000143051147,0.8889999985694885,0.8600000143051147,0.8600000143051147
2012-03-09,4900,0.8999999761581421,0.8999999761581421,0.8999999761581421,0.8889999985694885,0.8999999761581421
2012-03-08,0,0.9200000166893005,0.9200000166893005,0.9200000166893005,0.9200000166893005,0.9200000166893005
2012-03-07,3000,0.9599999785423279,0.9200000166893005,0.9599999785423279,0.9200000166893005,0.9200000166893005
2012-03-06,26500,0.9399999976158142,0.9599999785423279,0.9800000190734863,0.9200000166893005,0.9599999785423279
2012-03-05,2300,1.0099999904632568,0.9229999780654907,1.0499999523162842,0.9229999780654907,0.9229999780654907
2012-03-02,2300,1.0399999618530273,1.059999942779541,1.059999942779541,1.0399999618530273,1.059999942779541
2012-03-01,7600,0.9200000166893005,1.0399999618530273,1.0399999618530273,0.9200000166893005,1.0399999618530273
2012-02-29,1000,1.0499999523162842,1.0499999523162842,1.0499999523162842,1.0499999523162842,1.0499999523162842
2012-02-28,1000,1.0499999523162842,1.0499999523162842,1.0499999523162842,1.0499999523162842,1.0499999523162842
2012-02-27,0,0.9800000190734863,0.9800000190734863,0.9800000190734863,0.9800000190734863,0.9800000190734863
2012-02-24,100,0.9800000190734863,0.9800000190734863,0.9800000190734863,0.9800000190734863,0.9800000190734863
2012-02-23,0,0.949999988079071,0.949999988079071,0.949999988079071,0.949999988079071,0.949999988079071
2012-02-22,4300,1.0199999809265137,0.949999988079071,1.0199999809265137,0.9200000166893005,0.949999988079071
2012-02-21,5800,0.949999988079071,1.0399999618530273,1.0399999618530273,0.949999988079071,1.0399999618530273
2012-02-17,7200,1.0099999904632568,0.9800000190734863,1.0099999904632568,0.9800000190734863,0.9800000190734863
2012-02-16,12600,0.949999988079071,0.949999988079071,0.949999988079071,0.949999988079071,0.949999988079071
2012-02-15,4200,1.0199999809265137,1.059999942779541,1.059999942779541,1.0099999904632568,1.059999942779541
2012-02-14,4000,1.0800000429153442,1.0199999809265137,1.0800000429153442,1.0199999809265137,1.0199999809265137
2012-02-13,4100,1.100000023841858,1.100000023841858,1.100000023841858,1.100000023841858,1.100000023841858
2012-02-10,1300,1.0299999713897705,1.0299999713897705,1.0299999713897705,1.0299999713897705,1.0299999713897705
2012-02-09,10300,1.0700000524520874,1.0299999713897705,1.1299999952316284,1.0299999713897705,1.0299999713897705
2012-02-08,1000,1.059999942779541,1.059999942779541,1.059999942779541,1.059999942779541,1.059999942779541
2012-02-07,100,1.0700000524520874,1.0700000524520874,1.0700000524520874,1.0700000524520874,1.0700000524520874
2012-02-06,10200,1.0299999713897705,1.0299999713897705,1.0299999713897705,1.0299999713897705,1.0299999713897705
2012-02-03,1700,1.100000023841858,1.0800000429153442,1.100000023841858,1.0800000429153442,1.0800000429153442
2012-02-02,1500,1.100000023841858,1.100000023841858,1.100000023841858,1.100000023841858,1.100000023841858
2012-02-01,6400,1.0299999713897705,1.090000033378601,1.100000023841858,1.0299999713897705,1.090000033378601
2012-01-31,7500,1.0499999523162842,1.0499999523162842,1.0499999523162842,1.0299999713897705,1.0499999523162842
2012-01-30,4400,1.059999942779541,1.059999942779541,1.0800000429153442,1.059999942779541,1.059999942779541
2012-01-27,4500,1.0399999618530273,1.0800000429153442,1.1299999952316284,1.0399999618530273,1.0800000429153442
2012-01-26,0,1.1299999952316284,1.1299999952316284,1.1299999952316284,1.1299999952316284,1.1299999952316284
2012-01-25,6900,1.1299999952316284,1.1299999952316284,1.1299999952316284,1.0299999713897705,1.1299999952316284
2012-01-24,8200,1.0299999713897705,1.100000023841858,1.100000023841858,1.0299999713897705,1.100000023841858
2012-01-23,5700,1.0399999618530273,1.0399999618530273,1.0399999618530273,1.0299999713897705,1.0399999618530273
2012-01-20,1000,1.1299999952316284,1.1299999952316284,1.1299999952316284,1.1299999952316284,1.1299999952316284
2012-01-19,300,1.1299999952316284,1.1299999952316284,1.1299999952316284,1.1299999952316284,1.1299999952316284
2012-01-18,4700,1.059999942779541,1.1299999952316284,1.1299999952316284,1.059999942779541,1.1299999952316284
2012-01-17,10800,1.0399999618530273,1.1299999952316284,1.1299999952316284,1.0399999618530273,1.1299999952316284
2012-01-13,700,1.090000033378601,1.1299999952316284,1.1299999952316284,1.090000033378601,1.1299999952316284
2012-01-12,2300,1.0499999523162842,1.1200000047683716,1.1200000047683716,1.0499999523162842,1.1200000047683716
2012-01-11,1400,1.0299999713897705,1.0299999713897705,1.0299999713897705,1.0299999713897705,1.0299999713897705
2012-01-10,2700,1.100000023841858,1.100000023841858,1.1799999475479126,1.100000023841858,1.100000023841858
2012-01-09,2600,1.0499999523162842,1.0099999904632568,1.0499999523162842,1.0099999904632568,1.0099999904632568
2012-01-06,600,1.0499999523162842,1.1799999475479126,1.1799999475479126,1.0499999523162842,1.1799999475479126
2012-01-05,0,1.190000057220459,1.190000057220459,1.190000057220459,1.190000057220459,1.190000057220459
2012-01-04,2500,1.0499999523162842,1.190000057220459,1.190000057220459,1.0499999523162842,1.190000057220459
2012-01-03,1800,1.0399999618530273,1.0299999713897705,1.0399999618530273,1.0299999713897705,1.0299999713897705
2011-12-30,24200,1.0199999809265137,1.0199999809265137,1.0199999809265137,1.0099999904632568,1.0199999809265137
2011-12-29,0,1.0199999809265137,1.0199999809265137,1.0199999809265137,1.0199999809265137,1.0199999809265137
2011-12-28,1000,1.0199999809265137,1.0199999809265137,1.0199999809265137,1.0199999809265137,1.0199999809265137
2011-12-27,300,1.0700000524520874,1.0700000524520874,1.0700000524520874,1.0700000524520874,1.0700000524520874
2011-12-23,0,1.0700000524520874,1.0700000524520874,1.0700000524520874,1.0700000524520874,1.0700000524520874
2011-12-22,0,1.0700000524520874,1.0700000524520874,1.0700000524520874,1.0700000524520874,1.0700000524520874
2011-12-21,3200,1.0499999523162842,1.0700000524520874,1.0700000524520874,1.0499999523162842,1.0700000524520874
2011-12-20,400,1.0499999523162842,1.0499999523162842,1.0499999523162842,1.0499999523162842,1.0499999523162842
2011-12-19,0,1.0199999809265137,1.0199999809265137,1.0199999809265137,1.0199999809265137,1.0199999809265137
2011-12-16,300,1.0199999809265137,1.0199999809265137,1.0199999809265137,1.0199999809265137,1.0199999809265137
2011-12-15,3100,1.0199999809265137,1.0199999809265137,1.0399999618530273,1.0199999809265137,1.0199999809265137
2011-12-14,900,1.0499999523162842,1.0399999618530273,1.0499999523162842,1.0399999618530273,1.0399999618530273
2011-12-13,6000,1.0499999523162842,1.0700000524520874,1.0700000524520874,1.0499999523162842,1.0700000524520874
2011-12-12,2600,1.0199999809265137,1.0700000524520874,1.0700000524520874,1.0199999809265137,1.0700000524520874
2011-12-09,2600,1.059999942779541,1.059999942779541,1.100000023841858,1.059999942779541,1.059999942779541
2011-12-08,1800,1.1100000143051147,1.1100000143051147,1.1100000143051147,1.1100000143051147,1.1100000143051147
2011-12-07,10100,1.0800000429153442,1.1100000143051147,1.1100000143051147,1.0299999713897705,1.1100000143051147
2011-12-06,200,1.0800000429153442,1.0800000429153442,1.0800000429153442,1.0800000429153442,1.0800000429153442
2011-12-05,6400,1.059999942779541,1.0800000429153442,1.0800000429153442,1.059999942779541,1.0800000429153442
2011-12-02,15000,1.1100000143051147,1.0299999713897705,1.1100000143051147,1.0299999713897705,1.0299999713897705
2011-12-01,4000,1.0700000524520874,1.190000057220459,1.190000057220459,1.0700000524520874,1.190000057220459
2011-11-30,8700,1.149999976158142,1.190000057220459,1.190000057220459,1.100000023841858,1.190000057220459
2011-11-29,8700,1.1100000143051147,1.0499999523162842,1.1100000143051147,1.0399999618530273,1.0499999523162842
2011-11-28,5900,1.190000057220459,1.1399999856948853,1.190000057220459,1.0499999523162842,1.1399999856948853
2011-11-25,1000,1.190000057220459,1.190000057220459,1.190000057220459,1.190000057220459,1.190000057220459
2011-11-23,5500,1.1699999570846558,1.149999976158142,1.1699999570846558,1.149999976158142,1.149999976158142
2011-11-22,400,1.190000057220459,1.149999976158142,1.190000057220459,1.149999976158142,1.149999976158142
2011-11-21,500,1.190000057220459,1.190000057220459,1.190000057220459,1.190000057220459,1.190000057220459
2011-11-18,2700,1.1200000047683716,1.190000057220459,1.190000057220459,1.1200000047683716,1.190000057220459
2011-11-17,800,1.1100000143051147,1.1200000047683716,1.1200000047683716,1.1100000143051147,1.1200000047683716
2011-11-16,4100,1.149999976158142,1.149999976158142,1.149999976158142,1.100000023841858,1.149999976158142
2011-11-15,1100,1.2000000476837158,1.149999976158142,1.2000000476837158,1.0700000524520874,1.149999976158142
2011-11-14,70800,1.2599999904632568,1.1799999475479126,1.2599999904632568,1.0199999809265137,1.1799999475479126
2011-11-11,800,1.3200000524520874,1.2999999523162842,1.3200000524520874,1.2999999523162842,1.2999999523162842
2011-11-10,700,1.2999999523162842,1.2999999523162842,1.2999999523162842,1.2999999523162842,1.2999999523162842
2011-11-09,13300,1.2899999618530273,1.2599999904632568,1.340000033378601,1.2599999904632568,1.2599999904632568
2011-11-08,2200,1.2799999713897705,1.2799999713897705,1.2799999713897705,1.2799999713897705,1.2799999713897705
2011-11-07,300,1.2000000476837158,1.2799999713897705,1.2799999713897705,1.2000000476837158,1.2799999713897705
2011-11-04,2000,1.2699999809265137,1.2699999809265137,1.2699999809265137,1.2699999809265137,1.2699999809265137
2011-11-03,15800,1.25,1.2699999809265137,1.2899999618530273,1.2000000476837158,1.2699999809265137
2011-11-02,2000,1.25,1.25,1.25,1.25,1.25
2011-11-01,7500,1.25,1.25,1.25,1.159999966621399,1.25
2011-10-31,1900,1.2799999713897705,1.2799999713897705,1.2799999713897705,1.1699999570846558,1.2799999713897705
2011-10-28,5500,1.2899999618530273,1.25,1.2999999523162842,1.149999976158142,1.25
2011-10-27,7600,1.2000000476837158,1.2899999618530273,1.2999999523162842,1.2000000476837158,1.2899999618530273
2011-10-26,5500,1.149999976158142,1.149999976158142,1.2000000476837158,1.149999976158142,1.149999976158142
2011-10-25,400,1.1200000047683716,1.2000000476837158,1.2000000476837158,1.1200000047683716,1.2000000476837158
2011-10-24,500,1.2000000476837158,1.2000000476837158,1.2000000476837158,1.1200000047683716,1.2000000476837158
2011-10-21,0,1.2000000476837158,1.2000000476837158,1.2000000476837158,1.2000000476837158,1.2000000476837158
2011-10-20,200,1.2000000476837158,1.2000000476837158,1.2000000476837158,1.2000000476837158,1.2000000476837158
2011-10-19,4000,1.149999976158142,1.1100000143051147,1.149999976158142,1.1100000143051147,1.1100000143051147
2011-10-18,4200,1.2400000095367432,1.1100000143051147,1.2400000095367432,1.100000023841858,1.1100000143051147
2011-10-17,0,1.2400000095367432,1.2400000095367432,1.2400000095367432,1.2400000095367432,1.2400000095367432
2011-10-14,200,1.2400000095367432,1.2400000095367432,1.2400000095367432,1.2400000095367432,1.2400000095367432
2011-10-13,14000,1.159999966621399,1.149999976158142,1.159999966621399,1.149999976158142,1.149999976158142
2011-10-12,0,1.2899999618530273,1.2899999618530273,1.2899999618530273,1.2899999618530273,1.2899999618530273
2011-10-11,1300,1.1200000047683716,1.2899999618530273,1.2899999618530273,1.1200000047683716,1.2899999618530273
2011-10-10,200,1.350000023841858,1.350000023841858,1.350000023841858,1.350000023841858,1.350000023841858
2011-10-07,13200,1.2899999618530273,1.2000000476837158,1.2999999523162842,1.2000000476837158,1.2000000476837158
2011-10-06,14900,1.2400000095367432,1.2899999618530273,1.2899999618530273,1.2400000095367432,1.2899999618530273
2011-10-05,6000,1.2000000476837158,1.2400000095367432,1.2400000095367432,1.2000000476837158,1.2400000095367432
2011-10-04,1100,1.0800000429153442,1.1100000143051147,1.1100000143051147,1.0800000429153442,1.1100000143051147
2011-10-03,14200,1.2000000476837158,1.25,1.25,1.0800000429153442,1.25
2011-09-30,1000,1.25,1.25,1.25,1.25,1.25
2011-09-29,2300,1.2899999618530273,1.2699999809265137,1.2899999618530273,1.0299999713897705,1.2699999809265137
2011-09-28,4700,1.1200000047683716,1.2000000476837158,1.2000000476837158,1.100000023841858,1.2000000476837158
2011-09-27,19500,1.100000023841858,1.1200000047683716,1.1200000047683716,1.0199999809265137,1.1200000047683716
2011-09-26,1000,1.2000000476837158,1.2000000476837158,1.2000000476837158,1.2000000476837158,1.2000000476837158
2011-09-23,10500,1.149999976158142,1.2000000476837158,1.2000000476837158,1.149999976158142,1.2000000476837158
2011-09-22,5400,1.3200000524520874,1.2000000476837158,1.3200000524520874,1.149999976158142,1.2000000476837158
2011-09-21,5300,1.2400000095367432,1.2699999809265137,1.2699999809265137,1.2400000095367432,1.2699999809265137
2011-09-20,500,1.2599999904632568,1.2699999809265137,1.2699999809265137,1.2599999904632568,1.2699999809265137
2011-09-19,500,1.2100000381469727,1.2100000381469727,1.2100000381469727,1.2100000381469727,1.2100000381469727
2011-09-16,200,1.2899999618530273,1.2899999618530273,1.2899999618530273,1.2899999618530273,1.2899999618530273
2011-09-15,4700,1.2000000476837158,1.2000000476837158,1.2000000476837158,1.2000000476837158,1.2000000476837158
2011-09-14,400,1.159999966621399,1.149999976158142,1.159999966621399,1.149999976158142,1.149999976158142
2011-09-13,2600,1.159999966621399,1.2000000476837158,1.2000000476837158,1.159999966621399,1.2000000476837158
2011-09-12,4400,1.2200000286102295,1.100000023841858,1.2200000286102295,1.0299999713897705,1.100000023841858
2011-09-09,400,1.25,1.25,1.25,1.25,1.25
2011-09-08,100,1.2999999523162842,1.2999999523162842,1.2999999523162842,1.2999999523162842,1.2999999523162842
2011-09-07,2500,1.2999999523162842,1.2999999523162842,1.2999999523162842,1.2999999523162842,1.2999999523162842
2011-09-06,3100,1.2000000476837158,1.2999999523162842,1.2999999523162842,1.2000000476837158,1.2999999523162842
2011-09-02,1500,1.25,1.25,1.25,1.25,1.25
2011-09-01,6000,1.1299999952316284,1.309999942779541,1.309999942779541,1.1299999952316284,1.309999942779541
2011-08-31,0,1.2599999904632568,1.2599999904632568,1.2599999904632568,1.2599999904632568,1.2599999904632568
2011-08-30,2500,1.2999999523162842,1.2599999904632568,1.2999999523162842,1.2599999904632568,1.2599999904632568
2011-08-29,12300,1.309999942779541,1.2000000476837158,1.309999942779541,1.2000000476837158,1.2000000476837158
2011-08-26,6400,1.2000000476837158,1.2200000286102295,1.2200000286102295,1.2000000476837158,1.2200000286102295
2011-08-25,4200,1.149999976158142,1.149999976158142,1.2000000476837158,1.149999976158142,1.149999976158142
2011-08-24,1600,1.149999976158142,1.149999976158142,1.149999976158142,1.149999976158142,1.149999976158142
2011-08-23,11100,1.2000000476837158,1.100000023841858,1.2000000476837158,1.100000023841858,1.100000023841858
2011-08-22,8400,1.2000000476837158,1.100000023841858,1.2000000476837158,1.0,1.100000023841858
2011-08-19,500,1.2000000476837158,1.2000000476837158,1.2000000476837158,1.2000000476837158,1.2000000476837158
2011-08-18,4400,1.100000023841858,1.309999942779541,1.3200000524520874,1.0099999904632568,1.309999942779541
2011-08-17,4700,1.2899999618530273,1.2400000095367432,1.2899999618530273,1.2000000476837158,1.2400000095367432
2011-08-16,14600,1.2999999523162842,1.2699999809265137,1.2999999523162842,1.25,1.2699999809265137
2011-08-15,27700,1.190000057220459,1.25,1.5,1.190000057220459,1.25
2011-08-12,0,1.2000000476837158,1.2000000476837158,1.2000000476837158,1.2000000476837158,1.2000000476837158
2011-08-11,7300,1.2000000476837158,1.2000000476837158,1.2000000476837158,1.100000023841858,1.2000000476837158
2011-08-10,0,1.25,1.25,1.25,1.25,1.25
2011-08-09,5900,1.3200000524520874,1.25,1.3200000524520874,1.190000057220459,1.25
2011-08-08,29400,1.149999976158142,1.2000000476837158,1.399999976158142,1.0,1.2000000476837158
2011-08-05,23100,1.2400000095367432,1.100000023841858,1.25,1.100000023841858,1.100000023841858
2011-08-04,9400,1.2400000095367432,1.2300000190734863,1.2400000095367432,1.2000000476837158,1.2300000190734863
2011-08-03,12000,1.100000023841858,1.2300000190734863,1.2400000095367432,1.100000023841858,1.2300000190734863
2011-08-02,5400,1.25,1.25,1.25,1.25,1.25
2011-08-01,4600,1.25,1.2000000476837158,1.2599999904632568,1.2000000476837158,1.2000000476837158
2011-07-29,6600,1.25,1.25,1.25,1.25,1.25
2011-07-28,79100,1.2599999904632568,1.2599999904632568,1.2999999523162842,1.0,1.2599999904632568
2011-07-27,8400,1.2300000190734863,1.2999999523162842,1.3200000524520874,1.2300000190734863,1.2999999523162842
2011-07-26,28500,1.2000000476837158,1.2999999523162842,1.3300000429153442,1.2000000476837158,1.2999999523162842
2011-07-25,2000,1.2000000476837158,1.2999999523162842,1.2999999523162842,1.2000000476837158,1.2999999523162842
2011-07-22,10900,1.3899999856948853,1.3899999856948853,1.3899999856948853,1.2999999523162842,1.3899999856948853
2011-07-21,70300,1.100000023841858,1.3899999856948853,1.440000057220459,1.100000023841858,1.3899999856948853
2011-07-20,11700,1.100000023841858,1.100000023841858,1.1200000047683716,1.100000023841858,1.100000023841858
2011-07-19,23900,1.0299999713897705,1.100000023841858,1.100000023841858,1.0299999713897705,1.100000023841858
2011-07-18,26200,0.9800000190734863,1.100000023841858,1.149999976158142,0.9800000190734863,1.100000023841858
2011-07-15,2700,0.9800000190734863,0.9800000190734863,0.9800000190734863,0.9800000190734863,0.9800000190734863
2011-07-14,32300,0.968999981880188,0.9129999876022339,0.9929999709129333,0.9129999876022339,0.9129999876022339
2011-07-13,223600,0.8999999761581421,0.968999981880188,0.968999981880188,0.8500000238418579,0.968999981880188
2011-07-12,17200,0.9290000200271606,0.8999999761581421,0.9290000200271606,0.800000011920929,0.8999999761581421
2011-07-11,500,0.9190000295639038,0.9190000295639038,0.9190000295639038,0.9190000295639038,0.9190000295639038
2011-07-08,185200,0.8100000023841858,0.8999999761581421,0.8999999761581421,0.8100000023841858,0.8999999761581421
2011-07-07,15000,0.8100000023841858,0.8100000023841858,0.8100000023841858,0.8100000023841858,0.8100000023841858
2011-07-06,0,0.8100000023841858,0.8100000023841858,0.8100000023841858,0.8100000023841858,0.8100000023841858
2011-07-05,6900,0.800000011920929,0.8100000023841858,0.8100000023841858,0.800000011920929,0.8100000023841858
2011-07-01,25200,0.8130000233650208,0.800000011920929,0.8130000233650208,0.800000011920929,0.800000011920929
2011-06-30,12000,0.9290000200271606,0.949999988079071,0.949999988079071,0.8130000233650208,0.949999988079071
2011-06-29,8400,0.7099999785423279,0.9290000200271606,0.9290000200271606,0.7099999785423279,0.9290000200271606
2011-06-28,0,0.800000011920929,0.800000011920929,0.800000011920929,0.800000011920929,0.800000011920929
2011-06-27,17600,0.800000011920929,0.800000011920929,0.800000011920929,0.7799999713897705,0.800000011920929
2011-06-24,14500,0.8330000042915344,0.8399999737739563,0.8399999737739563,0.800000011920929,0.8399999737739563
2011-06-23,2800,0.8500000238418579,0.8899999856948853,0.8899999856948853,0.8500000238418579,0.8899999856948853
2011-06-22,21200,0.9599999785423279,0.8899999856948853,0.9599999785423279,0.8899999856948853,0.8899999856948853
2011-06-21,18600,0.8399999737739563,0.9800000190734863,0.9800000190734863,0.800000011920929,0.9800000190734863
2011-06-20,800,0.8299999833106995,0.8299999833106995,0.8299999833106995,0.8299999833106995,0.8299999833106995
2011-06-17,100,0.8399999737739563,0.8399999737739563,0.8399999737739563,0.8399999737739563,0.8399999737739563
2011-06-16,2400,0.753000020980835,0.8199999928474426,0.8399999737739563,0.753000020980835,0.8199999928474426
2011-06-15,0,0.8399999737739563,0.8399999737739563,0.8399999737739563,0.8399999737739563,0.8399999737739563
2011-06-14,0,0.8399999737739563,0.8399999737739563,0.8399999737739563,0.8399999737739563,0.8399999737739563
2011-06-13,0,0.8399999737739563,0.8399999737739563,0.8399999737739563,0.8399999737739563,0.8399999737739563
2011-06-10,10900,0.7799999713897705,0.8399999737739563,0.8399999737739563,0.7799999713897705,0.8399999737739563
2011-06-09,13200,0.800000011920929,0.8199999928474426,0.8199999928474426,0.7799999713897705,0.8199999928474426
2011-06-08,25400,0.753000020980835,0.800000011920929,0.8100000023841858,0.753000020980835,0.800000011920929
2011-06-07,0,0.8199999928474426,0.8199999928474426,0.8199999928474426,0.8199999928474426,0.8199999928474426
2011-06-06,0,0.8199999928474426,0.8199999928474426,0.8199999928474426,0.8199999928474426,0.8199999928474426
2011-06-03,500,0.8199999928474426,0.8199999928474426,0.8199999928474426,0.8199999928474426,0.8199999928474426
2011-06-02,0,0.8199999928474426,0.8199999928474426,0.8199999928474426,0.8199999928474426,0.8199999928474426
2011-06-01,4100,0.8199999928474426,0.8199999928474426,0.8199999928474426,0.753000020980835,0.8199999928474426
2011-05-31,1000,0.7900000214576721,0.7900000214576721,0.7900000214576721,0.7900000214576721,0.7900000214576721
2011-05-27,5000,0.7900000214576721,0.7900000214576721,0.7900000214576721,0.7900000214576721,0.7900000214576721
2011-05-26,200,0.7099999785423279,0.8389999866485596,0.8389999866485596,0.7099999785423279,0.8389999866485596
2011-05-25,24100,0.7799999713897705,0.800000011920929,0.800000011920929,0.7799999713897705,0.800000011920929
2011-05-24,1300,0.800000011920929,0.800000011920929,0.800000011920929,0.800000011920929,0.800000011920929
2011-05-23,50000,0.800000011920929,0.800000011920929,0.800000011920929,0.800000011920929,0.800000011920929
2011-05-20,1500,0.8389999866485596,0.8389999866485596,0.8389999866485596,0.7300000190734863,0.8389999866485596
2011-05-19,800,0.7900000214576721,0.7900000214576721,0.7900000214576721,0.7900000214576721,0.7900000214576721
2011-05-18,4100,0.800000011920929,0.8389999866485596,0.8389999866485596,0.7990000247955322,0.8389999866485596
2011-05-17,100,0.8389999866485596,0.8389999866485596,0.8389999866485596,0.8389999866485596,0.8389999866485596
2011-05-16,100,0.8389999866485596,0.8389999866485596,0.8389999866485596,0.8389999866485596,0.8389999866485596
2011-05-13,0,0.8289999961853027,0.8289999961853027,0.8289999961853027,0.8289999961853027,0.8289999961853027
2011-05-12,24100,0.7599999904632568,0.8289999961853027,0.8289999961853027,0.699999988079071,0.8289999961853027
2011-05-11,31300,0.8500000238418579,0.8299999833106995,1.0099999904632568,0.7429999709129333,0.8299999833106995
2011-05-10,25000,0.7689999938011169,0.8500000238418579,0.8500000238418579,0.7599999904632568,0.8500000238418579
2011-05-09,15000,0.6430000066757202,0.6299999952316284,0.6430000066757202,0.6200000047683716,0.6299999952316284
2011-05-06,15000,0.7799999713897705,0.699999988079071,0.7799999713897705,0.699999988079071,0.699999988079071
2011-05-05,0,0.8500000238418579,0.8500000238418579,0.8500000238418579,0.8500000238418579,0.8500000238418579
2011-05-04,0,0.8500000238418579,0.8500000238418579,0.8500000238418579,0.8500000238418579,0.8500000238418579
2011-05-03,20000,0.800000011920929,0.8500000238418579,0.8500000238418579,0.800000011920929,0.8500000238418579
2011-05-02,2500,0.800000011920929,0.800000011920929,0.800000011920929,0.800000011920929,0.800000011920929
2011-04-29,4800,0.7300000190734863,0.800000011920929,0.800000011920929,0.6000000238418579,0.800000011920929
2011-04-28,1400,0.800000011920929,0.7300000190734863,0.800000011920929,0.7300000190734863,0.7300000190734863
2011-04-27,17000,0.800000011920929,0.7300000190734863,0.8500000238418579,0.7300000190734863,0.7300000190734863
2011-04-26,2100,0.6000000238418579,0.800000011920929,0.800000011920929,0.6000000238418579,0.800000011920929
2011-04-25,200,0.6000000238418579,0.6000000238418579,0.6000000238418579,0.6000000238418579,0.6000000238418579
2011-04-21,0,0.7099999785423279,0.7099999785423279,0.7099999785423279,0.7099999785423279,0.7099999785423279
2011-04-20,3000,0.7099999785423279,0.7099999785423279,0.7099999785423279,0.7099999785423279,0.7099999785423279
2011-04-19,300,0.699999988079071,0.699999988079071,0.699999988079071,0.699999988079071,0.699999988079071
2011-04-18,12400,0.7099999785423279,0.7099999785423279,0.7099999785423279,0.699999988079071,0.7099999785423279
2011-04-15,0,0.7450000047683716,0.7450000047683716,0.7450000047683716,0.7450000047683716,0.7450000047683716
2011-04-14,0,0.7450000047683716,0.7450000047683716,0.7450000047683716,0.7450000047683716,0.7450000047683716
2011-04-13,1000,0.7450000047683716,0.7450000047683716,0.7450000047683716,0.7450000047683716,0.7450000047683716
2011-04-12,24700,0.8899999856948853,0.699999988079071,0.8899999856948853,0.6000000238418579,0.699999988079071
2011-04-11,1600,0.7699999809265137,0.8899999856948853,0.8899999856948853,0.7699999809265137,0.8899999856948853
2011-04-08,600,0.7699999809265137,0.7699999809265137,0.7699999809265137,0.7699999809265137,0.7699999809265137
2011-04-07,3600,0.7699999809265137,0.7699999809265137,0.7699999809265137,0.7699999809265137,0.7699999809265137
2011-04-06,300,0.7699999809265137,0.7699999809265137,0.7699999809265137,0.7699999809265137,0.7699999809265137
2011-04-05,800,0.8500000238418579,0.8799999952316284,0.8799999952316284,0.75,0.8799999952316284
2011-04-04,9400,0.8500000238418579,0.8799999952316284,0.8899999856948853,0.75,0.8799999952316284
2011-04-01,1300,0.8500000238418579,0.8899999856948853,0.8899999856948853,0.8500000238418579,0.8899999856948853
2011-03-31,17700,0.75,0.8500000238418579,0.8500000238418579,0.7300000190734863,0.8500000238418579
2011-03-30,0,0.7099999785423279,0.7099999785423279,0.7099999785423279,0.7099999785423279,0.7099999785423279
2011-03-29,35000,0.7099999785423279,0.7099999785423279,0.7099999785423279,0.6899999976158142,0.7099999785423279
2011-03-28,13100,0.6800000071525574,0.6899999976158142,0.699999988079071,0.6800000071525574,0.6899999976158142
2011-03-25,0,0.6800000071525574,0.6800000071525574,0.6800000071525574,0.6800000071525574,0.6800000071525574
2011-03-24,0,0.6800000071525574,0.6800000071525574,0.6800000071525574,0.6800000071525574,0.6800000071525574
2011-03-23,400,0.6800000071525574,0.6800000071525574,0.6800000071525574,0.6800000071525574,0.6800000071525574
2011-03-22,0,0.6800000071525574,0.6800000071525574,0.6800000071525574,0.6800000071525574,0.6800000071525574
2011-03-21,0,0.6800000071525574,0.6800000071525574,0.6800000071525574,0.6800000071525574,0.6800000071525574
2011-03-18,3200,0.5099999904632568,0.6800000071525574,0.6800000071525574,0.5099999904632568,0.6800000071525574
2011-03-17,1700,0.6299999952316284,0.6299999952316284,0.6299999952316284,0.6299999952316284,0.6299999952316284
2011-03-16,5900,0.6299999952316284,0.6299999952316284,0.6299999952316284,0.6299999952316284,0.6299999952316284
2011-03-15,1100,0.6299999952316284,0.6800000071525574,0.6800000071525574,0.6299999952316284,0.6800000071525574
2011-03-14,10000,0.699999988079071,0.699999988079071,0.699999988079071,0.699999988079071,0.699999988079071
2011-03-11,3400,0.6299999952316284,0.6299999952316284,0.6299999952316284,0.6299999952316284,0.6299999952316284
2011-03-10,0,0.6299999952316284,0.6299999952316284,0.6299999952316284,0.6299999952316284,0.6299999952316284
2011-03-09,8900,0.699999988079071,0.6299999952316284,0.699999988079071,0.6299999952316284,0.6299999952316284
2011-03-08,15900,0.6299999952316284,0.699999988079071,0.699999988079071,0.6299999952316284,0.699999988079071
2011-03-07,16000,0.5099999904632568,0.6299999952316284,0.6299999952316284,0.5099999904632568,0.6299999952316284
2011-03-04,1000,0.699999988079071,0.7300000190734863,0.7300000190734863,0.699999988079071,0.7300000190734863
2011-03-03,9500,0.6499999761581421,0.6499999761581421,0.6499999761581421,0.6499999761581421,0.6499999761581421
2011-03-02,0,0.75,0.75,0.75,0.75,0.75
2011-03-01,0,0.75,0.75,0.75,0.75,0.75
2011-02-28,4900,0.6499999761581421,0.75,0.75,0.6499999761581421,0.75
2011-02-25,700,0.6499999761581421,0.6499999761581421,0.6499999761581421,0.6499999761581421,0.6499999761581421
2011-02-24,200,0.699999988079071,0.699999988079071,0.699999988079071,0.699999988079071,0.699999988079071
2011-02-23,2700,0.6800000071525574,0.699999988079071,0.699999988079071,0.6800000071525574,0.699999988079071
2011-02-22,2400,0.5600000023841858,0.6100000143051147,0.6100000143051147,0.5600000023841858,0.6100000143051147
2011-02-18,100,0.5600000023841858,0.5600000023841858,0.5600000023841858,0.5600000023841858,0.5600000023841858
2011-02-17,0,0.699999988079071,0.699999988079071,0.699999988079071,0.699999988079071,0.699999988079071
2011-02-16,10500,0.5899999737739563,0.699999988079071,0.699999988079071,0.5899999737739563,0.699999988079071
2011-02-15,5000,0.6499999761581421,0.6499999761581421,0.6499999761581421,0.6499999761581421,0.6499999761581421
2011-02-14,18800,0.6499999761581421,0.6499999761581421,0.6499999761581421,0.5899999737739563,0.6499999761581421
2011-02-11,40800,0.5849999785423279,0.6499999761581421,0.6499999761581421,0.5799999833106995,0.6499999761581421
2011-02-10,0,0.6200000047683716,0.6200000047683716,0.6200000047683716,0.6200000047683716,0.6200000047683716
2011-02-09,3700,0.5799999833106995,0.6200000047683716,0.6200000047683716,0.5699999928474426,0.6200000047683716
2011-02-08,5500,0.6200000047683716,0.6200000047683716,0.6200000047683716,0.6200000047683716,0.6200000047683716
2011-02-07,6000,0.5600000023841858,0.6000000238418579,0.6000000238418579,0.5600000023841858,0.6000000238418579
2011-02-04,7500,0.6000000238418579,0.5600000023841858,0.6000000238418579,0.5600000023841858,0.5600000023841858
2011-02-03,6100,0.5899999737739563,0.6000000238418579,0.6100000143051147,0.5899999737739563,0.6000000238418579
2011-02-02,9000,0.5099999904632568,0.6000000238418579,0.6000000238418579,0.5099999904632568,0.6000000238418579
2011-02-01,1600,0.6000000238418579,0.6399999856948853,0.6399999856948853,0.6000000238418579,0.6399999856948853
2011-01-31,2200,0.5099999904632568,0.6399999856948853,0.6399999856948853,0.5099999904632568,0.6399999856948853
2011-01-28,900,0.5400000214576721,0.5400000214576721,0.5400000214576721,0.5400000214576721,0.5400000214576721
2011-01-27,3100,0.550000011920929,0.550000011920929,0.550000011920929,0.550000011920929,0.550000011920929
2011-01-26,500,0.6000000238418579,0.6000000238418579,0.6000000238418579,0.6000000238418579,0.6000000238418579
2011-01-25,12400,0.550000011920929,0.6000000238418579,0.6000000238418579,0.550000011920929,0.6000000238418579
2011-01-24,5000,0.550000011920929,0.550000011920929,0.550000011920929,0.550000011920929,0.550000011920929
2011-01-21,27500,0.5400000214576721,0.550000011920929,0.6299999952316284,0.5400000214576721,0.550000011920929
2011-01-20,7500,0.699999988079071,0.6299999952316284,0.699999988079071,0.5400000214576721,0.6299999952316284
2011-01-19,10800,0.5099999904632568,0.550000011920929,0.699999988079071,0.5099999904632568,0.550000011920929
2011-01-18,63600,0.46000000834465027,0.5899999737739563,0.5899999737739563,0.46000000834465027,0.5899999737739563
2011-01-14,3500,0.46000000834465027,0.46000000834465027,0.46000000834465027,0.46000000834465027,0.46000000834465027
2011-01-13,10000,0.5099999904632568,0.5099999904632568,0.5099999904632568,0.5099999904632568,0.5099999904632568
2011-01-12,16800,0.5,0.5099999904632568,0.5099999904632568,0.5,0.5099999904632568
2011-01-11,5000,0.5,0.5,0.5,0.5,0.5
2011-01-10,31700,0.4099999964237213,0.5099999904632568,0.5099999904632568,0.4099999964237213,0.5099999904632568
2011-01-07,3000,0.41999998688697815,0.41999998688697815,0.41999998688697815,0.41999998688697815,0.41999998688697815
2011-01-06,35600,0.5299999713897705,0.5299999713897705,0.5299999713897705,0.44999998807907104,0.5299999713897705
2011-01-05,11000,0.4099999964237213,0.5299999713897705,0.5299999713897705,0.4099999964237213,0.5299999713897705
2011-01-04,0,0.38999998569488525,0.38999998569488525,0.38999998569488525,0.38999998569488525,0.38999998569488525
2011-01-03,800,0.47999998927116394,0.38999998569488525,0.47999998927116394,0.38999998569488525,0.38999998569488525
2010-12-31,300,0.38999998569488525,0.38999998569488525,0.38999998569488525,0.38999998569488525,0.38999998569488525
2010-12-30,4100,0.38999998569488525,0.38999998569488525,0.38999998569488525,0.38999998569488525,0.38999998569488525
2010-12-29,100,0.38999998569488525,0.38999998569488525,0.38999998569488525,0.38999998569488525,0.38999998569488525
2010-12-28,0,0.38999998569488525,0.38999998569488525,0.38999998569488525,0.38999998569488525,0.38999998569488525
2010-12-27,500,0.38999998569488525,0.38999998569488525,0.38999998569488525,0.38999998569488525,0.38999998569488525
2010-12-23,0,0.38999998569488525,0.38999998569488525,0.38999998569488525,0.38999998569488525,0.38999998569488525
2010-12-22,0,0.38999998569488525,0.38999998569488525,0.38999998569488525,0.38999998569488525,0.38999998569488525
2010-12-21,0,0.38999998569488525,0.38999998569488525,0.38999998569488525,0.38999998569488525,0.38999998569488525
2010-12-20,1800,0.38999998569488525,0.38999998569488525,0.38999998569488525,0.38999998569488525,0.38999998569488525
2010-12-17,5000,0.44999998807907104,0.44999998807907104,0.44999998807907104,0.44999998807907104,0.44999998807907104
2010-12-16,1400,0.4000000059604645,0.4000000059604645,0.4000000059604645,0.4000000059604645,0.4000000059604645
2010-12-15,3200,0.3799999952316284,0.38999998569488525,0.38999998569488525,0.3799999952316284,0.38999998569488525
2010-12-14,700,0.5,0.5,0.5,0.5,0.5
2010-12-13,13400,0.3799999952316284,0.38999998569488525,0.5,0.3799999952316284,0.38999998569488525
2010-12-10,4400,0.3799999952316284,0.4699999988079071,0.4699999988079071,0.3799999952316284,0.4699999988079071
2010-12-09,0,0.4350000023841858,0.4350000023841858,0.4350000023841858,0.4350000023841858,0.4350000023841858
2010-12-08,3800,0.4350000023841858,0.4350000023841858,0.4350000023841858,0.4350000023841858,0.4350000023841858
2010-12-07,4000,0.4350000023841858,0.4350000023841858,0.4350000023841858,0.4350000023841858,0.4350000023841858
2010-12-06,7000,0.4000000059604645,0.4399999976158142,0.4399999976158142,0.4000000059604645,0.4399999976158142
2010-12-03,2300,0.3799999952316284,0.4099999964237213,0.4099999964237213,0.3799999952316284,0.4099999964237213
2010-12-02,4700,0.33000001311302185,0.4099999964237213,0.4099999964237213,0.33000001311302185,0.4099999964237213
2010-12-01,2100,0.4099999964237213,0.4099999964237213,0.4099999964237213,0.4099999964237213,0.4099999964237213
2010-11-30,700,0.38999998569488525,0.38999998569488525,0.38999998569488525,0.38999998569488525,0.38999998569488525
2010-11-29,600,0.4099999964237213,0.4099999964237213,0.4099999964237213,0.4099999964237213,0.4099999964237213
2010-11-26,0,0.41999998688697815,0.41999998688697815,0.41999998688697815,0.41999998688697815,0.41999998688697815
2010-11-24,0,0.41999998688697815,0.41999998688697815,0.41999998688697815,0.41999998688697815,0.41999998688697815
2010-11-23,2300,0.44999998807907104,0.41999998688697815,0.44999998807907104,0.41999998688697815,0.41999998688697815
2010-11-22,44500,0.33000001311302185,0.3799999952316284,0.3799999952316284,0.33000001311302185,0.3799999952316284
2010-11-19,100,0.3700000047683716,0.3700000047683716,0.3700000047683716,0.3700000047683716,0.3700000047683716
2010-11-18,0,0.3499999940395355,0.3499999940395355,0.3499999940395355,0.3499999940395355,0.3499999940395355
2010-11-17,13000,0.3700000047683716,0.3499999940395355,0.3700000047683716,0.3499999940395355,0.3499999940395355
2010-11-16,6900,0.4099999964237213,0.4099999964237213,0.4099999964237213,0.4099999964237213,0.4099999964237213
2010-11-15,1000,0.3700000047683716,0.3700000047683716,0.3700000047683716,0.3700000047683716,0.3700000047683716
2010-11-12,0,0.41999998688697815,0.41999998688697815,0.41999998688697815,0.41999998688697815,0.41999998688697815
2010-11-11,27700,0.42500001192092896,0.41999998688697815,0.42500001192092896,0.33000001311302185,0.41999998688697815
2010-11-10,1100,0.5,0.5,0.5,0.5,0.5
2010-11-09,1000,0.41999998688697815,0.41999998688697815,0.41999998688697815,0.41999998688697815,0.41999998688697815
2010-11-08,800,0.4099999964237213,0.4099999964237213,0.4099999964237213,0.4099999964237213,0.4099999964237213
2010-11-05,0,0.4020000100135803,0.4020000100135803,0.4020000100135803,0.4020000100135803,0.4020000100135803
2010-11-04,0,0.4020000100135803,0.4020000100135803,0.4020000100135803,0.4020000100135803,0.4020000100135803
2010-11-03,600,0.35600000619888306,0.4020000100135803,0.4020000100135803,0.35600000619888306,0.4020000100135803
2010-11-02,4300,0.5,0.44999998807907104,0.5,0.44999998807907104,0.44999998807907104
2010-11-01,5000,0.35199999809265137,0.35199999809265137,0.5,0.35199999809265137,0.35199999809265137
2010-10-29,3000,0.44999998807907104,0.4000000059604645,0.44999998807907104,0.4000000059604645,0.4000000059604645
2010-10-28,8000,0.33000001311302185,0.49000000953674316,0.49000000953674316,0.33000001311302185,0.49000000953674316
2010-10-27,0,0.5099999904632568,0.5099999904632568,0.5099999904632568,0.5099999904632568,0.5099999904632568
2010-10-26,0,0.5099999904632568,0.5099999904632568,0.5099999904632568,0.5099999904632568,0.5099999904632568
2010-10-25,1100,0.35499998927116394,0.5099999904632568,0.5099999904632568,0.35499998927116394,0.5099999904632568
2010-10-22,3100,0.5099999904632568,0.5099999904632568,0.5099999904632568,0.5099999904632568,0.5099999904632568
2010-10-21,300,0.5099999904632568,0.5099999904632568,0.5099999904632568,0.5099999904632568,0.5099999904632568
2010-10-20,4500,0.5099999904632568,0.5099999904632568,0.5099999904632568,0.5099999904632568,0.5099999904632568
2010-10-19,3900,0.5199999809265137,0.5199999809265137,0.5199999809265137,0.5199999809265137,0.5199999809265137
2010-10-18,10400,0.5450000166893005,0.5199999809265137,0.5450000166893005,0.5149999856948853,0.5199999809265137
2010-10-15,4900,0.5450000166893005,0.5450000166893005,0.5450000166893005,0.5450000166893005,0.5450000166893005
2010-10-14,5500,0.5,0.5199999809265137,0.5199999809265137,0.5,0.5199999809265137
2010-10-13,8000,0.5099999904632568,0.550000011920929,0.550000011920929,0.5099999904632568,0.550000011920929
2010-10-12,1700,0.5400000214576721,0.5400000214576721,0.5400000214576721,0.5400000214576721,0.5400000214576721
2010-10-11,100,0.5,0.5,0.5,0.5,0.5
2010-10-08,16600,0.5450000166893005,0.5450000166893005,0.550000011920929,0.5,0.5450000166893005
2010-10-07,6100,0.5,0.5450000166893005,0.5450000166893005,0.5,0.5450000166893005
2010-10-06,15800,0.550000011920929,0.5299999713897705,0.550000011920929,0.5299999713897705,0.5299999713897705
2010-10-05,9000,0.5299999713897705,0.550000011920929,0.550000011920929,0.5299999713897705,0.550000011920929
2010-10-04,19000,0.5600000023841858,0.5299999713897705,0.5600000023841858,0.5299999713897705,0.5299999713897705
2010-10-01,2500,0.5099999904632568,0.5099999904632568,0.5099999904632568,0.5099999904632568,0.5099999904632568
2010-09-30,7100,0.5199999809265137,0.5199999809265137,0.5199999809265137,0.5199999809265137,0.5199999809265137
2010-09-29,0,0.5600000023841858,0.5600000023841858,0.5600000023841858,0.5600000023841858,0.5600000023841858
2010-09-28,0,0.5600000023841858,0.5600000023841858,0.5600000023841858,0.5600000023841858,0.5600000023841858
2010-09-27,6400,0.5400000214576721,0.5600000023841858,0.5600000023841858,0.5400000214576721,0.5600000023841858
2010-09-24,12800,0.5400000214576721,0.5400000214576721,0.5600000023841858,0.5400000214576721,0.5400000214576721
2010-09-23,23500,0.550000011920929,0.5400000214576721,0.5699999928474426,0.5199999809265137,0.5400000214576721
2010-09-22,8000,0.550000011920929,0.5400000214576721,0.550000011920929,0.5400000214576721,0.5400000214576721
2010-09-21,25000,0.5400000214576721,0.5099999904632568,0.550000011920929,0.5099999904632568,0.5099999904632568
2010-09-20,4800,0.5,0.5400000214576721,0.5400000214576721,0.5,0.5400000214576721
2010-09-17,6300,0.550000011920929,0.5,0.550000011920929,0.5,0.5
2010-09-16,0,0.5690000057220459,0.5690000057220459,0.5690000057220459,0.5690000057220459,0.5690000057220459
2010-09-15,8900,0.5,0.5690000057220459,0.5690000057220459,0.5,0.5690000057220459
2010-09-14,5300,0.550000011920929,0.550000011920929,0.550000011920929,0.550000011920929,0.550000011920929
2010-09-13,21000,0.5699999928474426,0.550000011920929,0.5699999928474426,0.5299999713897705,0.550000011920929
2010-09-10,300,0.5699999928474426,0.5699999928474426,0.5699999928474426,0.5699999928474426,0.5699999928474426
2010-09-09,800,0.5400000214576721,0.5299999713897705,0.5400000214576721,0.5299999713897705,0.5299999713897705
2010-09-08,11900,0.550000011920929,0.550000011920929,0.550000011920929,0.550000011920929,0.550000011920929
2010-09-07,2600,0.5600000023841858,0.5400000214576721,0.5600000023841858,0.5400000214576721,0.5400000214576721
2010-09-03,5100,0.5600000023841858,0.550000011920929,0.5600000023841858,0.550000011920929,0.550000011920929
2010-09-02,10500,0.5400000214576721,0.5600000023841858,0.5600000023841858,0.5400000214576721,0.5600000023841858
2010-09-01,16500,0.5789999961853027,0.550000011920929,0.5789999961853027,0.550000011920929,0.550000011920929
2010-08-31,5000,0.5600000023841858,0.5600000023841858,0.5600000023841858,0.5600000023841858,0.5600000023841858
2010-08-30,7000,0.5600000023841858,0.5600000023841858,0.5600000023841858,0.5600000023841858,0.5600000023841858
2010-08-27,22600,0.5989999771118164,0.550000011920929,0.6000000238418579,0.550000011920929,0.550000011920929
2010-08-26,15600,0.5400000214576721,0.5400000214576721,0.5400000214576721,0.5400000214576721,0.5400000214576721
2010-08-25,23900,0.5989999771118164,0.5400000214576721,0.5989999771118164,0.5400000214576721,0.5400000214576721
2010-08-24,0,0.6000000238418579,0.6000000238418579,0.6000000238418579,0.6000000238418579,0.6000000238418579
2010-08-23,54600,0.550000011920929,0.6000000238418579,0.6000000238418579,0.550000011920929,0.6000000238418579
2010-08-20,36800,0.5400000214576721,0.5400000214576721,0.5699999928474426,0.5400000214576721,0.5400000214576721
2010-08-19,1600,0.5,0.5,0.5,0.5,0.5
2010-08-18,61800,0.44999998807907104,0.5099999904632568,0.5899999737739563,0.3499999940395355,0.5099999904632568
2010-08-17,44400,0.550000011920929,0.5,0.550000011920929,0.5,0.5
2010-08-16,800,0.5400000214576721,0.5400000214576721,0.5400000214576721,0.5400000214576721,0.5400000214576721
2010-08-13,1000,0.46000000834465027,0.49000000953674316,0.49000000953674316,0.46000000834465027,0.49000000953674316
2010-08-12,200,0.44999998807907104,0.44999998807907104,0.44999998807907104,0.44999998807907104,0.44999998807907104
2010-08-11,0,0.44999998807907104,0.44999998807907104,0.44999998807907104,0.44999998807907104,0.44999998807907104
2010-08-10,800,0.44999998807907104,0.44999998807907104,0.44999998807907104,0.44999998807907104,0.44999998807907104
2010-08-09,0,0.44999998807907104,0.44999998807907104,0.44999998807907104,0.44999998807907104,0.44999998807907104
2010-08-06,0,0.44999998807907104,0.44999998807907104,0.44999998807907104,0.44999998807907104,0.44999998807907104
2010-08-05,15800,0.44999998807907104,0.44999998807907104,0.44999998807907104,0.44999998807907104,0.44999998807907104
2010-08-04,14000,0.5,0.49000000953674316,0.5299999713897705,0.49000000953674316,0.49000000953674316
2010-08-03,2800,0.5099999904632568,0.5299999713897705,0.6499999761581421,0.5099999904632568,0.5299999713897705
2010-08-02,8000,0.550000011920929,0.5099999904632568,0.6790000200271606,0.5099999904632568,0.5099999904632568
2010-07-30,35100,0.4000000059604645,0.49000000953674316,0.6800000071525574,0.4000000059604645,0.49000000953674316
2010-07-29,13300,0.6000000238418579,0.550000011920929,0.6700000166893005,0.550000011920929,0.550000011920929
2010-07-28,0,0.6000000238418579,0.6000000238418579,0.6000000238418579,0.6000000238418579,0.6000000238418579
2010-07-27,80200,0.550000011920929,0.6000000238418579,0.8700000047683716,0.550000011920929,0.6000000238418579
2010-07-26,107900,0.4399999976158142,0.550000011920929,0.9890000224113464,0.4399999976158142,0.550000011920929
2010-07-23,57200,0.4399999976158142,0.4399999976158142,0.4399999976158142,0.4399999976158142,0.4399999976158142
2010-07-22,200,0.4399999976158142,0.4399999976158142,0.4399999976158142,0.4399999976158142,0.4399999976158142
2010-07-21,0,0.4399999976158142,0.4399999976158142,0.4399999976158142,0.4399999976158142,0.4399999976158142
2010-07-20,0,0.4399999976158142,0.4399999976158142,0.4399999976158142,0.4399999976158142,0.4399999976158142
2010-07-19,46400,0.41999998688697815,0.4399999976158142,0.4399999976158142,0.4000000059604645,0.4399999976158142
2010-07-16,6100,0.41999998688697815,0.41999998688697815,0.41999998688697815,0.41999998688697815,0.41999998688697815
2010-07-15,0,0.3799999952316284,0.3799999952316284,0.3799999952316284,0.3799999952316284,0.3799999952316284
2010-07-14,200,0.3799999952316284,0.3799999952316284,0.3799999952316284,0.3799999952316284,0.3799999952316284
2010-07-13,1000,0.3700000047683716,0.3700000047683716,0.3700000047683716,0.3700000047683716,0.3700000047683716
2010-07-12,1000,0.4000000059604645,0.4000000059604645,0.4000000059604645,0.4000000059604645,0.4000000059604645
2010-07-09,50200,0.36000001430511475,0.36000001430511475,0.36000001430511475,0.36000001430511475,0.36000001430511475
2010-07-08,144000,0.38999998569488525,0.3499999940395355,0.38999998569488525,0.3499999940395355,0.3499999940395355
2010-07-07,1000,0.3199999928474426,0.3199999928474426,0.3199999928474426,0.3199999928474426,0.3199999928474426
2010-07-06,2000,0.30000001192092896,0.30000001192092896,0.30000001192092896,0.30000001192092896,0.30000001192092896
2010-07-02,5800,0.3700000047683716,0.3100000023841858,0.3700000047683716,0.3100000023841858,0.3100000023841858
2010-07-01,26900,0.3109999895095825,0.3100000023841858,0.3199999928474426,0.3100000023841858,0.3100000023841858
2010-06-30,5000,0.3199999928474426,0.3199999928474426,0.3199999928474426,0.3199999928474426,0.3199999928474426
2010-06-29,0,0.3199999928474426,0.3199999928474426,0.3199999928474426,0.3199999928474426,0.3199999928474426
2010-06-28,13400,0.39500001072883606,0.3199999928474426,0.39500001072883606,0.3199999928474426,0.3199999928474426
2010-06-25,180900,0.30000001192092896,0.36000001430511475,0.4099999964237213,0.30000001192092896,0.36000001430511475
2010-06-24,21200,0.29100000858306885,0.28999999165534973,0.29100000858306885,0.28999999165534973,0.28999999165534973
2010-06-23,0,0.30000001192092896,0.30000001192092896,0.30000001192092896,0.30000001192092896,0.30000001192092896
2010-06-22,0,0.30000001192092896,0.30000001192092896,0.30000001192092896,0.30000001192092896,0.30000001192092896
2010-06-21,10000,0.30000001192092896,0.30000001192092896,0.30000001192092896,0.30000001192092896,0.30000001192092896
2010-06-18,12800,0.29100000858306885,0.30000001192092896,0.30000001192092896,0.29100000858306885,0.30000001192092896
2010-06-17,0,0.29100000858306885,0.29100000858306885,0.29100000858306885,0.29100000858306885,0.29100000858306885
2010-06-16,0,0.29100000858306885,0.29100000858306885,0.29100000858306885,0.29100000858306885,0.29100000858306885
2010-06-15,300,0.29100000858306885,0.29100000858306885,0.29100000858306885,0.29100000858306885,0.29100000858306885
2010-06-14,12900,0.3100000023841858,0.28999999165534973,0.3100000023841858,0.28999999165534973,0.28999999165534973
2010-06-11,0,0.28999999165534973,0.28999999165534973,0.28999999165534973,0.28999999165534973,0.28999999165534973
2010-06-10,0,0.28999999165534973,0.28999999165534973,0.28999999165534973,0.28999999165534973,0.28999999165534973
2010-06-09,6000,0.28999999165534973,0.28999999165534973,0.28999999165534973,0.28999999165534973,0.28999999165534973
2010-06-08,1800,0.29100000858306885,0.29100000858306885,0.29100000858306885,0.29100000858306885,0.29100000858306885
2010-06-07,7000,0.29100000858306885,0.28999999165534973,0.29100000858306885,0.28999999165534973,0.28999999165534973
2010-06-04,0,0.29100000858306885,0.29100000858306885,0.29100000858306885,0.29100000858306885,0.29100000858306885
2010-06-03,400,0.29100000858306885,0.29100000858306885,0.29100000858306885,0.29100000858306885,0.29100000858306885
2010-06-02,11000,0.29499998688697815,0.29100000858306885,0.29499998688697815,0.29100000858306885,0.29100000858306885
2010-06-01,0,0.29499998688697815,0.29499998688697815,0.29499998688697815,0.29499998688697815,0.29499998688697815
2010-05-28,300,0.29499998688697815,0.29499998688697815,0.29499998688697815,0.29499998688697815,0.29499998688697815
2010-05-27,0,0.29499998688697815,0.29499998688697815,0.29499998688697815,0.29499998688697815,0.29499998688697815
2010-05-26,21200,0.29499998688697815,0.29499998688697815,0.29499998688697815,0.29499998688697815,0.29499998688697815
2010-05-25,3300,0.30300000309944153,0.29499998688697815,0.3100000023841858,0.29499998688697815,0.29499998688697815
2010-05-24,3500,0.3100000023841858,0.3100000023841858,0.3100000023841858,0.3100000023841858,0.3100000023841858
2010-05-21,5700,0.30000001192092896,0.30000001192092896,0.30000001192092896,0.30000001192092896,0.30000001192092896
2010-05-20,1000,0.30000001192092896,0.30000001192092896,0.30000001192092896,0.30000001192092896,0.30000001192092896
2010-05-19,0,0.3100000023841858,0.3100000023841858,0.3100000023841858,0.3100000023841858,0.3100000023841858
2010-05-18,22100,0.29499998688697815,0.3100000023841858,0.3100000023841858,0.29499998688697815,0.3100000023841858
2010-05-17,0,0.29499998688697815,0.29499998688697815,0.29499998688697815,0.29499998688697815,0.29499998688697815
2010-05-14,8100,0.29499998688697815,0.29499998688697815,0.29499998688697815,0.29499998688697815,0.29499998688697815
2010-05-13,0,0.30000001192092896,0.30000001192092896,0.30000001192092896,0.30000001192092896,0.30000001192092896
2010-05-12,500,0.30000001192092896,0.30000001192092896,0.30000001192092896,0.30000001192092896,0.30000001192092896
2010-05-11,0,0.29499998688697815,0.29499998688697815,0.29499998688697815,0.29499998688697815,0.29499998688697815
2010-05-10,300,0.29499998688697815,0.29499998688697815,0.29499998688697815,0.29499998688697815,0.29499998688697815
2010-05-07,300,0.29499998688697815,0.29499998688697815,0.29499998688697815,0.29499998688697815,0.29499998688697815
2010-05-06,1000,0.29499998688697815,0.29499998688697815,0.29499998688697815,0.29499998688697815,0.29499998688697815
2010-05-05,600,0.29499998688697815,0.29499998688697815,0.29499998688697815,0.29499998688697815,0.29499998688697815
2010-05-04,2000,0.29499998688697815,0.29499998688697815,0.29499998688697815,0.29499998688697815,0.29499998688697815
2010-05-03,1000,0.29499998688697815,0.29499998688697815,0.29499998688697815,0.29499998688697815,0.29499998688697815
2010-04-30,1500,0.29499998688697815,0.29499998688697815,0.29499998688697815,0.29499998688697815,0.29499998688697815
2010-04-29,0,0.29499998688697815,0.29499998688697815,0.29499998688697815,0.29499998688697815,0.29499998688697815
2010-04-28,0,0.29499998688697815,0.29499998688697815,0.29499998688697815,0.29499998688697815,0.29499998688697815
2010-04-27,0,0.29499998688697815,0.29499998688697815,0.29499998688697815,0.29499998688697815,0.29499998688697815
2010-04-26,200,0.29499998688697815,0.29499998688697815,0.29499998688697815,0.29499998688697815,0.29499998688697815
2010-04-23,19300,0.30000001192092896,0.29100000858306885,0.30000001192092896,0.29100000858306885,0.29100000858306885
2010-04-22,27100,0.3199999928474426,0.3100000023841858,0.3199999928474426,0.3100000023841858,0.3100000023841858
2010-04-21,29600,0.30000001192092896,0.3199999928474426,0.33000001311302185,0.29100000858306885,0.3199999928474426
2010-04-20,0,0.29100000858306885,0.29100000858306885,0.29100000858306885,0.29100000858306885,0.29100000858306885
2010-04-19,1000,0.29100000858306885,0.29100000858306885,0.29100000858306885,0.29100000858306885,0.29100000858306885
2010-04-16,0,0.3199999928474426,0.3199999928474426,0.3199999928474426,0.3199999928474426,0.3199999928474426
2010-04-15,97800,0.29100000858306885,0.3199999928474426,0.3199999928474426,0.29100000858306885,0.3199999928474426
2010-04-14,1300,0.3100000023841858,0.29100000858306885,0.3100000023841858,0.29100000858306885,0.29100000858306885
2010-04-13,17900,0.30000001192092896,0.3199999928474426,0.3199999928474426,0.29100000858306885,0.3199999928474426
2010-04-12,46700,0.3199999928474426,0.29100000858306885,0.3199999928474426,0.29100000858306885,0.29100000858306885
2010-04-09,2000,0.3199999928474426,0.3199999928474426,0.3199999928474426,0.3199999928474426,0.3199999928474426
2010-04-08,100,0.3199999928474426,0.3199999928474426,0.3199999928474426,0.3199999928474426,0.3199999928474426
2010-04-07,0,0.33000001311302185,0.33000001311302185,0.33000001311302185,0.33000001311302185,0.33000001311302185
2010-04-06,13000,0.33000001311302185,0.33000001311302185,0.33000001311302185,0.33000001311302185,0.33000001311302185
2010-04-05,5000,0.33000001311302185,0.33000001311302185,0.33000001311302185,0.33000001311302185,0.33000001311302185
2010-04-01,400,0.3199999928474426,0.3199999928474426,0.3199999928474426,0.3199999928474426,0.3199999928474426
2010-03-31,12800,0.33000001311302185,0.3199999928474426,0.33000001311302185,0.3199999928474426,0.3199999928474426
2010-03-30,3100,0.3199999928474426,0.3199999928474426,0.3199999928474426,0.3199999928474426,0.3199999928474426
2010-03-29,11500,0.3199999928474426,0.33000001311302185,0.33000001311302185,0.3199999928474426,0.33000001311302185
2010-03-26,900,0.3199999928474426,0.3199999928474426,0.3199999928474426,0.3199999928474426,0.3199999928474426
2010-03-25,0,0.3199999928474426,0.3199999928474426,0.3199999928474426,0.3199999928474426,0.3199999928474426
2010-03-24,5200,0.33000001311302185,0.3199999928474426,0.33000001311302185,0.3199999928474426,0.3199999928474426
2010-03-23,4700,0.3199999928474426,0.32100000977516174,0.32100000977516174,0.3199999928474426,0.32100000977516174
2010-03-22,0,0.33000001311302185,0.33000001311302185,0.33000001311302185,0.33000001311302185,0.33000001311302185
2010-03-19,2800,0.3199999928474426,0.33000001311302185,0.33000001311302185,0.3199999928474426,0.33000001311302185
2010-03-18,300,0.3199999928474426,0.3199999928474426,0.3199999928474426,0.3199999928474426,0.3199999928474426
2010-03-17,0,0.3199999928474426,0.3199999928474426,0.3199999928474426,0.3199999928474426,0.3199999928474426
2010-03-16,16100,0.3199999928474426,0.3199999928474426,0.3199999928474426,0.3199999928474426,0.3199999928474426
2010-03-15,15400,0.3199999928474426,0.3199999928474426,0.3199999928474426,0.3199999928474426,0.3199999928474426
2010-03-12,2800,0.3199999928474426,0.3199999928474426,0.3199999928474426,0.3199999928474426,0.3199999928474426
2010-03-11,10700,0.33000001311302185,0.3199999928474426,0.33000001311302185,0.3199999928474426,0.3199999928474426
2010-03-10,0,0.3199999928474426,0.3199999928474426,0.3199999928474426,0.3199999928474426,0.3199999928474426
2010-03-09,15000,0.33000001311302185,0.3199999928474426,0.33000001311302185,0.3199999928474426,0.3199999928474426
2010-03-08,11500,0.33000001311302185,0.3199999928474426,0.33000001311302185,0.3199999928474426,0.3199999928474426
2010-03-05,0,0.3199999928474426,0.3199999928474426,0.3199999928474426,0.3199999928474426,0.3199999928474426
2010-03-04,6900,0.33000001311302185,0.3199999928474426,0.33000001311302185,0.3199999928474426,0.3199999928474426
2010-03-03,5000,0.3199999928474426,0.3199999928474426,0.3199999928474426,0.3199999928474426,0.3199999928474426
2010-03-02,1000,0.33000001311302185,0.3199999928474426,0.33000001311302185,0.3199999928474426,0.3199999928474426
2010-03-01,5000,0.3199999928474426,0.3199999928474426,0.3199999928474426,0.3199999928474426,0.3199999928474426
2010-02-26,10300,0.3400000035762787,0.33000001311302185,0.3400000035762787,0.33000001311302185,0.33000001311302185
2010-02-25,300,0.3199999928474426,0.3199999928474426,0.3199999928474426,0.3199999928474426,0.3199999928474426
2010-02-24,15000,0.3199999928474426,0.33000001311302185,0.33000001311302185,0.3199999928474426,0.33000001311302185
2010-02-23,27600,0.3400000035762787,0.33000001311302185,0.3400000035762787,0.3199999928474426,0.33000001311302185
2010-02-22,20000,0.3400000035762787,0.3400000035762787,0.3400000035762787,0.3400000035762787,0.3400000035762787
2010-02-19,0,0.3100000023841858,0.3100000023841858,0.3100000023841858,0.3100000023841858,0.3100000023841858
2010-02-18,53000,0.33000001311302185,0.3100000023841858,0.33000001311302185,0.3100000023841858,0.3100000023841858
2010-02-17,29500,0.3199999928474426,0.33000001311302185,0.33000001311302185,0.3100000023841858,0.33000001311302185
2010-02-16,1900,0.3100000023841858,0.3100000023841858,0.3100000023841858,0.3100000023841858,0.3100000023841858
2010-02-12,2000,0.3100000023841858,0.3100000023841858,0.3100000023841858,0.3100000023841858,0.3100000023841858
2010-02-11,1000,0.3199999928474426,0.3199999928474426,0.3199999928474426,0.3199999928474426,0.3199999928474426
2010-02-10,0,0.3100000023841858,0.3100000023841858,0.3100000023841858,0.3100000023841858,0.3100000023841858
2010-02-09,4800,0.3100000023841858,0.3100000023841858,0.3100000023841858,0.3100000023841858,0.3100000023841858
2010-02-08,0,0.3100000023841858,0.3100000023841858,0.3100000023841858,0.3100000023841858,0.3100000023841858
2010-02-05,24000,0.33000001311302185,0.3100000023841858,0.33000001311302185,0.3100000023841858,0.3100000023841858
2010-02-04,2300,0.3019999861717224,0.3019999861717224,0.3019999861717224,0.3019999861717224,0.3019999861717224
2010-02-03,4400,0.3009999990463257,0.3019999861717224,0.3019999861717224,0.3009999990463257,0.3019999861717224
2010-02-02,8700,0.31200000643730164,0.3100000023841858,0.31200000643730164,0.3100000023841858,0.3100000023841858
2010-02-01,0,0.31200000643730164,0.31200000643730164,0.31200000643730164,0.31200000643730164,0.31200000643730164
2010-01-29,200,0.31200000643730164,0.31200000643730164,0.31200000643730164,0.31200000643730164,0.31200000643730164
2010-01-28,0,0.31200000643730164,0.31200000643730164,0.31200000643730164,0.31200000643730164,0.31200000643730164
2010-01-27,12600,0.31200000643730164,0.31200000643730164,0.31200000643730164,0.31200000643730164,0.31200000643730164
2010-01-26,0,0.3109999895095825,0.3109999895095825,0.3109999895095825,0.3109999895095825,0.3109999895095825
2010-01-25,2900,0.3109999895095825,0.3109999895095825,0.3109999895095825,0.3109999895095825,0.3109999895095825
2010-01-22,30600,0.30000001192092896,0.3009999990463257,0.3199999928474426,0.29100000858306885,0.3009999990463257
2010-01-21,21000,0.3199999928474426,0.30000001192092896,0.3199999928474426,0.30000001192092896,0.30000001192092896
2010-01-20,17500,0.3199999928474426,0.3199999928474426,0.3199999928474426,0.3199999928474426,0.3199999928474426
2010-01-19,0,0.3199999928474426,0.3199999928474426,0.3199999928474426,0.3199999928474426,0.3199999928474426
2010-01-15,8600,0.3199999928474426,0.3199999928474426,0.3199999928474426,0.3199999928474426,0.3199999928474426
2010-01-14,300,0.3199999928474426,0.3199999928474426,0.3199999928474426,0.3199999928474426,0.3199999928474426
2010-01-13,61200,0.3149999976158142,0.3149999976158142,0.3199999928474426,0.3149999976158142,0.3149999976158142
2010-01-12,16200,0.32499998807907104,0.3199999928474426,0.32499998807907104,0.3199999928474426,0.3199999928474426
2010-01-11,26500,0.30399999022483826,0.32499998807907104,0.3499999940395355,0.30399999022483826,0.32499998807907104
2010-01-08,30400,0.3100000023841858,0.30399999022483826,0.3100000023841858,0.30300000309944153,0.30399999022483826
2010-01-07,7400,0.3019999861717224,0.30300000309944153,0.30300000309944153,0.3019999861717224,0.30300000309944153
2010-01-06,8200,0.33000001311302185,0.3009999990463257,0.33000001311302185,0.3009999990463257,0.3009999990463257
2010-01-05,1500,0.30000001192092896,0.30000001192092896,0.30000001192092896,0.30000001192092896,0.30000001192092896
2010-01-04,2000,0.29100000858306885,0.29100000858306885,0.29100000858306885,0.29100000858306885,0.29100000858306885
2009-12-31,11400,0.30000001192092896,0.30000001192092896,0.30000001192092896,0.30000001192092896,0.30000001192092896
2009-12-30,16800,0.29100000858306885,0.30000001192092896,0.30000001192092896,0.29100000858306885,0.30000001192092896
2009-12-29,2800,0.29100000858306885,0.29100000858306885,0.29100000858306885,0.29100000858306885,0.29100000858306885
2009-12-28,9800,0.30000001192092896,0.30000001192092896,0.30000001192092896,0.29100000858306885,0.30000001192092896
2009-12-24,2000,0.29100000858306885,0.29100000858306885,0.29100000858306885,0.29100000858306885,0.29100000858306885
2009-12-23,4500,0.29100000858306885,0.33000001311302185,0.33000001311302185,0.29100000858306885,0.33000001311302185
2009-12-22,10000,0.29600000381469727,0.29100000858306885,0.3100000023841858,0.29100000858306885,0.29100000858306885
2009-12-21,17000,0.2980000078678131,0.33000001311302185,0.33000001311302185,0.2980000078678131,0.33000001311302185
2009-12-18,16600,0.30000001192092896,0.3190000057220459,0.3190000057220459,0.30000001192092896,0.3190000057220459
2009-12-17,69400,0.30000001192092896,0.29499998688697815,0.3100000023841858,0.29100000858306885,0.29499998688697815
2009-12-16,31500,0.30000001192092896,0.3100000023841858,0.3100000023841858,0.30000001192092896,0.3100000023841858
2009-12-15,12800,0.29100000858306885,0.2980000078678131,0.30000001192092896,0.29100000858306885,0.2980000078678131
2009-12-14,13800,0.3199999928474426,0.30000001192092896,0.3199999928474426,0.30000001192092896,0.30000001192092896
2009-12-11,1200,0.3499999940395355,0.3149999976158142,0.3499999940395355,0.3149999976158142,0.3149999976158142
2009-12-10,24900,0.3499999940395355,0.3199999928474426,0.3499999940395355,0.3199999928474426,0.3199999928474426
2009-12-09,18600,0.3100000023841858,0.33000001311302185,0.33000001311302185,0.3100000023841858,0.33000001311302185
2009-12-08,6800,0.3100000023841858,0.33000001311302185,0.33000001311302185,0.3100000023841858,0.33000001311302185
2009-12-07,37500,0.30000001192092896,0.3100000023841858,0.3100000023841858,0.30000001192092896,0.3100000023841858
2009-12-04,66300,0.38999998569488525,0.3199999928474426,0.38999998569488525,0.3199999928474426,0.3199999928474426
2009-12-03,496600,0.4000000059604645,0.38999998569488525,0.4000000059604645,0.26499998569488525,0.38999998569488525
2009-12-02,95400,1.0299999713897705,1.0499999523162842,1.190000057220459,1.0299999713897705,0.31999990344047546
2009-12-01,78500,1.0399999618530273,1.0299999713897705,1.0499999523162842,1.0299999713897705,0.31390467286109924
2009-11-30,18100,1.0099999904632568,1.0299999713897705,1.0299999713897705,1.0099999904632568,0.31390467286109924
2009-11-27,3800,1.0,1.0299999713897705,1.0299999713897705,1.0,0.31390467286109924
2009-11-25,8600,1.0399999618530273,1.0099999904632568,1.0399999618530273,1.0099999904632568,0.307809442281723
2009-11-24,10900,1.0399999618530273,1.0399999618530273,1.0399999618530273,1.0010000467300415,0.31695228815078735
2009-11-23,17100,1.0,1.0399999618530273,1.0399999618530273,1.0,0.31695228815078735
2009-11-20,39400,0.9900000095367432,1.0,1.0199999809265137,0.9900000095367432,0.3047618269920349
2009-11-19,13000,0.9649999737739563,0.9700000286102295,0.9700000286102295,0.9459999799728394,0.2956189811229706
2009-11-18,56100,0.8650000095367432,0.9229999780654907,0.9700000286102295,0.8650000095367432,0.28129515051841736
2009-11-17,961300,0.9599999785423279,0.8999999761581421,1.0,0.8199999928474426,0.2742856442928314
2009-11-16,200,1.0199999809265137,1.0199999809265137,1.0199999809265137,1.0199999809265137,0.31085705757141113
2009-11-13,61600,0.9200000166893005,1.0399999618530273,1.0399999618530273,0.9200000166893005,0.31695228815078735
2009-11-12,118000,0.8600000143051147,0.949999988079071,0.9700000286102295,0.8500000238418579,0.289523720741272
2009-11-11,25300,0.949999988079071,0.9900000095367432,0.9900000095367432,0.949999988079071,0.3017142117023468
2009-11-10,19600,1.0,0.9800000190734863,1.0,0.9800000190734863,0.2986665964126587
2009-11-09,35300,0.9700000286102295,0.9700000286102295,1.0,0.9700000286102295,0.2956189811229706
2009-11-06,0,0.9800000190734863,0.9800000190734863,0.9800000190734863,0.9800000190734863,0.2986665964126587
2009-11-05,85200,0.9900000095367432,0.9800000190734863,0.9900000095367432,0.949999988079071,0.2986665964126587
2009-11-04,9400,0.9800000190734863,0.9829999804496765,1.0099999904632568,0.9800000190734863,0.2995808720588684
2009-11-03,62400,1.034999966621399,0.9700000286102295,1.0399999618530273,0.9700000286102295,0.2956189811229706
2009-11-02,1000,0.9900000095367432,0.9900000095367432,0.9900000095367432,0.9900000095367432,0.3017142117023468
2009-10-30,20100,1.0099999904632568,1.0,1.0099999904632568,0.9900000095367432,0.3047618269920349
2009-10-29,0,1.0099999904632568,1.0099999904632568,1.0099999904632568,1.0099999904632568,0.307809442281723
2009-10-28,11200,1.0199999809265137,1.0099999904632568,1.0199999809265137,1.0099999904632568,0.307809442281723
2009-10-27,16600,1.0099999904632568,1.0390000343322754,1.0390000343322754,1.0099999904632568,0.31664755940437317
2009-10-26,15200,1.0299999713897705,1.0099999904632568,1.0399999618530273,1.0099999904632568,0.307809442281723
2009-10-23,500,1.0099999904632568,1.0099999904632568,1.0099999904632568,1.0099999904632568,0.307809442281723
2009-10-22,4600,1.0099999904632568,1.0099999904632568,1.0099999904632568,1.0099999904632568,0.307809442281723
2009-10-21,1200,1.0099999904632568,1.0099999904632568,1.0099999904632568,1.0099999904632568,0.307809442281723
2009-10-20,0,1.0199999809265137,1.0199999809265137,1.0199999809265137,1.0199999809265137,0.31085705757141113
2009-10-19,16000,1.0099999904632568,1.0199999809265137,1.0199999809265137,1.0099999904632568,0.31085705757141113
2009-10-16,0,0.9200000166893005,0.9200000166893005,0.9200000166893005,0.9200000166893005,0.28038087487220764
2009-10-15,0,0.9200000166893005,0.9200000166893005,0.9200000166893005,0.9200000166893005,0.28038087487220764
2009-10-14,11900,1.0199999809265137,0.9200000166893005,1.0199999809265137,0.9200000166893005,0.28038087487220764
2009-10-13,7900,1.0099999904632568,1.0119999647140503,1.0199999809265137,1.0099999904632568,0.30841895937919617
2009-10-12,88000,1.0499999523162842,1.0499999523162842,1.0499999523162842,1.0499999523162842,0.31999990344047546
2009-10-09,0,1.0499999523162842,1.0499999523162842,1.0499999523162842,1.0499999523162842,0.31999990344047546
2009-10-08,4000,1.0499999523162842,1.0499999523162842,1.0499999523162842,1.0499999523162842,0.31999990344047546
2009-10-07,5700,1.0700000524520874,1.0499999523162842,1.0700000524520874,1.0499999523162842,0.31999990344047546
2009-10-06,31100,1.059999942779541,1.059999942779541,1.090000033378601,1.059999942779541,0.3230475187301636
2009-10-05,40000,1.0399999618530273,1.059999942779541,1.0700000524520874,1.0399999618530273,0.3230475187301636
2009-10-02,5000,1.0199999809265137,1.0399999618530273,1.059999942779541,1.0199999809265137,0.31695228815078735
2009-10-01,6700,0.9950000047683716,1.0299999713897705,1.0299999713897705,0.9950000047683716,0.31390467286109924
2009-09-30,3800,1.0099999904632568,0.9850000143051147,1.0099999904632568,0.9850000143051147,0.30019038915634155
2009-09-29,26700,1.1200000047683716,1.0299999713897705,1.1200000047683716,0.9599999785423279,0.31390467286109924
2009-09-28,10800,1.100000023841858,1.100000023841858,1.1200000047683716,1.100000023841858,0.3352380096912384
2009-09-25,33000,1.0399999618530273,1.0499999523162842,1.0499999523162842,1.0399999618530273,0.31999990344047546
2009-09-24,6900,1.0499999523162842,1.0499999523162842,1.0499999523162842,1.0499999523162842,0.31999990344047546
2009-09-23,0,1.059999942779541,1.059999942779541,1.059999942779541,1.059999942779541,0.3230475187301636
2009-09-22,25300,1.090000033378601,1.059999942779541,1.090000033378601,1.059999942779541,0.3230475187301636
2009-09-21,16800,1.090000033378601,1.100000023841858,1.100000023841858,1.059999942779541,0.3352380096912384
2009-09-18,21200,1.100000023841858,1.100000023841858,1.100000023841858,1.100000023841858,0.3352380096912384
2009-09-17,7000,1.149999976158142,1.100000023841858,1.149999976158142,1.100000023841858,0.3352380096912384
2009-09-16,9500,1.100000023841858,1.149999976158142,1.149999976158142,1.100000023841858,0.35047608613967896
2009-09-15,0,1.100000023841858,1.100000023841858,1.100000023841858,1.100000023841858,0.3352380096912384
2009-09-14,67800,1.090000033378601,1.100000023841858,1.1399999856948853,1.090000033378601,0.3352380096912384
2009-09-11,26400,1.090000033378601,1.090000033378601,1.090000033378601,1.090000033378601,0.3321903944015503
2009-09-10,9100,1.0800000429153442,1.090000033378601,1.090000033378601,1.0800000429153442,0.3321903944015503
2009-09-09,3000,1.0800000429153442,1.0800000429153442,1.0800000429153442,1.0800000429153442,0.3291427791118622
2009-09-08,10100,1.0499999523162842,1.0700000524520874,1.1100000143051147,1.0499999523162842,0.3260951638221741
2009-09-04,13400,1.0800000429153442,1.0399999618530273,1.0800000429153442,0.9200000166893005,0.31695228815078735
2009-09-03,85800,0.9750000238418579,1.0700000524520874,1.1399999856948853,0.9750000238418579,0.3260951638221741
2009-09-02,2000,0.8999999761581421,0.8999999761581421,0.9750000238418579,0.8999999761581421,0.2742856442928314
2009-09-01,1000,0.8999999761581421,0.8999999761581421,0.8999999761581421,0.8999999761581421,0.2742856442928314
2009-08-31,7000,0.9200000166893005,0.9200000166893005,0.9200000166893005,0.9200000166893005,0.28038087487220764
2009-08-28,28500,0.8999999761581421,0.8999999761581421,0.9100000262260437,0.8999999761581421,0.2742856442928314
2009-08-27,12900,0.8700000047683716,0.8999999761581421,0.8999999761581421,0.8700000047683716,0.2742856442928314
2009-08-26,12000,0.8700000047683716,0.8700000047683716,0.8999999761581421,0.8700000047683716,0.2651427984237671
2009-08-25,4100,0.9300000071525574,0.949999988079071,0.9750000238418579,0.9300000071525574,0.289523720741272
2009-08-24,33000,0.9100000262260437,0.949999988079071,0.9599999785423279,0.9100000262260437,0.289523720741272
2009-08-21,1000,0.8899999856948853,0.8899999856948853,0.8899999856948853,0.8899999856948853,0.2712380290031433
2009-08-20,0,0.9599999785423279,0.9599999785423279,0.9599999785423279,0.9599999785423279,0.2925713360309601
2009-08-19,11500,0.949999988079071,0.9599999785423279,0.9599999785423279,0.949999988079071,0.2925713360309601
2009-08-18,55200,0.9300000071525574,0.9300000071525574,0.9399999976158142,0.8999999761581421,0.28342849016189575
2009-08-17,0,0.9399999976158142,0.9399999976158142,0.9399999976158142,0.9399999976158142,0.28647610545158386
2009-08-14,0,0.9399999976158142,0.9399999976158142,0.9399999976158142,0.9399999976158142,0.28647610545158386
2009-08-13,200,0.9399999976158142,0.9399999976158142,0.9399999976158142,0.9399999976158142,0.28647610545158386
2009-08-12,0,0.9399999976158142,0.9399999976158142,0.9399999976158142,0.9399999976158142,0.28647610545158386
2009-08-11,0,0.9399999976158142,0.9399999976158142,0.9399999976158142,0.9399999976158142,0.28647610545158386
2009-08-10,2500,0.9399999976158142,0.9399999976158142,0.9399999976158142,0.9399999976158142,0.28647610545158386
2009-08-07,0,0.9599999785423279,0.9599999785423279,0.9599999785423279,0.9599999785423279,0.2925713360309601
2009-08-06,0,0.9599999785423279,0.9599999785423279,0.9599999785423279,0.9599999785423279,0.2925713360309601
2009-08-05,0,0.9599999785423279,0.9599999785423279,0.9599999785423279,0.9599999785423279,0.2925713360309601
2009-08-04,2600,0.9399999976158142,0.9599999785423279,0.9599999785423279,0.9010000228881836,0.2925713360309601
2009-08-03,5700,0.8999999761581421,0.9010000228881836,0.9010000228881836,0.8999999761581421,0.274590402841568
2009-07-31,0,0.8999999761581421,0.8999999761581421,0.8999999761581421,0.8999999761581421,0.2742856442928314
2009-07-30,10000,0.8999999761581421,0.8999999761581421,0.8999999761581421,0.8999999761581421,0.2742856442928314
2009-07-29,0,0.8999999761581421,0.8999999761581421,0.8999999761581421,0.8999999761581421,0.2742856442928314
2009-07-28,1500,0.8899999856948853,0.8999999761581421,0.8999999761581421,0.8899999856948853,0.2742856442928314
2009-07-27,11000,0.8999999761581421,0.8799999952316284,0.8999999761581421,0.8799999952316284,0.2681904137134552
2009-07-24,3100,0.8500000238418579,0.8600000143051147,0.8600000143051147,0.8500000238418579,0.262095183134079
2009-07-23,10600,0.8999999761581421,0.9700000286102295,0.9700000286102295,0.8600000143051147,0.2956189811229706
2009-07-22,26900,0.8799999952316284,0.9300000071525574,0.9300000071525574,0.8799999952316284,0.28342849016189575
2009-07-21,0,0.8799999952316284,0.8799999952316284,0.8799999952316284,0.8799999952316284,0.2681904137134552
2009-07-20,62000,0.8199999928474426,0.8799999952316284,0.8999999761581421,0.8199999928474426,0.2681904137134552
2009-07-17,1200,0.8999999761581421,0.8999999761581421,0.8999999761581421,0.8999999761581421,0.2742856442928314
2009-07-16,0,0.8700000047683716,0.8700000047683716,0.8700000047683716,0.8700000047683716,0.2651427984237671
2009-07-15,2600,0.8700000047683716,0.8700000047683716,0.8999999761581421,0.8700000047683716,0.2651427984237671
2009-07-14,100,0.8199999928474426,0.8199999928474426,0.8199999928474426,0.8199999928474426,0.24990469217300415
2009-07-13,18500,0.8700000047683716,0.8700000047683716,0.8700000047683716,0.8700000047683716,0.2651427984237671
2009-07-10,9800,0.8999999761581421,0.8500000238418579,0.8999999761581421,0.8500000238418579,0.25904756784439087
2009-07-09,13500,0.8199999928474426,0.8999999761581421,0.8999999761581421,0.8199999928474426,0.2742856442928314
2009-07-08,7400,0.8199999928474426,0.8999999761581421,0.8999999761581421,0.8199999928474426,0.2742856442928314
2009-07-07,23000,0.8999999761581421,0.8999999761581421,0.8999999761581421,0.8999999761581421,0.2742856442928314
2009-07-06,53500,0.8999999761581421,0.8999999761581421,0.8999999761581421,0.8999999761581421,0.2742856442928314
2009-07-02,9100,0.8999999761581421,0.8600000143051147,0.8999999761581421,0.8600000143051147,0.262095183134079
2009-07-01,0,0.8999999761581421,0.8999999761581421,0.8999999761581421,0.8999999761581421,0.2742856442928314
2009-06-30,0,0.8999999761581421,0.8999999761581421,0.8999999761581421,0.8999999761581421,0.2742856442928314
2009-06-29,0,0.8999999761581421,0.8999999761581421,0.8999999761581421,0.8999999761581421,0.2742856442928314
2009-06-26,0,0.8999999761581421,0.8999999761581421,0.8999999761581421,0.8999999761581421,0.2742856442928314
2009-06-25,22800,0.8999999761581421,0.8999999761581421,0.8999999761581421,0.8999999761581421,0.2742856442928314
2009-06-24,119400,0.8600000143051147,0.8999999761581421,0.8999999761581421,0.8600000143051147,0.2742856442928314
2009-06-23,36500,0.8999999761581421,0.8999999761581421,0.8999999761581421,0.8600000143051147,0.2742856442928314
2009-06-22,36000,0.8999999761581421,0.8999999761581421,0.9100000262260437,0.8999999761581421,0.2742856442928314
2009-06-19,6600,0.8600000143051147,0.8500000238418579,0.8600000143051147,0.8500000238418579,0.25904756784439087
2009-06-18,103800,0.8600000143051147,0.8999999761581421,0.8999999761581421,0.8600000143051147,0.2742856442928314
2009-06-17,0,0.8999999761581421,0.8999999761581421,0.8999999761581421,0.8999999761581421,0.2742856442928314
2009-06-16,5100,0.8799999952316284,0.8999999761581421,0.8999999761581421,0.8600000143051147,0.2742856442928314
2009-06-15,0,0.8500000238418579,0.8500000238418579,0.8500000238418579,0.8500000238418579,0.25904756784439087
2009-06-12,10000,0.8500000238418579,0.8500000238418579,0.8500000238418579,0.8500000238418579,0.25904756784439087
2009-06-11,18800,0.8999999761581421,0.8500000238418579,0.8999999761581421,0.7549999952316284,0.25904756784439087
2009-06-10,1100,0.8500000238418579,0.8999999761581421,0.8999999761581421,0.8500000238418579,0.2742856442928314
2009-06-09,500,0.8799999952316284,0.8500000238418579,0.8799999952316284,0.7799999713897705,0.25904756784439087
2009-06-08,8000,0.8799999952316284,0.8799999952316284,0.9200000166893005,0.8799999952316284,0.2681904137134552
2009-06-05,0,0.8799999952316284,0.8799999952316284,0.8799999952316284,0.8799999952316284,0.2681904137134552
2009-06-04,0,0.8799999952316284,0.8799999952316284,0.8799999952316284,0.8799999952316284,0.2681904137134552
2009-06-03,12700,0.8899999856948853,0.8799999952316284,0.8999999761581421,0.8799999952316284,0.2681904137134552
2009-06-02,3500,0.8799999952316284,0.8899999856948853,0.8899999856948853,0.8799999952316284,0.2712380290031433
2009-06-01,5200,0.8600000143051147,0.8600000143051147,0.8600000143051147,0.8600000143051147,0.262095183134079
2009-05-29,11000,0.8199999928474426,0.8500000238418579,0.8500000238418579,0.8199999928474426,0.25904756784439087
2009-05-28,17600,0.8299999833106995,0.8500000238418579,0.8600000143051147,0.8199999928474426,0.25904756784439087
2009-05-27,1100,0.8199999928474426,0.8199999928474426,0.8199999928474426,0.8199999928474426,0.24990469217300415
2009-05-26,2300,0.8199999928474426,0.8199999928474426,0.8199999928474426,0.8199999928474426,0.24990469217300415
2009-05-22,7200,0.7900000214576721,0.8199999928474426,0.8799999952316284,0.7900000214576721,0.24990469217300415
2009-05-21,1000,0.7900000214576721,0.7900000214576721,0.7900000214576721,0.7900000214576721,0.24076184630393982
2009-05-20,0,0.7699999809265137,0.7699999809265137,0.7699999809265137,0.7699999809265137,0.2346666008234024
2009-05-19,0,0.7699999809265137,0.7699999809265137,0.7699999809265137,0.7699999809265137,0.2346666008234024
2009-05-18,4600,0.7799999713897705,0.7699999809265137,0.800000011920929,0.7699999809265137,0.2346666008234024
2009-05-15,500,0.7699999809265137,0.7699999809265137,0.7699999809265137,0.7699999809265137,0.2346666008234024
2009-05-14,0,0.8500000238418579,0.8500000238418579,0.8500000238418579,0.8500000238418579,0.25904756784439087
2009-05-13,8900,0.7699999809265137,0.8500000238418579,0.8500000238418579,0.7699999809265137,0.25904756784439087
2009-05-12,3500,0.7599999904632568,0.7799999713897705,0.7799999713897705,0.7599999904632568,0.23771421611309052
2009-05-11,8100,0.7599999904632568,0.75,0.8199999928474426,0.75,0.22857137024402618
2009-05-08,7200,0.7599999904632568,0.7599999904632568,0.7599999904632568,0.7400000095367432,0.2316189855337143
2009-05-07,0,0.800000011920929,0.800000011920929,0.800000011920929,0.800000011920929,0.24380946159362793
2009-05-06,5500,0.800000011920929,0.800000011920929,0.800000011920929,0.7900000214576721,0.24380946159362793
2009-05-05,0,0.75,0.75,0.75,0.75,0.22857137024402618
2009-05-04,6700,0.7599999904632568,0.75,0.7599999904632568,0.75,0.22857137024402618
2009-05-01,0,0.7900000214576721,0.7900000214576721,0.7900000214576721,0.7900000214576721,0.24076184630393982
2009-04-30,5100,0.7900000214576721,0.7900000214576721,0.7900000214576721,0.7900000214576721,0.24076184630393982
2009-04-29,4000,0.8500000238418579,0.8199999928474426,0.8500000238418579,0.7900000214576721,0.24990469217300415
2009-04-28,3400,0.7799999713897705,0.7900000214576721,0.7900000214576721,0.7799999713897705,0.24076184630393982
2009-04-27,500,0.7900000214576721,0.7900000214576721,0.7900000214576721,0.7900000214576721,0.24076184630393982
2009-04-24,14000,0.8399999737739563,0.8600000143051147,0.8600000143051147,0.8299999833106995,0.262095183134079
2009-04-23,5700,0.7599999904632568,0.7699999809265137,0.7699999809265137,0.7599999904632568,0.2346666008234024
2009-04-22,2500,0.7599999904632568,0.7599999904632568,0.7599999904632568,0.7599999904632568,0.2316189855337143
2009-04-21,1000,0.75,0.75,0.75,0.75,0.22857137024402618
2009-04-20,3000,0.75,0.75,0.75,0.75,0.22857137024402618
2009-04-17,14600,0.75,0.75,0.75,0.699999988079071,0.22857137024402618
2009-04-16,1500,0.75,0.699999988079071,0.75,0.699999988079071,0.21333327889442444
2009-04-15,600,0.699999988079071,0.699999988079071,0.699999988079071,0.699999988079071,0.21333327889442444
2009-04-14,0,0.75,0.75,0.75,0.75,0.22857137024402618
2009-04-13,5000,0.75,0.75,0.75,0.75,0.22857137024402618
2009-04-09,6000,0.7099999785423279,0.6600000262260437,0.7099999785423279,0.6600000262260437,0.201142817735672
2009-04-08,7400,0.7099999785423279,0.699999988079071,0.7099999785423279,0.699999988079071,0.21333327889442444
2009-04-07,0,0.699999988079071,0.699999988079071,0.699999988079071,0.699999988079071,0.21333327889442444
2009-04-06,0,0.699999988079071,0.699999988079071,0.699999988079071,0.699999988079071,0.21333327889442444
2009-04-03,3000,0.699999988079071,0.699999988079071,0.699999988079071,0.699999988079071,0.21333327889442444
2009-04-02,1800,0.699999988079071,0.699999988079071,0.699999988079071,0.699999988079071,0.21333327889442444
2009-04-01,6000,0.75,0.75,0.75,0.7099999785423279,0.22857137024402618
2009-03-31,5000,0.7099999785423279,0.7099999785423279,0.7099999785423279,0.7099999785423279,0.21638089418411255
2009-03-30,0,0.7099999785423279,0.7099999785423279,0.7099999785423279,0.7099999785423279,0.21638089418411255
2009-03-27,1500,0.7099999785423279,0.7099999785423279,0.7099999785423279,0.7099999785423279,0.21638089418411255
2009-03-26,0,0.75,0.75,0.75,0.75,0.22857137024402618
2009-03-25,2200,0.75,0.75,0.75,0.75,0.22857137024402618
2009-03-24,12100,0.7099999785423279,0.7799999713897705,0.875,0.7099999785423279,0.23771421611309052
2009-03-23,3500,0.7400000095367432,0.7099999785423279,0.7400000095367432,0.7099999785423279,0.21638089418411255
2009-03-20,6000,0.7099999785423279,0.7099999785423279,0.7099999785423279,0.7099999785423279,0.21638089418411255
2009-03-19,500,0.7099999785423279,0.7099999785423279,0.7099999785423279,0.7099999785423279,0.21638089418411255
2009-03-18,4100,0.7599999904632568,0.7099999785423279,0.7599999904632568,0.7099999785423279,0.21638089418411255
2009-03-17,2500,0.7599999904632568,0.7599999904632568,0.7599999904632568,0.7599999904632568,0.2316189855337143
2009-03-16,3800,0.7200000286102295,0.75,0.75,0.7200000286102295,0.22857137024402618
2009-03-13,0,0.7099999785423279,0.7099999785423279,0.7099999785423279,0.7099999785423279,0.21638089418411255
2009-03-12,18200,0.6800000071525574,0.7099999785423279,0.7599999904632568,0.6800000071525574,0.21638089418411255
2009-03-11,11500,0.7099999785423279,0.7099999785423279,0.7799999713897705,0.7099999785423279,0.21638089418411255
2009-03-10,3400,0.6600000262260437,0.6600000262260437,0.6800000071525574,0.6600000262260437,0.201142817735672
2009-03-09,5300,0.6700000166893005,0.6600000262260437,0.6800000071525574,0.6600000262260437,0.201142817735672
2009-03-06,10600,0.6700000166893005,0.6700000166893005,0.6700000166893005,0.6700000166893005,0.2041904330253601
2009-03-05,1000,0.6000000238418579,0.6000000238418579,0.6000000238418579,0.6000000238418579,0.18285709619522095
2009-03-04,6500,0.6499999761581421,0.699999988079071,0.699999988079071,0.6499999761581421,0.21333327889442444
2009-03-03,18200,0.6100000143051147,0.699999988079071,0.699999988079071,0.6000000238418579,0.21333327889442444
2009-03-02,0,0.6100000143051147,0.6100000143051147,0.6100000143051147,0.6100000143051147,0.18590471148490906
2009-02-27,16400,0.6499999761581421,0.6100000143051147,0.6800000071525574,0.6100000143051147,0.18590471148490906
2009-02-26,4500,0.699999988079071,0.699999988079071,0.699999988079071,0.699999988079071,0.21333327889442444
2009-02-25,8400,0.7099999785423279,0.699999988079071,0.7099999785423279,0.6600000262260437,0.21333327889442444
2009-02-24,4000,0.699999988079071,0.699999988079071,0.699999988079071,0.699999988079071,0.21333327889442444
2009-02-23,10300,0.75,0.7200000286102295,0.75,0.7200000286102295,0.21942852437496185
2009-02-20,96900,0.550000011920929,0.75,0.8100000023841858,0.550000011920929,0.22857137024402618
2009-02-19,3200,0.47999998927116394,0.47999998927116394,0.47999998927116394,0.47999998927116394,0.14628566801548004
2009-02-18,56000,0.44999998807907104,0.5,0.6000000238418579,0.3499999940395355,0.15238091349601746
2009-02-17,1400,0.550000011920929,0.5,0.550000011920929,0.5,0.15238091349601746
2009-02-13,0,0.5099999904632568,0.5099999904632568,0.5099999904632568,0.5099999904632568,0.15542852878570557
2009-02-12,6000,0.6000000238418579,0.5099999904632568,0.6000000238418579,0.5099999904632568,0.15542852878570557
2009-02-11,0,0.6000000238418579,0.6000000238418579,0.6000000238418579,0.6000000238418579,0.18285709619522095
2009-02-10,1000,0.6000000238418579,0.6000000238418579,0.6000000238418579,0.6000000238418579,0.18285709619522095
2009-02-09,11800,0.6499999761581421,0.6000000238418579,0.6499999761581421,0.5099999904632568,0.18285709619522095
2009-02-06,800,0.6000000238418579,0.6000000238418579,0.6000000238418579,0.6000000238418579,0.18285709619522095
2009-02-05,3000,0.6000000238418579,0.6000000238418579,0.6000000238418579,0.6000000238418579,0.18285709619522095
2009-02-04,1500,0.6200000047683716,0.6000000238418579,0.6200000047683716,0.6000000238418579,0.18285709619522095
2009-02-03,600,0.6000000238418579,0.6000000238418579,0.6000000238418579,0.6000000238418579,0.18285709619522095
2009-02-02,2500,0.6499999761581421,0.6499999761581421,0.6499999761581421,0.6499999761581421,0.1980951875448227
2009-01-30,1900,0.6000000238418579,0.75,0.75,0.6000000238418579,0.22857137024402618
2009-01-29,0,0.6000000238418579,0.6000000238418579,0.6000000238418579,0.6000000238418579,0.18285709619522095
2009-01-28,0,0.6000000238418579,0.6000000238418579,0.6000000238418579,0.6000000238418579,0.18285709619522095
2009-01-27,0,0.6000000238418579,0.6000000238418579,0.6000000238418579,0.6000000238418579,0.18285709619522095
2009-01-26,0,0.6000000238418579,0.6000000238418579,0.6000000238418579,0.6000000238418579,0.18285709619522095
2009-01-23,0,0.6000000238418579,0.6000000238418579,0.6000000238418579,0.6000000238418579,0.18285709619522095
2009-01-22,500,0.6000000238418579,0.6000000238418579,0.6000000238418579,0.6000000238418579,0.18285709619522095
2009-01-21,0,0.6000000238418579,0.6000000238418579,0.6000000238418579,0.6000000238418579,0.18285709619522095
2009-01-20,7500,0.6100000143051147,0.6000000238418579,0.6100000143051147,0.6000000238418579,0.18285709619522095
2009-01-16,200,0.6100000143051147,0.6100000143051147,0.6100000143051147,0.6100000143051147,0.18590471148490906
2009-01-15,0,0.6499999761581421,0.6499999761581421,0.6499999761581421,0.6499999761581421,0.1980951875448227
2009-01-14,0,0.6499999761581421,0.6499999761581421,0.6499999761581421,0.6499999761581421,0.1980951875448227
2009-01-13,0,0.6499999761581421,0.6499999761581421,0.6499999761581421,0.6499999761581421,0.1980951875448227
2009-01-12,0,0.6499999761581421,0.6499999761581421,0.6499999761581421,0.6499999761581421,0.1980951875448227
2009-01-09,0,0.6499999761581421,0.6499999761581421,0.6499999761581421,0.6499999761581421,0.1980951875448227
2009-01-08,0,0.6499999761581421,0.6499999761581421,0.6499999761581421,0.6499999761581421,0.1980951875448227
2009-01-07,0,0.6499999761581421,0.6499999761581421,0.6499999761581421,0.6499999761581421,0.1980951875448227
2009-01-06,80000,0.6499999761581421,0.6499999761581421,0.6499999761581421,0.6499999761581421,0.1980951875448227
2009-01-05,5000,0.6499999761581421,0.6499999761581421,0.6499999761581421,0.6499999761581421,0.1980951875448227
2009-01-02,2500,0.6499999761581421,0.6499999761581421,0.6499999761581421,0.6499999761581421,0.1980951875448227
2008-12-31,12500,0.6100000143051147,0.6200000047683716,0.6499999761581421,0.6100000143051147,0.18895232677459717
2008-12-30,15900,0.6499999761581421,0.6499999761581421,0.6499999761581421,0.6000000238418579,0.1980951875448227
2008-12-29,2700,0.6499999761581421,0.6499999761581421,0.6499999761581421,0.6499999761581421,0.1980951875448227
2008-12-26,21000,0.6200000047683716,0.6399999856948853,0.6399999856948853,0.6200000047683716,0.19504757225513458
2008-12-24,6200,0.6000000238418579,0.6899999976158142,0.6899999976158142,0.6000000238418579,0.21028566360473633
2008-12-23,0,0.6700000166893005,0.6700000166893005,0.6700000166893005,0.6700000166893005,0.2041904330253601
2008-12-22,9600,0.6800000071525574,0.6700000166893005,0.6899999976158142,0.6700000166893005,0.2041904330253601
2008-12-19,12400,0.7300000190734863,0.6499999761581421,0.7300000190734863,0.6499999761581421,0.1980951875448227
2008-12-18,4500,0.7300000190734863,0.7300000190734863,0.7300000190734863,0.7300000190734863,0.22247613966464996
2008-12-17,2900,0.7099999785423279,0.7300000190734863,0.7300000190734863,0.7099999785423279,0.22247613966464996
2008-12-16,58200,0.7300000190734863,0.75,0.800000011920929,0.7099999785423279,0.22857137024402618
2008-12-15,500,1.0099999904632568,1.0099999904632568,1.0099999904632568,1.0099999904632568,0.307809442281723
2008-12-12,0,0.9900000095367432,0.9900000095367432,0.9900000095367432,0.9900000095367432,0.3017142117023468
2008-12-11,7400,0.9900000095367432,0.9900000095367432,0.9900000095367432,0.9900000095367432,0.3017142117023468
2008-12-10,14100,0.8999999761581421,0.8999999761581421,0.8999999761581421,0.8999999761581421,0.2742856442928314
2008-12-09,12600,0.8600000143051147,0.8799999952316284,0.8999999761581421,0.8600000143051147,0.2681904137134552
2008-12-08,2900,0.8500000238418579,0.8500000238418579,0.8500000238418579,0.8500000238418579,0.25904756784439087
2008-12-05,16200,0.8999999761581421,0.8899999856948853,0.8999999761581421,0.800000011920929,0.2712380290031433
2008-12-04,2000,0.8999999761581421,0.8999999761581421,0.8999999761581421,0.8999999761581421,0.2742856442928314
2008-12-03,500,0.8999999761581421,0.8999999761581421,0.8999999761581421,0.8999999761581421,0.2742856442928314
2008-12-02,6600,0.8500000238418579,0.8999999761581421,0.8999999761581421,0.8500000238418579,0.2742856442928314
2008-12-01,2000,0.8999999761581421,0.8999999761581421,0.8999999761581421,0.8999999761581421,0.2742856442928314
2008-11-28,5500,0.949999988079071,0.949999988079071,0.949999988079071,0.949999988079071,0.289523720741272
2008-11-26,15100,1.0,0.9800000190734863,1.0,0.9800000190734863,0.2986665964126587
2008-11-25,7000,1.0,1.0,1.0099999904632568,1.0,0.3047618269920349
2008-11-24,26000,0.8500000238418579,0.9800000190734863,0.9800000190734863,0.699999988079071,0.2986665964126587
2008-11-21,19500,0.75,0.8500000238418579,1.0199999809265137,0.75,0.25904756784439087
2008-11-20,35800,0.9100000262260437,0.9200000166893005,1.0099999904632568,0.9100000262260437,0.28038087487220764
2008-11-19,70700,1.100000023841858,1.0199999809265137,1.100000023841858,1.0099999904632568,0.31085705757141113
2008-11-18,36900,0.8500000238418579,1.059999942779541,1.059999942779541,0.8500000238418579,0.3230475187301636
2008-11-17,27900,1.0399999618530273,0.949999988079071,1.090000033378601,0.949999988079071,0.289523720741272
2008-11-14,4600,1.100000023841858,1.0399999618530273,1.100000023841858,1.0399999618530273,0.31695228815078735
2008-11-13,8500,1.0099999904632568,1.0099999904632568,1.0099999904632568,0.9599999785423279,0.307809442281723
2008-11-12,7300,0.949999988079071,1.0099999904632568,1.0499999523162842,0.949999988079071,0.307809442281723
2008-11-11,12400,1.149999976158142,0.925000011920929,1.25,0.925000011920929,0.2819046974182129
2008-11-10,15000,1.2999999523162842,1.25,1.2999999523162842,1.25,0.38095229864120483
2008-11-07,0,1.0399999618530273,1.0399999618530273,1.0399999618530273,1.0399999618530273,0.31695228815078735
2008-11-06,7600,1.25,1.0399999618530273,1.25,1.0199999809265137,0.31695228815078735
2008-11-05,36000,1.350000023841858,1.0499999523162842,1.350000023841858,1.0499999523162842,0.31999990344047546
2008-11-04,31800,1.2000000476837158,1.2999999523162842,1.2999999523162842,1.2000000476837158,0.3961903750896454
2008-11-03,4800,1.159999966621399,0.8999999761581421,1.159999966621399,0.8999999761581421,0.2742856442928314
2008-10-31,5500,1.149999976158142,1.159999966621399,1.25,1.0700000524520874,0.35352370142936707
2008-10-30,20000,1.0499999523162842,1.100000023841858,1.100000023841858,1.0499999523162842,0.3352380096912384
2008-10-29,3800,1.159999966621399,1.25,1.25,1.159999966621399,0.38095229864120483
2008-10-28,21500,1.2000000476837158,1.0499999523162842,1.2200000286102295,1.0099999904632568,0.31999990344047546
2008-10-27,9800,1.2000000476837158,1.0499999523162842,1.2200000286102295,0.800000011920929,0.31999990344047546
2008-10-24,28100,0.75,1.2000000476837158,1.2799999713897705,0.550000011920929,0.3657141923904419
2008-10-23,14000,1.3200000524520874,1.2599999904632568,1.350000023841858,1.190000057220459,0.38399991393089294
2008-10-22,22800,1.2999999523162842,1.2400000095367432,1.2999999523162842,1.2000000476837158,0.37790465354919434
2008-10-21,10600,1.25,1.2400000095367432,1.3600000143051147,1.2000000476837158,0.37790465354919434
2008-10-20,8200,1.149999976158142,1.2999999523162842,1.350000023841858,1.100000023841858,0.3961903750896454
2008-10-17,6900,1.2899999618530273,1.3600000143051147,1.3600000143051147,1.2899999618530273,0.41447609663009644
2008-10-16,6000,1.100000023841858,1.2200000286102295,1.2699999809265137,1.100000023841858,0.3718094229698181
2008-10-15,23400,1.2699999809265137,1.100000023841858,1.2699999809265137,1.100000023841858,0.3352380096912384
2008-10-14,9000,1.1799999475479126,1.2200000286102295,1.2699999809265137,1.1799999475479126,0.3718094229698181
2008-10-13,14100,1.0199999809265137,1.1699999570846558,1.1699999570846558,1.0099999904632568,0.3565713167190552
2008-10-10,111500,1.350000023841858,1.0099999904632568,1.3799999952316284,0.5099999904632568,0.307809442281723
2008-10-09,24300,1.3799999952316284,1.3300000429153442,1.399999976158142,1.3300000429153442,0.4053332507610321
2008-10-08,36600,1.5,1.3899999856948853,1.5,1.3899999856948853,0.42361894249916077
2008-10-07,16300,1.5499999523162842,1.5299999713897705,1.5499999523162842,1.5199999809265137,0.4662855863571167
2008-10-06,40900,1.649999976158142,1.559999942779541,1.649999976158142,1.559999942779541,0.47542843222618103
2008-10-03,6900,1.649999976158142,1.649999976158142,1.649999976158142,1.649999976158142,0.5028570294380188
2008-10-02,7600,1.6399999856948853,1.649999976158142,1.75,1.590000033378601,0.5028570294380188
2008-10-01,200,1.6200000047683716,1.6200000047683716,1.6200000047683716,1.6200000047683716,0.4937141537666321
2008-09-30,6100,1.5,1.559999942779541,1.75,1.5,0.47542843222618103
2008-09-29,23600,1.850000023841858,1.7400000095367432,1.850000023841858,1.5499999523162842,0.5302855968475342
2008-09-26,9000,2.0,1.850000023841858,2.0,1.850000023841858,0.5638093948364258
2008-09-25,12500,2.0,2.0,2.0299999713897705,2.0,0.6095236539840698
2008-09-24,5500,2.0,2.0,2.0,2.0,0.6095236539840698
2008-09-23,12800,2.009999990463257,2.0,2.0999999046325684,2.0,0.6095236539840698
2008-09-22,7800,1.9500000476837158,2.0,2.009999990463257,1.9500000476837158,0.6095236539840698
2008-09-19,11300,1.9500000476837158,1.899999976158142,2.0,1.899999976158142,0.579047441482544
2008-09-18,5300,1.9500000476837158,1.9500000476837158,1.9500000476837158,1.9500000476837158,0.5942855477333069
2008-09-17,14500,1.9500000476837158,1.9600000381469727,1.9600000381469727,1.899999976158142,0.5973331928253174
2008-09-16,15100,2.049999952316284,2.0,2.049999952316284,1.9500000476837158,0.6095236539840698
2008-09-15,25200,1.899999976158142,2.0,2.0,1.899999976158142,0.6095236539840698
2008-09-12,300,1.850000023841858,1.850000023841858,1.850000023841858,1.850000023841858,0.5638093948364258
2008-09-11,36100,1.899999976158142,1.9500000476837158,2.009999990463257,1.899999976158142,0.5942855477333069
2008-09-10,2300,2.0,2.0,2.0,1.9900000095367432,0.6095236539840698
2008-09-09,29700,2.0999999046325684,1.7999999523162842,2.0999999046325684,1.7999999523162842,0.5485712885856628
2008-09-08,5500,2.1500000953674316,2.1500000953674316,2.1500000953674316,2.0999999046325684,0.6552379727363586
2008-09-05,6900,2.049999952316284,2.0999999046325684,2.0999999046325684,1.899999976158142,0.6399998068809509
2008-09-04,13500,1.899999976158142,2.049999952316284,2.049999952316284,1.7799999713897705,0.6247617602348328
2008-09-03,200,1.899999976158142,1.899999976158142,1.899999976158142,1.899999976158142,0.579047441482544
2008-09-02,2100,1.899999976158142,1.899999976158142,1.899999976158142,1.899999976158142,0.579047441482544
2008-08-29,0,2.119999885559082,2.119999885559082,2.119999885559082,2.119999885559082,0.6460950374603271
2008-08-28,6000,2.0999999046325684,2.119999885559082,2.119999885559082,2.0999999046325684,0.6460950374603271
2008-08-27,4100,2.0,2.1500000953674316,2.1500000953674316,2.0,0.6552379727363586
2008-08-26,0,2.0,2.0,2.0,2.0,0.6095236539840698
2008-08-25,300,2.0,2.0,2.0,2.0,0.6095236539840698
2008-08-22,5200,2.0,1.9500000476837158,2.0,1.899999976158142,0.5942855477333069
2008-08-21,2700,2.0,2.0,2.0,2.0,0.6095236539840698
2008-08-20,8100,1.850000023841858,2.0,2.0,1.850000023841858,0.6095236539840698
2008-08-19,7900,1.850000023841858,1.7599999904632568,1.899999976158142,1.7599999904632568,0.5363808274269104
2008-08-18,1200,1.9500000476837158,1.899999976158142,1.9500000476837158,1.899999976158142,0.579047441482544
2008-08-15,4500,1.9900000095367432,1.899999976158142,1.9900000095367432,1.899999976158142,0.579047441482544
2008-08-14,700,2.0,2.0,2.0,2.0,0.6095236539840698
2008-08-13,800,2.0,2.0,2.0,2.0,0.6095236539840698
2008-08-12,2000,1.8799999952316284,2.0,2.0,1.8799999952316284,0.6095236539840698
2008-08-11,24700,1.8300000429153442,1.7999999523162842,1.850000023841858,1.7599999904632568,0.5485712885856628
2008-08-08,8300,1.7999999523162842,1.8300000429153442,1.8300000429153442,1.7599999904632568,0.5577141642570496
2008-08-07,6900,1.9900000095367432,1.75,2.0,1.75,0.5333331823348999
2008-08-06,9400,1.9700000286102295,1.9700000286102295,1.9900000095367432,1.9700000286102295,0.6003807783126831
2008-08-05,8300,1.9800000190734863,1.9700000286102295,1.9800000190734863,1.9700000286102295,0.6003807783126831
2008-08-04,26000,2.0199999809265137,2.009999990463257,2.049999952316284,1.9700000286102295,0.6125712990760803
2008-08-01,500,2.049999952316284,2.049999952316284,2.049999952316284,2.049999952316284,0.6247617602348328
2008-07-31,6100,1.9700000286102295,2.1500000953674316,2.1500000953674316,1.9700000286102295,0.6552379727363586
2008-07-30,500,2.0,2.0,2.0,2.0,0.6095236539840698
2008-07-29,0,2.049999952316284,2.049999952316284,2.049999952316284,2.049999952316284,0.6247617602348328
2008-07-28,700,2.0,2.049999952316284,2.049999952316284,2.0,0.6247617602348328
2008-07-25,0,2.0,2.0,2.0,2.0,0.6095236539840698
2008-07-24,18600,2.049999952316284,2.0,2.049999952316284,1.850000023841858,0.6095236539840698
2008-07-23,14600,2.4000000953674316,2.0199999809265137,2.4000000953674316,2.009999990463257,0.615618884563446
2008-07-22,10400,2.299999952316284,2.200000047683716,2.4000000953674316,2.200000047683716,0.6704760193824768
2008-07-21,100,2.4000000953674316,2.4000000953674316,2.4000000953674316,2.4000000953674316,0.7314283847808838
2008-07-18,5500,2.25,2.25,2.25,2.200000047683716,0.6857141256332397
2008-07-17,13800,2.450000047683716,2.2300000190734863,2.450000047683716,2.2300000190734863,0.6796188950538635
2008-07-16,2800,2.4000000953674316,2.450000047683716,2.450000047683716,2.4000000953674316,0.7466664910316467
2008-07-15,0,2.5999999046325684,2.5999999046325684,2.5999999046325684,2.5999999046325684,0.7923807501792908
2008-07-14,300,2.5999999046325684,2.5999999046325684,2.5999999046325684,2.5999999046325684,0.7923807501792908
2008-07-11,2400,2.549999952316284,2.549999952316284,2.5799999237060547,2.450000047683716,0.7771426439285278
2008-07-10,0,2.549999952316284,2.549999952316284,2.549999952316284,2.549999952316284,0.7771426439285278
2008-07-09,300,2.3499999046325684,2.549999952316284,2.549999952316284,2.3499999046325684,0.7771426439285278
2008-07-08,5900,2.2200000286102295,2.4200000762939453,2.4200000762939453,2.2200000286102295,0.73752361536026
2008-07-07,23500,2.450000047683716,2.25,2.450000047683716,2.200000047683716,0.6857141256332397
2008-07-03,11400,2.549999952316284,2.5999999046325684,2.5999999046325684,2.2100000381469727,0.7923807501792908
2008-07-02,8100,2.755000114440918,2.6600000858306885,2.755000114440918,2.5799999237060547,0.8106665015220642
2008-07-01,11000,2.75,2.6500000953674316,2.75,2.549999952316284,0.8076188564300537
2008-06-30,9400,2.6540000438690186,2.799999952316284,2.799999952316284,2.640000104904175,0.8533331155776978
2008-06-27,2200,2.700000047683716,2.75,2.75,2.700000047683716,0.8380950093269348
2008-06-26,8800,2.8499999046325684,2.700000047683716,2.8499999046325684,2.5999999046325684,0.8228569626808167
2008-06-25,17900,3.0,2.940000057220459,3.0,2.9000000953674316,0.8959997892379761
2008-06-24,17400,3.0,3.0,3.049999952316284,2.950000047683716,0.9142854809761047
2008-06-23,20600,2.75,3.0,3.0,2.75,0.9142854809761047
2008-06-20,7100,2.8499999046325684,2.75,2.8499999046325684,2.690000057220459,0.8380950093269348
2008-06-19,5800,2.869999885559082,2.8499999046325684,2.9700000286102295,2.8499999046325684,0.8685711622238159
2008-06-18,4900,2.990000009536743,2.8499999046325684,2.990000009536743,2.8499999046325684,0.8685711622238159
2008-06-17,11100,2.950000047683716,2.950000047683716,2.990000009536743,2.950000047683716,0.8990473747253418
2008-06-16,10100,2.9000000953674316,2.8499999046325684,2.940000057220459,2.8499999046325684,0.8685711622238159
2008-06-13,3700,2.9000000953674316,2.9000000953674316,2.9000000953674316,2.890000104904175,0.8838093280792236
2008-06-12,12700,2.9000000953674316,2.9000000953674316,2.9000000953674316,2.9000000953674316,0.8838093280792236
2008-06-11,7600,2.7300000190734863,2.8499999046325684,2.8499999046325684,2.7300000190734863,0.8685711622238159
2008-06-10,5600,2.740000009536743,2.7300000190734863,2.740000009536743,2.7300000190734863,0.8319997787475586
2008-06-09,5500,2.759999990463257,2.700000047683716,2.759999990463257,2.700000047683716,0.8228569626808167
2008-06-06,22700,2.609999895095825,2.7699999809265137,2.940000057220459,2.609999895095825,0.844190239906311
2008-06-05,15700,2.700000047683716,2.799999952316284,2.8499999046325684,2.5999999046325684,0.8533331155776978
2008-06-04,8800,2.9000000953674316,2.700000047683716,2.9000000953674316,2.5999999046325684,0.8228569626808167
2008-06-03,17000,2.930000066757202,2.6500000953674316,2.950000047683716,2.5399999618530273,0.8076188564300537
2008-06-02,8800,2.619999885559082,2.8499999046325684,2.8499999046325684,2.3499999046325684,0.8685711622238159
2008-05-30,15300,2.6600000858306885,2.799999952316284,2.799999952316284,2.5999999046325684,0.8533331155776978
2008-05-29,4700,2.5999999046325684,2.549999952316284,2.5999999046325684,2.549999952316284,0.7771426439285278
2008-05-28,21600,2.75,2.6700000762939453,2.75,2.5,0.8137140870094299
2008-05-27,27600,2.8499999046325684,2.799999952316284,3.049999952316284,2.799999952316284,0.8533331155776978
2008-05-23,20900,2.700000047683716,2.9000000953674316,2.9000000953674316,2.700000047683716,0.8838093280792236
2008-05-22,32100,3.0250000953674316,2.7100000381469727,3.049999952316284,2.700000047683716,0.8259045481681824
2008-05-21,118300,2.740000009536743,3.0,3.119999885559082,2.7100000381469727,0.9142854809761047
2008-05-20,114400,2.450000047683716,2.740000009536743,2.740000009536743,2.380000114440918,0.8350474238395691
2008-05-19,15900,2.299999952316284,2.490000009536743,2.5999999046325684,2.2899999618530273,0.7588569521903992
2008-05-16,24100,2.3399999141693115,2.299999952316284,2.450000047683716,2.299999952316284,0.7009521722793579
2008-05-15,2900,2.509999990463257,2.4000000953674316,2.509999990463257,2.4000000953674316,0.7314283847808838
2008-05-14,5300,2.5,2.5,2.549999952316284,2.5,0.7619045972824097
2008-05-13,2700,2.3399999141693115,2.369999885559082,2.4000000953674316,2.3399999141693115,0.7222855091094971
2008-05-12,10200,2.5,2.5,2.509999990463257,2.5,0.7619045972824097
2008-05-09,4900,2.430000066757202,2.5,2.5,2.4000000953674316,0.7619045972824097
2008-05-08,7300,2.5399999618530273,2.5399999618530273,2.5399999618530273,2.5399999618530273,0.7740950584411621
2008-05-07,2100,2.430000066757202,2.640000104904175,2.640000104904175,2.430000066757202,0.804571270942688
2008-05-06,2200,2.5399999618530273,2.5399999618530273,2.5399999618530273,2.430000066757202,0.7740950584411621
2008-05-05,25600,2.549999952316284,2.5399999618530273,2.680000066757202,2.5399999618530273,0.7740950584411621
2008-05-02,9900,2.4000000953674316,2.5199999809265137,2.5199999809265137,2.3399999141693115,0.7679998278617859
2008-05-01,4800,2.450000047683716,2.4000000953674316,2.4700000286102295,2.4000000953674316,0.7314283847808838
2008-04-30,6600,2.509999990463257,2.450000047683716,2.509999990463257,2.450000047683716,0.7466664910316467
2008-04-29,4000,2.4700000286102295,2.509999990463257,2.559999942779541,2.450000047683716,0.7649521827697754
2008-04-28,37200,2.490000009536743,2.4800000190734863,2.640000104904175,2.4800000190734863,0.7558093070983887
2008-04-25,6900,2.3499999046325684,2.4000000953674316,2.4000000953674316,2.3499999046325684,0.7314283847808838
2008-04-24,3500,2.299999952316284,2.3299999237060547,2.3299999237060547,2.299999952316284,0.7100950479507446
2008-04-23,7100,2.25,2.299999952316284,2.299999952316284,2.25,0.7009521722793579
2008-04-22,25000,2.0999999046325684,2.25,2.299999952316284,2.0999999046325684,0.6857141256332397
2008-04-21,6500,2.240000009536743,2.200000047683716,2.240000009536743,2.200000047683716,0.6704760193824768
2008-04-18,13400,2.240000009536743,2.2200000286102295,2.240000009536743,2.0,0.676571249961853
2008-04-17,1500,2.1600000858306885,2.200000047683716,2.25,2.1600000858306885,0.6704760193824768
2008-04-16,10100,2.25,2.200000047683716,2.25,2.1500000953674316,0.6704760193824768
2008-04-15,0,2.1500000953674316,2.1500000953674316,2.1500000953674316,2.1500000953674316,0.6552379727363586
2008-04-14,21900,2.0199999809265137,2.1500000953674316,2.1500000953674316,2.0199999809265137,0.6552379727363586
2008-04-11,4800,2.0199999809265137,2.0,2.0199999809265137,2.0,0.6095236539840698
2008-04-10,3000,2.0,2.0199999809265137,2.0199999809265137,2.0,0.615618884563446
2008-04-09,32500,1.9900000095367432,2.0,2.0,1.8899999856948853,0.6095236539840698
2008-04-08,2000,1.9800000190734863,1.9800000190734863,1.9800000190734863,1.9800000190734863,0.6034284234046936
2008-04-07,9300,1.8799999952316284,1.9900000095367432,1.9900000095367432,1.8799999952316284,0.6064760088920593
2008-04-04,2400,1.9800000190734863,1.899999976158142,1.9800000190734863,1.899999976158142,0.579047441482544
2008-04-03,12500,1.850000023841858,1.909999966621399,2.049999952316284,1.850000023841858,0.5820950865745544
2008-04-02,3900,1.8200000524520874,2.0,2.0,1.8200000524520874,0.6095236539840698
2008-04-01,2000,2.0,2.0,2.0,2.0,0.6095236539840698
2008-03-31,37100,2.069999933242798,1.9500000476837158,2.069999933242798,1.6579999923706055,0.5942855477333069
2008-03-28,6300,2.049999952316284,2.049999952316284,2.049999952316284,2.0,0.6247617602348328
2008-03-27,100,2.240000009536743,2.240000009536743,2.240000009536743,2.240000009536743,0.6826664805412292
2008-03-26,7400,2.049999952316284,2.049999952316284,2.119999885559082,2.0,0.6247617602348328
2008-03-25,4200,2.0,2.0999999046325684,2.0999999046325684,2.0,0.6399998068809509
2008-03-24,13500,2.069999933242798,2.069999933242798,2.069999933242798,2.0,0.630856990814209
2008-03-20,3200,2.119999885559082,2.069999933242798,2.119999885559082,2.069999933242798,0.630856990814209
2008-03-19,2700,2.25,2.1500000953674316,2.25,2.069999933242798,0.6552379727363586
2008-03-18,9400,2.25,2.3499999046325684,2.3499999046325684,2.1500000953674316,0.7161902785301208
2008-03-17,6100,2.4100000858306885,2.25,2.4100000858306885,2.25,0.6857141256332397
2008-03-14,2600,2.450000047683716,2.450000047683716,2.450000047683716,2.450000047683716,0.7466664910316467
2008-03-13,3000,2.200000047683716,2.3399999141693115,2.450000047683716,2.200000047683716,0.7131426334381104
2008-03-12,600,2.450000047683716,2.440000057220459,2.450000047683716,2.440000057220459,0.7436188459396362
2008-03-11,5000,2.299999952316284,2.4200000762939453,2.4200000762939453,2.299999952316284,0.73752361536026
2008-03-10,3000,2.299999952316284,2.299999952316284,2.299999952316284,2.299999952316284,0.7009521722793579
2008-03-07,10800,2.5,2.4000000953674316,2.549999952316284,2.4000000953674316,0.7314283847808838
2008-03-06,12200,2.5,2.549999952316284,2.549999952316284,2.5,0.7771426439285278
2008-03-05,17000,2.309999942779541,2.5,2.549999952316284,2.309999942779541,0.7619045972824097
2008-03-04,9800,2.4000000953674316,2.369999885559082,2.4000000953674316,2.309999942779541,0.7222855091094971
2008-03-03,2300,2.4000000953674316,2.309999942779541,2.4000000953674316,2.309999942779541,0.7039998173713684
2008-02-29,200,2.380000114440918,2.4000000953674316,2.4000000953674316,2.380000114440918,0.7314283847808838
2008-02-28,17600,2.140000104904175,2.3399999141693115,2.3399999141693115,2.140000104904175,0.7131426334381104
2008-02-27,1000,2.140000104904175,2.140000104904175,2.140000104904175,2.140000104904175,0.6521903276443481
2008-02-26,1400,2.200000047683716,2.25,2.25,2.200000047683716,0.6857141256332397
2008-02-25,7500,2.180000066757202,2.200000047683716,2.200000047683716,2.140000104904175,0.6704760193824768
2008-02-22,7700,2.059999942779541,2.0999999046325684,2.0999999046325684,2.0,0.6399998068809509
2008-02-21,16100,2.1500000953674316,2.049999952316284,2.1500000953674316,2.049999952316284,0.6247617602348328
2008-02-20,13900,2.1700000762939453,2.1500000953674316,2.1700000762939453,2.049999952316284,0.6552379727363586
2008-02-19,6600,2.109999895095825,2.1500000953674316,2.1500000953674316,2.109999895095825,0.6552379727363586
2008-02-15,3000,2.119999885559082,2.1500000953674316,2.1700000762939453,2.119999885559082,0.6552379727363586
2008-02-14,4500,2.0999999046325684,2.119999885559082,2.119999885559082,2.0999999046325684,0.6460950374603271
2008-02-13,7100,2.049999952316284,2.0799999237060547,2.0799999237060547,2.0,0.6339045763015747
2008-02-12,13500,2.130000114440918,2.119999885559082,2.1500000953674316,2.049999952316284,0.6460950374603271
2008-02-11,6600,2.190000057220459,2.2100000381469727,2.2200000286102295,2.190000057220459,0.6735236644744873
2008-02-08,2400,2.2200000286102295,2.119999885559082,2.2200000286102295,2.119999885559082,0.6460950374603271
2008-02-07,900,2.0999999046325684,2.0999999046325684,2.0999999046325684,2.0999999046325684,0.6399998068809509
2008-02-06,4500,2.049999952316284,2.0999999046325684,2.0999999046325684,2.049999952316284,0.6399998068809509
2008-02-05,1800,2.200000047683716,2.0999999046325684,2.200000047683716,2.0999999046325684,0.6399998068809509
2008-02-04,0,2.25,2.25,2.25,2.25,0.6857141256332397
2008-02-01,6800,2.049999952316284,2.25,2.25,2.049999952316284,0.6857141256332397
2008-01-31,7500,2.049999952316284,2.049999952316284,2.0999999046325684,2.049999952316284,0.6247617602348328
2008-01-30,2300,2.0999999046325684,2.119999885559082,2.119999885559082,2.049999952316284,0.6460950374603271
2008-01-29,300,2.049999952316284,2.0999999046325684,2.0999999046325684,2.049999952316284,0.6399998068809509
2008-01-28,20000,2.0199999809265137,2.0899999141693115,2.0999999046325684,2.0199999809265137,0.6369522213935852
2008-01-25,11900,2.049999952316284,2.130000114440918,2.1500000953674316,2.0199999809265137,0.6491427421569824
2008-01-24,5700,2.009999990463257,2.049999952316284,2.049999952316284,2.009999990463257,0.6247617602348328
2008-01-23,13100,2.009999990463257,2.0490000247955322,2.049999952316284,2.0,0.6244570016860962
2008-01-22,16000,2.0999999046325684,2.0,2.0999999046325684,2.0,0.6095236539840698
2008-01-18,11900,2.049999952316284,2.1500000953674316,2.1500000953674316,2.049999952316284,0.6552379727363586
2008-01-17,15400,2.200000047683716,2.200000047683716,2.200000047683716,2.1500000953674316,0.6704760193824768
2008-01-16,3000,2.25,2.380000114440918,2.390000104904175,2.25,0.7253331542015076
2008-01-15,12500,2.119999885559082,2.4000000953674316,2.4000000953674316,2.119999885559082,0.7314283847808838
2008-01-14,18300,2.1500000953674316,2.4200000762939453,2.4200000762939453,2.0399999618530273,0.73752361536026
2008-01-11,5500,2.0799999237060547,2.1500000953674316,2.1500000953674316,2.0799999237060547,0.6552379727363586
2008-01-10,19200,2.140000104904175,2.1500000953674316,2.180000066757202,2.0209999084472656,0.6552379727363586
2008-01-09,10400,2.140000104904175,2.240000009536743,2.259999990463257,2.140000104904175,0.6826664805412292
2008-01-08,8200,2.119999885559082,2.190000057220459,2.2899999618530273,2.119999885559082,0.6674284338951111
2008-01-07,0,2.2200000286102295,2.2200000286102295,2.2200000286102295,2.2200000286102295,0.676571249961853
2008-01-04,900,2.2209999561309814,2.2200000286102295,2.2209999561309814,2.2200000286102295,0.676571249961853
2008-01-03,2300,2.2200000286102295,2.2899999618530273,2.2899999618530273,2.2200000286102295,0.6979045867919922
2008-01-02,14200,2.25,2.2899999618530273,2.2899999618530273,2.25,0.6979045867919922
2007-12-31,21700,2.200000047683716,2.130000114440918,2.25,2.059999942779541,0.6491427421569824
2007-12-28,6300,2.1500000953674316,2.200000047683716,2.25,2.1500000953674316,0.6704760193824768
2007-12-27,18300,2.25,2.0999999046325684,2.25,2.0999999046325684,0.6399998068809509
2007-12-26,4700,2.25,2.240000009536743,2.25,2.240000009536743,0.6826664805412292
2007-12-24,3000,2.1500000953674316,2.2300000190734863,2.2300000190734863,2.1500000953674316,0.6796188950538635
2007-12-21,2400,2.1500000953674316,2.200000047683716,2.200000047683716,2.0999999046325684,0.6704760193824768
2007-12-20,17400,2.200000047683716,2.200000047683716,2.200000047683716,2.109999895095825,0.6704760193824768
2007-12-19,1700,2.200000047683716,2.200000047683716,2.25,2.200000047683716,0.6704760193824768
2007-12-18,500,2.25,2.25,2.25,2.25,0.6857141256332397
2007-12-17,7800,2.2200000286102295,2.2200000286102295,2.2899999618530273,2.2200000286102295,0.676571249961853
2007-12-14,4100,2.2300000190734863,2.25,2.25,2.2300000190734863,0.6857141256332397
2007-12-13,10700,2.2699999809265137,2.2200000286102295,2.2699999809265137,2.2200000286102295,0.676571249961853
2007-12-12,11600,2.299999952316284,2.3499999046325684,2.3499999046325684,2.25,0.7161902785301208
2007-12-11,27900,2.259999990463257,2.3499999046325684,2.3499999046325684,2.0999999046325684,0.7161902785301208
2007-12-10,30400,2.359999895095825,2.2899999618530273,2.359999895095825,2.2200000286102295,0.6979045867919922
2007-12-07,23900,2.4000000953674316,2.4000000953674316,2.450000047683716,2.309999942779541,0.7314283847808838
2007-12-06,26500,2.4000000953674316,2.450000047683716,2.450000047683716,2.309999942779541,0.7466664910316467
2007-12-05,10100,2.549999952316284,2.450000047683716,2.549999952316284,2.4200000762939453,0.7466664910316467
2007-12-04,3900,2.549999952316284,2.5799999237060547,2.5999999046325684,2.549999952316284,0.7862855195999146
2007-12-03,20800,2.809999942779541,2.5999999046325684,2.809999942779541,2.4200000762939453,0.7923807501792908
2007-11-30,5800,2.799999952316284,2.8499999046325684,2.950000047683716,2.799999952316284,0.8685711622238159
2007-11-29,2500,2.809999942779541,2.9100000858306885,2.9100000858306885,2.759999990463257,0.8868569135665894
2007-11-28,0,2.950000047683716,2.950000047683716,2.950000047683716,2.950000047683716,0.8990473747253418
2007-11-27,5000,3.0,2.950000047683716,3.0,2.75,0.8990473747253418
2007-11-26,10800,3.0,2.950000047683716,3.0,2.950000047683716,0.8990473747253418
2007-11-23,7900,2.799999952316284,2.869999885559082,2.880000114440918,2.75,0.8746663928031921
2007-11-21,3400,2.880000114440918,2.880000114440918,2.880000114440918,2.75,0.8777140974998474
2007-11-20,13700,3.0,2.8499999046325684,3.049999952316284,2.75,0.8685711622238159
2007-11-19,2200,2.9200000762939453,2.950000047683716,2.950000047683716,2.9200000762939453,0.8990473747253418
2007-11-16,300,2.9100000858306885,3.049999952316284,3.049999952316284,2.9100000858306885,0.9295235872268677
2007-11-15,5600,3.0199999809265137,3.0999999046325684,3.119999885559082,2.9000000953674316,0.9447616338729858
2007-11-14,13600,3.0799999237060547,3.0199999809265137,3.1600000858306885,2.859999895095825,0.920380711555481
2007-11-13,8400,3.1500000953674316,3.0399999618530273,3.1500000953674316,3.0,0.9264759421348572
2007-11-12,8100,3.109999895095825,3.0999999046325684,3.119999885559082,3.0999999046325684,0.9447616338729858
2007-11-09,7500,3.240000009536743,3.1600000858306885,3.240000009536743,3.1600000858306885,0.9630473852157593
2007-11-08,9100,3.200000047683716,3.1700000762939453,3.200000047683716,3.1600000858306885,0.9660950303077698
2007-11-07,2900,3.2799999713897705,3.2100000381469727,3.2799999713897705,3.2100000381469727,0.9782854914665222
2007-11-06,18000,3.130000114440918,3.2799999713897705,3.2799999713897705,3.130000114440918,0.9996187686920166
2007-11-05,3200,3.200000047683716,3.119999885559082,3.200000047683716,3.119999885559082,0.9508568644523621
2007-11-02,4100,3.1700000762939453,3.1600000858306885,3.180000066757202,3.1600000858306885,0.9630473852157593
2007-11-01,5500,3.1500000953674316,3.180000066757202,3.2799999713897705,3.1500000953674316,0.9691426157951355
2007-10-31,9600,3.1500000953674316,3.1500000953674316,3.200000047683716,3.119999885559082,0.9599997997283936
2007-10-30,8900,3.1700000762939453,3.109999895095825,3.1700000762939453,3.109999895095825,0.9478092789649963
2007-10-29,7600,3.1500000953674316,3.1600000858306885,3.299999952316284,3.1500000953674316,0.9630473852157593
2007-10-26,4100,3.1500000953674316,3.200000047683716,3.200000047683716,3.1500000953674316,0.9752378463745117
2007-10-25,1400,3.1700000762939453,3.1500000953674316,3.1700000762939453,3.1500000953674316,0.9599997997283936
2007-10-24,4700,3.180000066757202,3.180000066757202,3.180000066757202,3.1500000953674316,0.9691426157951355
2007-10-23,1900,3.1600000858306885,3.180000066757202,3.180000066757202,3.1600000858306885,0.9691426157951355
2007-10-22,800,3.200000047683716,3.1500000953674316,3.200000047683716,3.1500000953674316,0.9599997997283936
2007-10-19,13200,3.319999933242798,3.1500000953674316,3.319999933242798,3.1500000953674316,0.9599997997283936
2007-10-18,15700,3.2799999713897705,3.359999895095825,3.450000047683716,3.2799999713897705,1.0239996910095215
2007-10-17,200,3.2799999713897705,3.2200000286102295,3.2799999713897705,3.2200000286102295,0.9813330769538879
2007-10-16,11600,3.190000057220459,3.2799999713897705,3.2799999713897705,3.190000057220459,0.9996187686920166
2007-10-15,13100,3.1600000858306885,3.190000057220459,3.240000009536743,3.1500000953674316,0.972190260887146
2007-10-12,9200,3.299999952316284,3.1600000858306885,3.299999952316284,3.0999999046325684,0.9630473852157593
2007-10-11,5500,3.390000104904175,3.299999952316284,3.390000104904175,3.299999952316284,1.0057140588760376
2007-10-10,5100,3.299999952316284,3.390000104904175,3.390000104904175,3.299999952316284,1.0331425666809082
2007-10-09,26500,3.1500000953674316,3.299999952316284,3.299999952316284,3.1500000953674316,1.0057140588760376
2007-10-08,8000,3.200000047683716,3.200000047683716,3.200000047683716,3.1700000762939453,0.9752378463745117
2007-10-05,10500,3.1500000953674316,3.200000047683716,3.2200000286102295,3.0999999046325684,0.9752378463745117
2007-10-04,4600,3.190000057220459,3.1500000953674316,3.200000047683716,3.130000114440918,0.9599997997283936
2007-10-03,5300,3.1500000953674316,3.190000057220459,3.190000057220459,3.119999885559082,0.972190260887146
2007-10-02,4700,3.119999885559082,3.1500000953674316,3.1500000953674316,3.119999885559082,0.9599997997283936
2007-10-01,8600,3.1500000953674316,3.119999885559082,3.200000047683716,3.0,0.9508568644523621
2007-09-28,11400,3.2200000286102295,3.25,3.2899999618530273,3.1600000858306885,0.9904759526252747
2007-09-27,3800,3.240000009536743,3.180000066757202,3.2699999809265137,3.180000066757202,0.9691426157951355
2007-09-26,7800,3.0999999046325684,3.0999999046325684,3.1600000858306885,3.0999999046325684,0.9447616338729858
2007-09-25,3200,3.240000009536743,3.1600000858306885,3.240000009536743,3.1600000858306885,0.9630473852157593
2007-09-24,4900,3.1500000953674316,3.240000009536743,3.240000009536743,3.0999999046325684,0.9874283075332642
2007-09-21,16400,3.25,3.109999895095825,3.2699999809265137,3.0999999046325684,0.9478092789649963
2007-09-20,24300,3.0999999046325684,3.1700000762939453,3.25,3.0999999046325684,0.9660950303077698
2007-09-19,12000,3.1500000953674316,3.130000114440918,3.25,3.119999885559082,0.9539045691490173
2007-09-18,11800,3.240000009536743,3.200000047683716,3.299999952316284,3.119999885559082,0.9752378463745117
2007-09-17,2400,3.180000066757202,3.2200000286102295,3.2200000286102295,3.180000066757202,0.9813330769538879
2007-09-14,1800,3.25,3.1600000858306885,3.25,3.119999885559082,0.9630473852157593
2007-09-13,9200,3.2799999713897705,3.1500000953674316,3.2799999713897705,3.119999885559082,0.9599997997283936
2007-09-12,7000,3.25,3.3499999046325684,3.3499999046325684,3.25,1.0209521055221558
2007-09-11,1200,3.0999999046325684,3.25,3.25,3.0999999046325684,0.9904759526252747
2007-09-10,1300,3.0999999046325684,3.200000047683716,3.200000047683716,3.0999999046325684,0.9752378463745117
2007-09-07,6600,3.0999999046325684,3.1500000953674316,3.1500000953674316,3.0999999046325684,0.9599997997283936
2007-09-06,12800,3.109999895095825,3.1500000953674316,3.1500000953674316,3.109999895095825,0.9599997997283936
2007-09-05,900,3.0999999046325684,3.200000047683716,3.200000047683716,3.0999999046325684,0.9752378463745117
2007-09-04,900,3.109999895095825,3.200000047683716,3.200000047683716,3.109999895095825,0.9752378463745117
2007-08-31,3100,3.25,3.1500000953674316,3.25,3.0999999046325684,0.9599997997283936
2007-08-30,2100,3.0999999046325684,3.0999999046325684,3.1500000953674316,3.0999999046325684,0.9447616338729858
2007-08-29,23600,3.200000047683716,3.25,3.25,3.0999999046325684,0.9904759526252747
2007-08-28,12000,3.0999999046325684,3.200000047683716,3.200000047683716,3.0999999046325684,0.9752378463745117
2007-08-27,12000,3.119999885559082,3.200000047683716,3.200000047683716,3.119999885559082,0.9752378463745117
2007-08-24,5200,3.25,3.25,3.25,3.0999999046325684,0.9904759526252747
2007-08-23,3100,3.4000000953674316,3.1500000953674316,3.4000000953674316,3.0999999046325684,0.9599997997283936
2007-08-22,9000,3.3499999046325684,3.4000000953674316,3.4000000953674316,3.25,1.0361902713775635
2007-08-21,3000,3.3499999046325684,3.3499999046325684,3.3499999046325684,3.25,1.0209521055221558
2007-08-20,600,3.0999999046325684,3.3499999046325684,3.3499999046325684,3.0999999046325684,1.0209521055221558
2007-08-17,9500,3.1600000858306885,3.3499999046325684,3.3499999046325684,3.109999895095825,1.0209521055221558
2007-08-16,5500,3.450000047683716,3.1700000762939453,3.450000047683716,3.1600000858306885,0.9660950303077698
2007-08-15,4100,3.3499999046325684,3.2699999809265137,3.450000047683716,3.2699999809265137,0.9965711832046509
2007-08-14,4800,3.450000047683716,3.4000000953674316,3.450000047683716,3.25,1.0361902713775635
2007-08-13,7400,3.0999999046325684,3.4000000953674316,3.4000000953674316,3.0999999046325684,1.0361902713775635
2007-08-10,51100,3.2799999713897705,3.200000047683716,3.2799999713897705,2.9700000286102295,0.9752378463745117
2007-08-09,800,3.3499999046325684,3.3499999046325684,3.390000104904175,3.3499999046325684,1.0209521055221558
2007-08-08,2200,3.299999952316284,3.299999952316284,3.390000104904175,3.259999990463257,1.0057140588760376
2007-08-07,1600,3.200000047683716,3.25,3.25,3.200000047683716,0.9904759526252747
2007-08-06,7500,3.200000047683716,3.25,3.25,3.1500000953674316,0.9904759526252747
2007-08-03,18100,3.3499999046325684,3.200000047683716,3.3499999046325684,3.200000047683716,0.9752378463745117
2007-08-02,1700,3.3499999046325684,3.4200000762939453,3.4200000762939453,3.3499999046325684,1.042285442352295
2007-08-01,6400,3.4800000190734863,3.4200000762939453,3.4800000190734863,3.3399999141693115,1.042285442352295
2007-07-31,10100,3.2300000190734863,3.490000009536743,3.5,3.2300000190734863,1.063618779182434
2007-07-30,8800,3.319999933242798,3.5,3.5,3.319999933242798,1.0666663646697998
2007-07-27,8500,3.299999952316284,3.490000009536743,3.490000009536743,3.2200000286102295,1.063618779182434
2007-07-26,12700,3.4800000190734863,3.4700000286102295,3.4800000190734863,3.309999942779541,1.057523488998413
2007-07-25,22100,3.5199999809265137,3.4800000190734863,3.5199999809265137,3.4800000190734863,1.0605711936950684
2007-07-24,15400,3.609999895095825,3.5199999809265137,3.609999895095825,3.5199999809265137,1.0727616548538208
2007-07-23,8200,3.680000066757202,3.609999895095825,3.7300000190734863,3.609999895095825,1.1001901626586914
2007-07-20,900,3.6600000858306885,3.7300000190734863,3.7300000190734863,3.6600000858306885,1.1367616653442383
2007-07-19,4300,3.700000047683716,3.700000047683716,3.700000047683716,3.6500000953674316,1.1276187896728516
2007-07-18,1000,3.75,3.75,3.75,3.75,1.1428568363189697
2007-07-17,15500,3.809999942779541,3.759999990463257,3.819999933242798,3.75,1.1459044218063354
2007-07-16,1500,3.700000047683716,3.75,3.799999952316284,3.700000047683716,1.1428568363189697
2007-07-13,42200,3.700000047683716,3.759999990463257,3.799999952316284,3.5999999046325684,1.1459044218063354
2007-07-12,7400,3.799999952316284,3.75,3.799999952316284,3.700000047683716,1.1428568363189697
2007-07-11,5000,3.8499999046325684,3.799999952316284,3.8499999046325684,3.799999952316284,1.158094882965088
2007-07-10,12400,3.700000047683716,3.799999952316284,3.8499999046325684,3.700000047683716,1.158094882965088
2007-07-09,9600,3.609999895095825,3.75,3.75,3.609999895095825,1.1428568363189697
2007-07-06,3400,3.609999895095825,3.75,3.75,3.609999895095825,1.1428568363189697
2007-07-05,13100,3.75,3.75,3.869999885559082,3.75,1.1428568363189697
2007-07-03,10800,3.799999952316284,3.799999952316284,3.8499999046325684,3.759999990463257,1.158094882965088
2007-07-02,5500,3.700000047683716,3.8499999046325684,3.8499999046325684,3.700000047683716,1.1733330488204956
2007-06-29,5100,3.75,3.7100000381469727,3.8499999046325684,3.700000047683716,1.1306663751602173
2007-06-28,5100,3.8499999046325684,3.799999952316284,3.8499999046325684,3.700000047683716,1.158094882965088
2007-06-27,19400,3.5199999809265137,3.8499999046325684,3.8499999046325684,3.5199999809265137,1.1733330488204956
2007-06-26,23800,3.75,3.5199999809265137,3.75,3.509999990463257,1.0727616548538208
2007-06-25,9100,3.619999885559082,3.619999885559082,3.75,3.549999952316284,1.1032377481460571
2007-06-22,8700,3.6500000953674316,3.6500000953674316,3.6500000953674316,3.5999999046325684,1.1123807430267334
2007-06-21,3100,3.75,3.7100000381469727,3.75,3.630000114440918,1.1306663751602173
2007-06-20,2000,3.740000009536743,3.8499999046325684,3.8499999046325684,3.740000009536743,1.1733330488204956
2007-06-19,1800,3.75,3.75,3.799999952316284,3.75,1.1428568363189697
2007-06-18,29800,3.890000104904175,3.700000047683716,3.890000104904175,3.5399999618530273,1.1276187896728516
2007-06-15,4000,3.700000047683716,3.890000104904175,3.890000104904175,3.700000047683716,1.185523509979248
2007-06-14,4200,3.75,3.700000047683716,3.75,3.5999999046325684,1.1276187896728516
2007-06-13,10200,3.8299999237060547,3.75,3.8299999237060547,3.5999999046325684,1.1428568363189697
2007-06-12,1000,3.8299999237060547,3.819999933242798,3.8299999237060547,3.819999933242798,1.1641901731491089
2007-06-11,2500,3.8299999237060547,3.8299999237060547,3.8299999237060547,3.8299999237060547,1.1672377586364746
2007-06-08,19200,3.859999895095825,3.700000047683716,3.9000000953674316,3.6700000762939453,1.1276187896728516
2007-06-07,49000,3.940000057220459,3.869999885559082,3.940000057220459,3.799999952316284,1.179428219795227
2007-06-06,68600,3.930000066757202,3.940000057220459,3.950000047683716,3.9000000953674316,1.2007615566253662
2007-06-05,31900,3.7899999618530273,3.869999885559082,3.940000057220459,3.7200000286102295,1.179428219795227
2007-06-04,53800,3.630000114440918,3.75,3.75,3.5299999713897705,1.1428568363189697
2007-06-01,21400,3.6500000953674316,3.630000114440918,3.6500000953674316,3.4100000858306885,1.1062854528427124
2007-05-31,73100,3.190000057220459,3.5999999046325684,3.680000066757202,3.190000057220459,1.0971425771713257
2007-05-30,10400,3.0999999046325684,3.180000066757202,3.190000057220459,3.069999933242798,0.9691426157951355
2007-05-29,8600,3.190000057220459,3.0999999046325684,3.190000057220459,3.0999999046325684,0.9447616338729858
2007-05-25,6700,3.2300000190734863,3.0999999046325684,3.2300000190734863,3.0999999046325684,0.9447616338729858
2007-05-24,16800,3.309999942779541,3.2300000190734863,3.309999942779541,3.2300000190734863,0.9843807220458984
2007-05-23,10300,3.25,3.2699999809265137,3.319999933242798,3.2200000286102295,0.9965711832046509
2007-05-22,46700,3.119999885559082,3.2200000286102295,3.259999990463257,3.0999999046325684,0.9813330769538879
2007-05-21,42000,2.9800000190734863,3.130000114440918,3.130000114440918,2.880000114440918,0.9539045691490173
2007-05-18,11800,2.9000000953674316,2.9800000190734863,2.9800000190734863,2.890000104904175,0.9081902503967285
2007-05-17,8700,2.880000114440918,2.9000000953674316,2.9000000953674316,2.880000114440918,0.8838093280792236
2007-05-16,10200,2.890000104904175,2.880000114440918,2.9000000953674316,2.880000114440918,0.8777140974998474
2007-05-15,18000,2.9000000953674316,2.88100004196167,2.9000000953674316,2.869999885559082,0.878018856048584
2007-05-14,11900,2.819999933242798,2.9000000953674316,2.9000000953674316,2.799999952316284,0.8838093280792236
2007-05-11,8900,2.859999895095825,2.819999933242798,2.859999895095825,2.799999952316284,0.859428346157074
2007-05-10,5800,2.799999952316284,2.8399999141693115,2.859999895095825,2.799999952316284,0.8655235767364502
2007-05-09,2000,2.859999895095825,2.859999895095825,2.859999895095825,2.859999895095825,0.8716188073158264
2007-05-08,1100,2.9200000762939453,2.8399999141693115,2.9200000762939453,2.799999952316284,0.8655235767364502
2007-05-07,20100,2.799999952316284,2.9000000953674316,2.950000047683716,2.799999952316284,0.8838093280792236
2007-05-04,13100,2.799999952316284,2.9000000953674316,2.950000047683716,2.799999952316284,0.8838093280792236
2007-05-03,22300,2.700000047683716,2.799999952316284,2.8499999046325684,2.6600000858306885,0.8533331155776978
2007-05-02,6000,2.7799999713897705,2.75,2.7899999618530273,2.6500000953674316,0.8380950093269348
2007-05-01,27100,2.75,2.75,2.75,2.75,0.8380950093269348
2007-04-30,7400,2.75,2.75,2.799999952316284,2.75,0.8380950093269348
2007-04-27,2100,2.75,2.8499999046325684,2.8499999046325684,2.75,0.8685711622238159
2007-04-26,1000,2.8499999046325684,2.8499999046325684,2.8499999046325684,2.8499999046325684,0.8685711622238159
2007-04-25,3300,2.6500000953674316,2.8499999046325684,2.8499999046325684,2.6500000953674316,0.8685711622238159
2007-04-24,1700,2.8499999046325684,2.8499999046325684,2.8499999046325684,2.75,0.8685711622238159
2007-04-23,5000,2.75,2.8499999046325684,2.8499999046325684,2.75,0.8685711622238159
2007-04-20,1500,2.799999952316284,2.75,2.799999952316284,2.619999885559082,0.8380950093269348
2007-04-19,3500,2.799999952316284,2.8499999046325684,2.8499999046325684,2.799999952316284,0.8685711622238159
2007-04-18,5500,2.819999933242798,2.8499999046325684,2.8499999046325684,2.7799999713897705,0.8685711622238159
2007-04-17,7400,2.799999952316284,2.819999933242798,2.819999933242798,2.759999990463257,0.859428346157074
2007-04-16,21900,2.700000047683716,2.799999952316284,2.799999952316284,2.700000047683716,0.8533331155776978
2007-04-13,4900,2.700000047683716,2.75,2.75,2.700000047683716,0.8380950093269348
2007-04-12,24100,2.5999999046325684,2.6500000953674316,2.700000047683716,2.5999999046325684,0.8076188564300537
2007-04-11,3800,2.549999952316284,2.5999999046325684,2.5999999046325684,2.5299999713897705,0.7923807501792908
2007-04-10,13200,2.6500000953674316,2.549999952316284,2.6500000953674316,2.5,0.7771426439285278
2007-04-09,14700,2.700000047683716,2.6500000953674316,2.700000047683716,2.549999952316284,0.8076188564300537
2007-04-05,7100,2.700000047683716,2.680000066757202,2.75,2.680000066757202,0.8167617321014404
2007-04-04,16400,2.5,2.700000047683716,2.700000047683716,2.5,0.8228569626808167
2007-04-03,5600,2.5299999713897705,2.5,2.5299999713897705,2.4200000762939453,0.7619045972824097
2007-04-02,35900,2.5899999141693115,2.5,2.5899999141693115,2.4100000858306885,0.7619045972824097
2007-03-30,14900,2.490000009536743,2.5899999141693115,2.5899999141693115,2.490000009536743,0.7893331050872803
2007-03-29,9900,2.549999952316284,2.4800000190734863,2.549999952316284,2.4800000190734863,0.7558093070983887
2007-03-28,5400,2.5899999141693115,2.549999952316284,2.5899999141693115,2.5199999809265137,0.7771426439285278
2007-03-27,30000,2.4000000953674316,2.5,2.5,2.4000000953674316,0.7619045972824097
2007-03-26,12900,2.440000057220459,2.4000000953674316,2.5,2.359999895095825,0.7314283847808838
2007-03-23,6700,2.4700000286102295,2.5,2.5,2.440000057220459,0.7619045972824097
2007-03-22,2600,2.4800000190734863,2.5,2.5,2.4800000190734863,0.7619045972824097
2007-03-21,10100,2.5799999237060547,2.5299999713897705,2.5999999046325684,2.5299999713897705,0.7710474133491516
2007-03-20,9100,2.4800000190734863,2.5399999618530273,2.5899999141693115,2.4800000190734863,0.7740950584411621
2007-03-19,5500,2.359999895095825,2.450000047683716,2.4800000190734863,2.359999895095825,0.7466664910316467
2007-03-16,7800,2.380000114440918,2.4000000953674316,2.4000000953674316,2.3499999046325684,0.7314283847808838
2007-03-15,3200,2.259999990463257,2.380000114440918,2.380000114440918,2.259999990463257,0.7253331542015076
2007-03-14,13700,2.2750000953674316,2.2699999809265137,2.299999952316284,2.25,0.691809356212616
2007-03-13,9300,2.450000047683716,2.299999952316284,2.450000047683716,2.25,0.7009521722793579
2007-03-12,28200,2.259999990463257,2.490000009536743,2.490000009536743,2.25,0.7588569521903992
2007-03-09,19000,2.240000009536743,2.2799999713897705,2.2799999713897705,2.2300000190734863,0.6948569416999817
2007-03-08,32800,2.25,2.240000009536743,2.2799999713897705,2.2300000190734863,0.6826664805412292
2007-03-07,10200,2.3499999046325684,2.259999990463257,2.3499999046325684,2.25,0.6887617111206055
2007-03-06,24900,2.299999952316284,2.3499999046325684,2.380000114440918,2.2799999713897705,0.7161902785301208
2007-03-05,20500,2.359999895095825,2.259999990463257,2.380000114440918,2.259999990463257,0.6887617111206055
2007-03-02,23600,2.5399999618530273,2.380000114440918,2.5399999618530273,2.380000114440918,0.7253331542015076
2007-03-01,11700,2.5899999141693115,2.5899999141693115,2.5899999141693115,2.5399999618530273,0.7893331050872803
2007-02-28,18800,2.6600000858306885,2.5999999046325684,2.6600000858306885,2.549999952316284,0.7923807501792908
2007-02-27,10600,2.630000114440918,2.6500000953674316,2.6500000953674316,2.5999999046325684,0.8076188564300537
2007-02-26,4300,2.6700000762939453,2.6600000858306885,2.6700000762939453,2.5999999046325684,0.8106665015220642
2007-02-23,24400,2.700000047683716,2.700000047683716,2.700000047683716,2.6500000953674316,0.8228569626808167
2007-02-22,23300,2.640000104904175,2.7200000286102295,2.7200000286102295,2.609999895095825,0.8289521932601929
2007-02-21,24900,2.700000047683716,2.640000104904175,2.700000047683716,2.640000104904175,0.804571270942688
2007-02-20,19400,2.609999895095825,2.75,2.8399999141693115,2.609999895095825,0.8380950093269348
2007-02-16,8800,2.700000047683716,2.700000047683716,2.700000047683716,2.680000066757202,0.8228569626808167
2007-02-15,11900,2.799999952316284,2.700000047683716,2.819999933242798,2.700000047683716,0.8228569626808167
2007-02-14,29700,2.799999952316284,2.75,2.8499999046325684,2.75,0.8380950093269348
2007-02-13,18400,2.700000047683716,2.740000009536743,2.799999952316284,2.700000047683716,0.8350474238395691
2007-02-12,8800,2.759999990463257,2.6500000953674316,2.759999990463257,2.609999895095825,0.8076188564300537
2007-02-09,13900,2.8499999046325684,2.75,2.8499999046325684,2.7100000381469727,0.8380950093269348
2007-02-08,500,2.8399999141693115,2.8399999141693115,2.8399999141693115,2.8399999141693115,0.8655235767364502
2007-02-07,10200,2.880000114440918,2.8499999046325684,2.880000114440918,2.8499999046325684,0.8685711622238159
2007-02-06,12400,2.809999942779541,2.869999885559082,2.9000000953674316,2.809999942779541,0.8746663928031921
2007-02-05,29000,2.799999952316284,2.799999952316284,2.930000066757202,2.799999952316284,0.8533331155776978
2007-02-02,7300,2.8399999141693115,2.8399999141693115,2.8450000286102295,2.8399999141693115,0.8655235767364502
2007-02-01,22100,2.8499999046325684,2.8499999046325684,2.880000114440918,2.799999952316284,0.8685711622238159
2007-01-31,16000,2.9000000953674316,2.9200000762939453,2.9200000762939453,2.8399999141693115,0.8899045586585999
2007-01-30,26000,2.8399999141693115,2.9000000953674316,2.9000000953674316,2.75,0.8838093280792236
2007-01-29,19000,2.7899999618530273,2.799999952316284,2.819999933242798,2.75,0.8533331155776978
2007-01-26,0,2.869999885559082,2.869999885559082,2.869999885559082,2.869999885559082,0.8746663928031921
2007-01-25,4400,2.9000000953674316,2.869999885559082,2.9000000953674316,2.8499999046325684,0.8746663928031921
2007-01-24,1400,2.950000047683716,2.950000047683716,2.950000047683716,2.950000047683716,0.8990473747253418
2007-01-23,21700,2.990000009536743,2.950000047683716,3.0,2.869999885559082,0.8990473747253418
2007-01-22,32700,2.859999895095825,2.990000009536743,2.990000009536743,2.8499999046325684,0.9112378358840942
2007-01-19,11500,2.799999952316284,2.869999885559082,2.869999885559082,2.75,0.8746663928031921
2007-01-18,1900,2.740000009536743,2.75,2.75,2.7300000190734863,0.8380950093269348
2007-01-17,1600,2.7300000190734863,2.799999952316284,2.799999952316284,2.7300000190734863,0.8533331155776978
2007-01-16,12400,2.680000066757202,2.7100000381469727,2.799999952316284,2.680000066757202,0.8259045481681824
2007-01-12,5200,2.799999952316284,2.740000009536743,2.799999952316284,2.6600000858306885,0.8350474238395691
2007-01-11,11000,2.5999999046325684,2.7799999713897705,2.799999952316284,2.5799999237060547,0.8472378849983215
2007-01-10,7800,2.6600000858306885,2.5999999046325684,2.690000057220459,2.5999999046325684,0.7923807501792908
2007-01-09,8500,2.75,2.6600000858306885,2.75,2.609999895095825,0.8106665015220642
2007-01-08,9200,2.930000066757202,2.8499999046325684,2.930000066757202,2.75,0.8685711622238159
2007-01-05,9500,2.799999952316284,2.8499999046325684,2.8499999046325684,2.7799999713897705,0.8685711622238159
2007-01-04,14500,2.5999999046325684,2.799999952316284,2.799999952316284,2.5999999046325684,0.8533331155776978
2007-01-03,53000,2.930000066757202,2.5799999237060547,2.930000066757202,2.5799999237060547,0.7862855195999146
2006-12-29,57300,2.9000000953674316,2.880000114440918,2.9600000381469727,2.8499999046325684,0.8777140974998474
2006-12-28,30800,3.0299999713897705,2.940000057220459,3.0399999618530273,2.9000000953674316,0.8959997892379761
2006-12-27,20300,3.049999952316284,3.059999942779541,3.059999942779541,3.0299999713897705,0.9325711727142334
2006-12-26,10700,3.0799999237060547,3.049999952316284,3.0799999237060547,3.049999952316284,0.9295235872268677
2006-12-22,26000,3.0999999046325684,3.0899999141693115,3.1500000953674316,3.049999952316284,0.9417140483856201
2006-12-21,28000,3.1500000953674316,3.0299999713897705,3.1500000953674316,3.0299999713897705,0.9234283566474915
2006-12-20,23600,3.1500000953674316,3.200000047683716,3.2200000286102295,3.1500000953674316,0.9752378463745117
2006-12-19,58900,3.200000047683716,3.1500000953674316,3.200000047683716,3.049999952316284,0.9599997997283936
2006-12-18,13800,3.359999895095825,3.200000047683716,3.359999895095825,3.200000047683716,0.9752378463745117
2006-12-15,6600,3.359999895095825,3.359999895095825,3.4000000953674316,3.359999895095825,1.0239996910095215
2006-12-14,20800,3.309999942779541,3.359999895095825,3.359999895095825,3.299999952316284,1.0239996910095215
2006-12-13,27000,3.299999952316284,3.309999942779541,3.309999942779541,3.200000047683716,1.0087616443634033
2006-12-12,11600,3.3499999046325684,3.3299999237060547,3.3499999046325684,3.2799999713897705,1.0148568153381348
2006-12-11,5100,3.299999952316284,3.3499999046325684,3.369999885559082,3.299999952316284,1.0209521055221558
2006-12-08,24600,3.384999990463257,3.299999952316284,3.384999990463257,3.299999952316284,1.0057140588760376
2006-12-07,18200,3.4700000286102295,3.4200000762939453,3.4700000286102295,3.3010001182556152,1.042285442352295
2006-12-06,18500,3.4800000190734863,3.4600000381469727,3.4800000190734863,3.4100000858306885,1.0544759035110474
2006-12-05,23000,3.5,3.4800000190734863,3.5,3.450000047683716,1.0605711936950684
2006-12-04,21400,3.5999999046325684,3.5,3.690000057220459,3.5,1.0666663646697998
2006-12-01,11300,3.5,3.5,3.549999952316284,3.450000047683716,1.0666663646697998
2006-11-30,11900,3.5799999237060547,3.6500000953674316,3.680000066757202,3.5799999237060547,1.1123807430267334
2006-11-29,15600,3.450000047683716,3.5,3.5799999237060547,3.450000047683716,1.0666663646697998
2006-11-28,2100,3.3499999046325684,3.450000047683716,3.4800000190734863,3.3499999046325684,1.0514283180236816
2006-11-27,11000,3.4000000953674316,3.440000057220459,3.440000057220459,3.3499999046325684,1.048380732536316
2006-11-24,4300,3.3499999046325684,3.4200000762939453,3.4200000762939453,3.3499999046325684,1.042285442352295
2006-11-22,65500,3.3499999046325684,3.309999942779541,3.3499999046325684,3.2100000381469727,1.0087616443634033
2006-11-21,64500,3.359999895095825,3.299999952316284,3.380000114440918,3.200000047683716,1.0057140588760376
2006-11-20,38600,3.6500000953674316,3.5,3.700000047683716,3.5,1.0666663646697998
2006-11-17,16300,3.8499999046325684,3.799999952316284,3.9749999046325684,3.75,1.158094882965088
2006-11-16,10800,3.8299999237060547,3.8299999237060547,3.8499999046325684,3.799999952316284,1.1672377586364746
2006-11-15,5400,3.8299999237060547,3.930000066757202,3.930000066757202,3.809999942779541,1.1824758052825928
2006-11-14,11900,3.8499999046325684,3.809999942779541,3.8499999046325684,3.75,1.1463696956634521
2006-11-13,10900,3.799999952316284,3.8499999046325684,3.869999885559082,3.799999952316284,1.158405065536499
2006-11-10,30100,3.990000009536743,3.799999952316284,4.010000228881836,3.799999952316284,1.1433608531951904
2006-11-09,32100,3.9800000190734863,3.990000009536743,4.0,3.9700000286102295,1.2005289793014526
2006-11-08,30800,3.8499999046325684,3.9800000190734863,3.9800000190734863,3.6700000762939453,1.1975200176239014
2006-11-07,1600,3.9000000953674316,3.950000047683716,3.950000047683716,3.869999885559082,1.1884936094284058
2006-11-06,15300,3.9000000953674316,3.9600000381469727,3.9700000286102295,3.9000000953674316,1.1915024518966675
2006-11-03,4400,3.950000047683716,3.950000047683716,3.990000009536743,3.8499999046325684,1.1884936094284058
2006-11-02,4500,3.8299999237060547,3.990000009536743,3.990000009536743,3.8299999237060547,1.2005289793014526
2006-11-01,13400,3.859999895095825,3.809999942779541,3.859999895095825,3.809999942779541,1.1463696956634521
2006-10-31,12600,3.8499999046325684,3.859999895095825,3.9000000953674316,3.8499999046325684,1.1614139080047607
2006-10-30,9300,4.010000228881836,3.799999952316284,4.010000228881836,3.75,1.1433608531951904
2006-10-27,6100,3.9800000190734863,4.050000190734863,4.090000152587891,3.9800000190734863,1.218582034111023
2006-10-26,12900,3.8499999046325684,3.9800000190734863,3.9800000190734863,3.8499999046325684,1.1975200176239014
2006-10-25,1900,3.8499999046325684,3.8499999046325684,3.950000047683716,3.799999952316284,1.158405065536499
2006-10-24,4800,3.990000009536743,3.9000000953674316,3.990000009536743,3.9000000953674316,1.1734492778778076
2006-10-23,1200,4.0,4.0,4.0,3.950000047683716,1.2035378217697144
2006-10-20,14700,3.950000047683716,3.990000009536743,4.079999923706055,3.9000000953674316,1.2005289793014526
2006-10-19,17700,3.8499999046325684,3.950000047683716,3.950000047683716,3.805000066757202,1.1884936094284058
2006-10-18,6400,3.75,3.799999952316284,3.799999952316284,3.6500000953674316,1.1433608531951904
2006-10-17,11500,3.799999952316284,3.799999952316284,3.9000000953674316,3.7300000190734863,1.1433608531951904
2006-10-16,39900,3.8499999046325684,3.9000000953674316,3.950000047683716,3.759999990463257,1.1734492778778076
2006-10-13,27300,3.4000000953674316,3.7799999713897705,3.7799999713897705,3.4000000953674316,1.137343168258667
2006-10-12,9300,3.380000114440918,3.4000000953674316,3.4000000953674316,3.2899999618530273,1.0230071544647217
2006-10-11,6400,3.4000000953674316,3.4000000953674316,3.4000000953674316,3.1500000953674316,1.0230071544647217
2006-10-10,16300,3.4100000858306885,3.440000057220459,3.4700000286102295,3.4000000953674316,1.0350425243377686
2006-10-09,9600,3.3499999046325684,3.4000000953674316,3.4000000953674316,3.3499999046325684,1.0230071544647217
2006-10-06,12300,3.25,3.3499999046325684,3.3499999046325684,3.2200000286102295,1.0079628229141235
2006-10-05,5900,3.25,3.3499999046325684,3.3499999046325684,3.200000047683716,1.0079628229141235
2006-10-04,15000,3.2200000286102295,3.25,3.25,3.109999895095825,0.9778744578361511
2006-10-03,54300,3.549999952316284,3.25,3.5999999046325684,3.1500000953674316,0.9778744578361511
2006-10-02,2700,3.6500000953674316,3.6500000953674316,3.700000047683716,3.5999999046325684,1.0982282161712646
2006-09-29,3900,3.619999885559082,3.6500000953674316,3.6500000953674316,3.5799999237060547,1.0982282161712646
2006-09-28,7000,3.6700000762939453,3.569999933242798,3.75,3.569999933242798,1.074157476425171
2006-09-27,9300,3.6500000953674316,3.7799999713897705,3.7799999713897705,3.6500000953674316,1.137343168258667
2006-09-26,2300,3.549999952316284,3.630000114440918,3.630000114440918,3.549999952316284,1.0922105312347412
2006-09-25,28500,3.5999999046325684,3.5799999237060547,3.640000104904175,3.5,1.077166199684143
2006-09-22,11900,3.5999999046325684,3.640000104904175,3.640000104904175,3.5999999046325684,1.095219373703003
2006-09-21,17800,3.7100000381469727,3.609999895095825,3.7100000381469727,3.5999999046325684,1.0861927270889282
2006-09-20,900,3.7200000286102295,3.7200000286102295,3.7200000286102295,3.7200000286102295,1.1192901134490967
2006-09-19,12700,3.8499999046325684,3.7200000286102295,3.8499999046325684,3.5999999046325684,1.1192901134490967
2006-09-18,4400,3.7799999713897705,3.8499999046325684,3.8499999046325684,3.7799999713897705,1.158405065536499
2006-09-15,19500,3.799999952316284,3.8399999141693115,3.8499999046325684,3.6500000953674316,1.1553962230682373
2006-09-14,22000,4.079999923706055,3.809999942779541,4.079999923706055,3.7699999809265137,1.1463696956634521
2006-09-13,17200,3.9000000953674316,4.050000190734863,4.090000152587891,3.8499999046325684,1.218582034111023
2006-09-12,12400,3.5999999046325684,3.950000047683716,3.950000047683716,3.5999999046325684,1.1884936094284058
2006-09-11,22200,3.8499999046325684,3.700000047683716,3.8499999046325684,3.559999942779541,1.1132724285125732
2006-09-08,34800,4.099999904632568,3.8499999046325684,4.099999904632568,3.759999990463257,1.158405065536499
2006-09-07,7800,3.950000047683716,4.050000190734863,4.050000190734863,3.9000000953674316,1.218582034111023
2006-09-06,15800,4.0,4.050000190734863,4.099999904632568,3.880000114440918,1.218582034111023
2006-09-05,2300,4.0,3.9000000953674316,4.0,3.9000000953674316,1.1734492778778076
2006-09-01,5100,3.880000114440918,4.0,4.0,3.880000114440918,1.2035378217697144
2006-08-31,3200,4.0,4.0,4.0,3.950000047683716,1.2035378217697144
2006-08-30,15900,4.0,4.0,4.019999980926514,3.880000114440918,1.2035378217697144
2006-08-29,21700,4.150000095367432,4.050000190734863,4.199999809265137,4.0,1.218582034111023
2006-08-28,3500,4.110000133514404,4.179999828338623,4.199999809265137,4.110000133514404,1.2576969861984253
2006-08-25,4600,4.25,4.25,4.25,4.25,1.2787588834762573
2006-08-24,3400,4.110000133514404,4.150000095367432,4.150000095367432,4.110000133514404,1.2486704587936401
2006-08-23,4800,4.150000095367432,4.150000095367432,4.25,4.150000095367432,1.2486704587936401
2006-08-22,12400,4.150000095367432,4.170000076293945,4.199999809265137,4.099999904632568,1.2546881437301636
2006-08-21,29700,4.150000095367432,4.099999904632568,4.199999809265137,4.050000190734863,1.233626127243042
2006-08-18,3400,4.300000190734863,4.25,4.320000171661377,4.199999809265137,1.2787588834762573
2006-08-17,19300,4.300000190734863,4.25,4.300000190734863,4.199999809265137,1.2787588834762573
2006-08-16,4600,4.449999809265137,4.28000020980835,4.449999809265137,4.28000020980835,1.287785530090332
2006-08-15,2200,4.449999809265137,4.449999809265137,4.449999809265137,4.28000020980835,1.3389357328414917
2006-08-14,51600,4.639999866485596,4.449999809265137,4.639999866485596,4.199999809265137,1.3389357328414917
2006-08-11,10100,4.550000190734863,4.650000095367432,4.650000095367432,4.429999828338623,1.3991127014160156
2006-08-10,27700,4.400000095367432,4.550000190734863,4.550000190734863,4.349999904632568,1.3690242767333984
2006-08-09,19900,4.5,4.400000095367432,4.5,4.300000190734863,1.3238916397094727
2006-08-08,38500,4.5,4.5,4.550000190734863,4.269999980926514,1.3539800643920898
2006-08-07,51800,4.75,4.449999809265137,4.75,4.449999809265137,1.3389357328414917
2006-08-04,113500,5.170000076293945,4.630000114440918,5.170000076293945,4.599999904632568,1.3930950164794922
2006-08-03,36700,5.199999809265137,5.139999866485596,5.289999961853027,5.000999927520752,1.5465459823608398
2006-08-02,28600,5.179999828338623,5.300000190734863,5.39900016784668,5.150000095367432,1.5946877002716064
2006-08-01,114700,5.25,5.159999847412109,5.449999809265137,5.150000095367432,1.5525636672973633
2006-07-31,67000,5.0,5.21999979019165,5.25,5.0,1.5706167221069336
2006-07-28,13800,4.949999809265137,5.0,5.0,4.900000095367432,1.5044221878051758
2006-07-27,26400,5.039999961853027,4.949999809265137,5.039999961853027,4.949999809265137,1.4893778562545776
2006-07-26,34400,4.679999828338623,4.949999809265137,5.0,4.650000095367432,1.4893778562545776
2006-07-25,2400,4.679999828338623,4.679999828338623,4.679999828338623,4.650000095367432,1.4081391096115112
2006-07-24,7700,4.5,4.699999809265137,4.699999809265137,4.5,1.4141569137573242
2006-07-21,13800,4.590000152587891,4.5,4.590000152587891,4.480000019073486,1.3539800643920898
2006-07-20,9900,4.5,4.5,4.590000152587891,4.5,1.3539800643920898
2006-07-19,10800,4.5,4.5,4.5,4.449999809265137,1.3539800643920898
2006-07-18,9800,4.5,4.449999809265137,4.599999904632568,4.449999809265137,1.3389357328414917
2006-07-17,2800,4.5,4.5,4.550000190734863,4.5,1.3539800643920898
2006-07-14,9400,4.519999980926514,4.570000171661377,4.690000057220459,4.519999980926514,1.3750419616699219
2006-07-13,6400,4.650000095367432,4.619999885559082,4.699999809265137,4.550000190734863,1.390086054801941
2006-07-12,14300,4.650000095367432,4.699999809265137,4.800000190734863,4.650000095367432,1.4141569137573242
2006-07-11,10600,4.519999980926514,4.699999809265137,4.699999809265137,4.519999980926514,1.4141569137573242
2006-07-10,9400,4.800000190734863,4.519999980926514,4.800000190734863,4.519999980926514,1.3599976301193237
2006-07-07,6100,4.829999923706055,4.820000171661377,4.829999923706055,4.710000038146973,1.4502631425857544
2006-07-06,18100,4.980000019073486,4.829999923706055,4.980000019073486,4.75,1.4532718658447266
2006-07-05,42100,4.820000171661377,4.809999942779541,5.050000190734863,4.800000190734863,1.4472541809082031
2006-07-03,17300,4.800000190734863,4.820000171661377,4.929999828338623,4.800000190734863,1.4502631425857544
2006-06-30,13300,4.679999828338623,4.75,4.800000190734863,4.650000095367432,1.4292010068893433
2006-06-29,16300,4.670000076293945,4.670000076293945,4.739999771118164,4.519999980926514,1.405130386352539
2006-06-28,45000,4.550000190734863,4.670000076293945,4.670000076293945,4.550000190734863,1.405130386352539
2006-06-27,12700,4.519999980926514,4.599999904632568,4.599999904632568,4.5,1.384068489074707
2006-06-26,19100,4.449999809265137,4.5,4.5,4.389999866485596,1.3539800643920898
2006-06-23,39600,4.349999904632568,4.449999809265137,4.489999771118164,4.349999904632568,1.3389357328414917
2006-06-22,4300,4.28000020980835,4.289999961853027,4.289999961853027,4.28000020980835,1.2907942533493042
2006-06-21,16300,4.300000190734863,4.289999961853027,4.389999866485596,4.28000020980835,1.2907942533493042
2006-06-20,21400,4.349999904632568,4.300000190734863,4.400000095367432,4.25,1.293803095817566
2006-06-19,49700,4.349999904632568,4.300000190734863,4.349999904632568,4.050000190734863,1.293803095817566
2006-06-16,4100,4.139999866485596,4.119999885559082,4.139999866485596,4.050000190734863,1.239643931388855
2006-06-15,31200,3.9000000953674316,4.050000190734863,4.130000114440918,3.9000000953674316,1.218582034111023
2006-06-14,18900,3.950000047683716,4.070000171661377,4.070000171661377,3.950000047683716,1.2245997190475464
2006-06-13,10100,4.349999904632568,3.950000047683716,4.349999904632568,3.819999933242798,1.1884936094284058
2006-06-12,2700,4.230000019073486,4.349999904632568,4.349999904632568,4.230000019073486,1.3088473081588745
2006-06-09,6900,4.199999809265137,4.349999904632568,4.349999904632568,4.199999809265137,1.3088473081588745
2006-06-08,18400,4.300000190734863,4.199999809265137,4.300000190734863,4.0,1.2637145519256592
2006-06-07,27200,4.349999904632568,4.349999904632568,4.400000095367432,4.210000038146973,1.3088473081588745
2006-06-06,11400,4.449999809265137,4.349999904632568,4.449999809265137,4.099999904632568,1.3088473081588745
2006-06-05,63200,4.119999885559082,4.5,4.679999828338623,4.119999885559082,1.3539800643920898
2006-06-02,10600,4.130000114440918,4.190000057220459,4.190000057220459,4.050000190734863,1.260705828666687
2006-06-01,4900,4.159999847412109,4.150000095367432,4.159999847412109,4.099999904632568,1.2486704587936401
2006-05-31,49100,3.869999885559082,4.159999847412109,4.199999809265137,3.8499999046325684,1.2516791820526123
2006-05-30,29600,3.799999952316284,3.869999885559082,4.0,3.799999952316284,1.1644227504730225
2006-05-26,18500,3.9200000762939453,3.799999952316284,3.9200000762939453,3.700000047683716,1.1433608531951904
2006-05-25,14000,3.75,3.8499999046325684,3.930000066757202,3.75,1.158405065536499
2006-05-24,15100,3.869999885559082,3.700000047683716,3.930000066757202,3.6600000858306885,1.1132724285125732
2006-05-23,44300,3.9800000190734863,3.859999895095825,3.990000009536743,3.859999895095825,1.1614139080047607
2006-05-22,34900,3.6500000953674316,3.9000000953674316,3.9000000953674316,3.5799999237060547,1.1734492778778076
2006-05-19,145000,3.7799999713897705,3.759999990463257,3.799999952316284,3.5799999237060547,1.1313254833221436
2006-05-18,19400,4.150000095367432,4.090000152587891,4.230000019073486,4.059999942779541,1.2306174039840698
2006-05-17,4400,4.260000228881836,4.260000228881836,4.260000228881836,4.21999979019165,1.281767725944519
2006-05-16,11300,4.300000190734863,4.300000190734863,4.440000057220459,4.150000095367432,1.293803095817566
2006-05-15,29700,4.659999847412109,4.320000171661377,4.679999828338623,4.300000190734863,1.2998207807540894
2006-05-12,32200,4.659999847412109,4.659999847412109,4.769999980926514,4.659999847412109,1.4021215438842773
2006-05-11,16000,4.699999809265137,4.659999847412109,4.699999809265137,4.650000095367432,1.4021215438842773
2006-05-10,19000,4.630000114440918,4.699999809265137,4.699999809265137,4.599999904632568,1.4141569137573242
2006-05-09,12400,4.75,4.699999809265137,4.75,4.599999904632568,1.4141569137573242
2006-05-08,16000,4.699999809265137,4.599999904632568,4.699999809265137,4.599999904632568,1.384068489074707
2006-05-05,19700,4.550000190734863,4.699999809265137,4.699999809265137,4.519999980926514,1.4141569137573242
2006-05-04,25200,4.550000190734863,4.519999980926514,4.550000190734863,4.429999828338623,1.3599976301193237
2006-05-03,12700,4.460000038146973,4.559999942779541,4.590000152587891,4.460000038146973,1.3720329999923706
2006-05-02,20200,4.5,4.5,4.590000152587891,4.5,1.3539800643920898
2006-05-01,21100,4.650000095367432,4.5,4.650000095367432,4.460000038146973,1.3539800643920898
2006-04-28,20000,4.429999828338623,4.650000095367432,4.650000095367432,4.429999828338623,1.3991127014160156
2006-04-27,19000,4.550000190734863,4.489999771118164,4.559999942779541,4.429999828338623,1.3509711027145386
2006-04-26,24900,4.75,4.599999904632568,4.75,4.550000190734863,1.384068489074707
2006-04-25,41100,4.849999904632568,4.800000190734863,4.900000095367432,4.650000095367432,1.4442453384399414
2006-04-24,26100,5.0,4.849999904632568,5.0,4.800000190734863,1.4592894315719604
2006-04-21,34100,5.0,4.900000095367432,5.0,4.809999942779541,1.4743337631225586
2006-04-20,24500,5.0,5.0,5.0,4.889999866485596,1.5044221878051758
2006-04-19,85400,5.019999980926514,5.019999980926514,5.21999979019165,4.860000133514404,1.5104398727416992
2006-04-18,87500,4.789999961853027,4.949999809265137,5.019999980926514,4.789999961853027,1.4893778562545776
2006-04-17,34100,4.599999904632568,4.659999847412109,4.800000190734863,4.550000190734863,1.4021215438842773
2006-04-13,16800,4.599999904632568,4.550000190734863,4.599999904632568,4.519999980926514,1.3690242767333984
2006-04-12,19400,4.650000095367432,4.510000228881836,4.659999847412109,4.510000228881836,1.3569889068603516
2006-04-11,6600,4.630000114440918,4.619999885559082,4.698999881744385,4.619999885559082,1.390086054801941
2006-04-10,19200,4.699999809265137,4.630000114440918,4.75,4.610000133514404,1.3930950164794922
2006-04-07,20100,4.800000190734863,4.699999809265137,4.800000190734863,4.610000133514404,1.4141569137573242
2006-04-06,21100,4.800000190734863,4.849999904632568,4.849999904632568,4.699999809265137,1.4592894315719604
2006-04-05,17400,4.849999904632568,4.900000095367432,4.989999771118164,4.800000190734863,1.4743337631225586
2006-04-04,20500,5.0,4.949999809265137,5.0,4.650000095367432,1.4893778562545776
2006-04-03,74800,4.900000095367432,4.949999809265137,5.019999980926514,4.800000190734863,1.4893778562545776
2006-03-31,41600,4.829999923706055,4.71999979019165,4.829999923706055,4.610000133514404,1.420174479484558
2006-03-30,119200,4.400000095367432,4.78000020980835,4.829999923706055,4.400000095367432,1.438227653503418
2006-03-29,12100,4.300000190734863,4.320000171661377,4.400000095367432,4.289999961853027,1.2998207807540894
2006-03-28,13600,4.300000190734863,4.28000020980835,4.349999904632568,4.28000020980835,1.287785530090332
2006-03-27,3900,4.400000095367432,4.320000171661377,4.420000076293945,4.320000171661377,1.2998207807540894
2006-03-24,1300,4.400000095367432,4.400000095367432,4.400000095367432,4.400000095367432,1.3238916397094727
2006-03-23,20300,4.210000038146973,4.300000190734863,4.440000057220459,4.210000038146973,1.293803095817566
2006-03-22,26100,4.320000171661377,4.260000228881836,4.320000171661377,4.199999809265137,1.281767725944519
2006-03-21,16300,4.300000190734863,4.329999923706055,4.409999847412109,4.25,1.302829623222351
2006-03-20,12100,4.349999904632568,4.400000095367432,4.489999771118164,4.320000171661377,1.3238916397094727
2006-03-17,6800,4.340000152587891,4.349999904632568,4.5,4.340000152587891,1.3088473081588745
2006-03-16,26600,4.400000095367432,4.5,4.559999942779541,4.400000095367432,1.3539800643920898
2006-03-15,24700,4.300000190734863,4.349999904632568,4.349999904632568,4.25,1.3088473081588745
2006-03-14,44700,4.170000076293945,4.329999923706055,4.349999904632568,4.170000076293945,1.302829623222351
2006-03-13,39600,4.260000228881836,4.199999809265137,4.28000020980835,4.179999828338623,1.2637145519256592
2006-03-10,26700,4.260000228881836,4.199999809265137,4.400000095367432,4.170000076293945,1.2637145519256592
2006-03-09,19400,4.260000228881836,4.320000171661377,4.349999904632568,4.260000228881836,1.2998207807540894
2006-03-08,26700,4.460000038146973,4.300000190734863,4.480000019073486,4.199999809265137,1.293803095817566
2006-03-07,12900,4.599999904632568,4.449999809265137,4.599999904632568,4.449999809265137,1.3389357328414917
2006-03-06,20100,4.900000095367432,4.539999961853027,4.900000095367432,4.519999980926514,1.3660154342651367
2006-03-03,19100,4.75,4.849999904632568,4.929999828338623,4.75,1.4592894315719604
2006-03-02,36700,4.760000228881836,4.840000152587891,4.840000152587891,4.650000095367432,1.4562807083129883
2006-03-01,61300,4.400000095367432,4.599999904632568,4.639999866485596,4.329999923706055,1.384068489074707
2006-02-28,101900,4.539999961853027,4.349999904632568,4.539999961853027,4.170000076293945,1.3088473081588745
2006-02-27,69000,4.829999923706055,4.599999904632568,4.840000152587891,4.510000228881836,1.384068489074707
2006-02-24,41200,4.920000076293945,4.829999923706055,4.940000057220459,4.800000190734863,1.4532718658447266
2006-02-23,41700,4.849999904632568,4.909999847412109,4.949999809265137,4.809999942779541,1.4773424863815308
2006-02-22,40600,4.980000019073486,4.980000019073486,5.010000228881836,4.949999809265137,1.498404622077942
2006-02-21,128800,5.190000057220459,5.010000228881836,5.25,4.929999828338623,1.5074310302734375
2006-02-17,85900,5.400000095367432,5.179999828338623,5.400000095367432,5.159999847412109,1.5585812330245972
2006-02-16,60600,5.46999979019165,5.440000057220459,5.480000019073486,5.28000020980835,1.636811375617981
2006-02-15,30300,5.590000152587891,5.5,5.739999771118164,5.460000038146973,1.6548643112182617
2006-02-14,37700,5.650000095367432,5.590000152587891,5.690000057220459,5.420000076293945,1.6819440126419067
2006-02-13,89400,5.980000019073486,5.630000114440918,5.980000019073486,5.579999923706055,1.6939795017242432
2006-02-10,88200,5.360000133514404,5.940000057220459,5.949999809265137,5.300000190734863,1.7872536182403564
2006-02-09,39100,5.5,5.360000133514404,5.599999904632568,5.260000228881836,1.6127406358718872
2006-02-08,5100,5.78000020980835,5.519999980926514,5.78000020980835,5.510000228881836,1.6608821153640747
2006-02-07,27900,5.699999809265137,5.699999809265137,5.75,5.5,1.7150412797927856
2006-02-06,42600,5.800000190734863,5.789999961853027,6.099999904632568,5.5,1.7421209812164307
2006-02-03,16900,5.619999885559082,5.75,5.75,5.619999885559082,1.7300854921340942
2006-02-02,38900,5.550000190734863,5.619999885559082,5.619999885559082,5.449999809265137,1.690970540046692
2006-02-01,30700,5.510000228881836,5.519999980926514,5.71999979019165,5.5,1.6608821153640747
2006-01-31,57600,5.510000228881836,5.599999904632568,5.599999904632568,5.460000038146973,1.6849528551101685
2006-01-30,42900,5.849999904632568,5.53000020980835,5.849999904632568,5.5,1.663891077041626
2006-01-27,31700,5.849999904632568,5.820000171661377,5.900000095367432,5.699999809265137,1.7511475086212158
2006-01-26,53300,6.150000095367432,5.849999904632568,6.150000095367432,5.800000190734863,1.7601739168167114
2006-01-25,40100,6.150000095367432,6.150000095367432,6.5,6.099999904632568,1.850439429283142
2006-01-24,33400,6.099999904632568,6.150000095367432,6.300000190734863,6.099999904632568,1.850439429283142
2006-01-23,33600,5.829999923706055,6.0,6.050000190734863,5.75,1.8053066730499268
2006-01-20,15400,5.880000114440918,5.71999979019165,5.949999809265137,5.710000038146973,1.721058964729309
2006-01-19,22900,5.800000190734863,5.800000190734863,6.099999904632568,5.699999809265137,1.7451298236846924
2006-01-18,56700,5.78000020980835,5.699999809265137,6.239999771118164,5.699999809265137,1.7150412797927856
2006-01-17,61900,5.199999809265137,5.78000020980835,5.78000020980835,5.179999828338623,1.739112138748169
2006-01-13,16400,5.199999809265137,5.199999809265137,5.239999771118164,5.099999904632568,1.5645990371704102
2006-01-12,37800,5.150000095367432,5.199999809265137,5.300000190734863,5.150000095367432,1.5645990371704102
2006-01-11,36000,5.199999809265137,5.150000095367432,5.199999809265137,5.050000190734863,1.5495549440383911
2006-01-10,27000,5.25,5.199999809265137,5.300000190734863,5.170000076293945,1.5645990371704102
2006-01-09,58600,5.349999904632568,5.150000095367432,5.349999904632568,5.090000152587891,1.5495549440383911
2006-01-06,58400,5.199999809265137,5.309999942779541,5.449999809265137,5.179999828338623,1.5976964235305786
2006-01-05,100000,5.599999904632568,5.159999847412109,5.599999904632568,5.159999847412109,1.5525636672973633
2006-01-04,26100,5.610000133514404,5.599999904632568,5.670000076293945,5.449999809265137,1.6849528551101685
2006-01-03,41100,5.400000095367432,5.550000190734863,5.550000190734863,5.170000076293945,1.6699086427688599
2005-12-30,34100,5.320000171661377,5.400000095367432,5.449999809265137,5.300000190734863,1.6247761249542236
2005-12-29,25600,5.449999809265137,5.320000171661377,5.599999904632568,5.309999942779541,1.6007052659988403
2005-12-28,32700,5.400000095367432,5.420000076293945,5.420000076293945,5.090000152587891,1.6307936906814575
2005-12-27,101000,5.429999828338623,5.090000152587891,5.429999828338623,5.079999923706055,1.5315018892288208
2005-12-23,25700,5.699999809265137,5.449999809265137,5.699999809265137,5.400000095367432,1.6398202180862427
2005-12-22,13600,5.679999828338623,5.699999809265137,5.699999809265137,5.510000228881836,1.7150412797927856
2005-12-21,28700,5.599999904632568,5.650000095367432,5.75,5.420000076293945,1.699997067451477
2005-12-20,44000,5.75,5.610000133514404,5.900000095367432,5.420000076293945,1.6879616975784302
2005-12-19,32500,5.949999809265137,5.75,6.050000190734863,5.650000095367432,1.7300854921340942
2005-12-16,50700,6.199999809265137,5.949999809265137,6.25,5.900000095367432,1.7902624607086182
2005-12-15,29500,6.5,6.199999809265137,6.5,6.199999809265137,1.8654834032058716
2005-12-14,66900,6.789999961853027,6.5,6.789999961853027,6.300000190734863,1.9557489156723022
2005-12-13,45400,6.849999904632568,6.699999809265137,6.900000095367432,6.699999809265137,2.015925645828247
2005-12-12,19300,6.699999809265137,6.71999979019165,6.849999904632568,6.650000095367432,2.0219433307647705
2005-12-09,36000,6.900000095367432,6.75,6.900000095367432,6.650000095367432,2.0309700965881348
2005-12-08,57100,6.800000190734863,6.800000190734863,6.849999904632568,6.699999809265137,2.0460143089294434
2005-12-07,65800,6.980000019073486,6.800000190734863,7.010000228881836,6.550000190734863,2.0460143089294434
2005-12-06,62200,6.75,6.900000095367432,6.949999809265137,6.699999809265137,2.0761027336120605
2005-12-05,67700,6.670000076293945,6.619999885559082,6.869999885559082,6.599999904632568,1.9918549060821533
2005-12-02,46500,6.5,6.599999904632568,6.75,6.5,1.9858373403549194
2005-12-01,19600,6.449999809265137,6.440000057220459,6.5,6.409999847412109,1.937695860862732
2005-11-30,57100,6.150000095367432,6.400000095367432,6.570000171661377,6.139999866485596,1.925660490989685
2005-11-29,26800,6.25,6.190000057220459,6.300000190734863,6.019999980926514,1.8624746799468994
2005-11-28,64000,6.25,6.25,6.650000095367432,6.050000190734863,1.8805277347564697
2005-11-25,64500,5.769999980926514,6.199999809265137,6.25,5.769999980926514,1.8654834032058716
2005-11-23,184600,5.570000171661377,5.800000190734863,5.980000019073486,5.570000171661377,1.7451298236846924
2005-11-22,92400,5.510000228881836,5.559999942779541,5.559999942779541,5.449999809265137,1.6729176044464111
2005-11-21,45000,5.449999809265137,5.519999980926514,5.519999980926514,5.449999809265137,1.6608821153640747
2005-11-18,19100,5.639999866485596,5.5,5.639999866485596,5.480000019073486,1.6548643112182617
2005-11-17,95700,5.429999828338623,5.650000095367432,5.699999809265137,5.409999847412109,1.699997067451477
2005-11-16,50000,5.449999809265137,5.5,5.550000190734863,5.25,1.6548643112182617
2005-11-15,61200,5.550000190734863,5.5,5.599999904632568,5.369999885559082,1.6548643112182617
2005-11-14,53600,5.800000190734863,5.619999885559082,5.820000171661377,5.559999942779541,1.690970540046692
2005-11-11,35500,5.949999809265137,5.760000228881836,6.0,5.630000114440918,1.7330944538116455
2005-11-10,48000,6.099999904632568,5.900000095367432,6.150000095367432,5.630000114440918,1.7752182483673096
2005-11-09,22100,6.199999809265137,6.099999904632568,6.239999771118164,6.099999904632568,1.835395097732544
2005-11-08,59000,5.889999866485596,6.239999771118164,6.239999771118164,5.849999904632568,1.8775187730789185
2005-11-07,89800,6.039999961853027,5.849999904632568,6.099999904632568,5.650000095367432,1.7601739168167114
2005-11-04,40600,6.28000020980835,6.059999942779541,6.300000190734863,6.050000190734863,1.823359727859497
2005-11-03,37300,6.230000019073486,6.300000190734863,6.349999904632568,6.170000076293945,1.8955719470977783
2005-11-02,27100,6.400000095367432,6.300000190734863,6.400000095367432,6.210000038146973,1.8955719470977783
2005-11-01,35200,6.449999809265137,6.349999904632568,6.550000190734863,6.309999942779541,1.910616159439087
2005-10-31,23700,6.550000190734863,6.480000019073486,6.550000190734863,6.46999979019165,1.9497312307357788
2005-10-28,32200,6.519999980926514,6.449999809265137,6.519999980926514,6.320000171661377,1.940704584121704
2005-10-27,23300,6.789999961853027,6.320000171661377,6.829999923706055,6.309999942779541,1.9015897512435913
2005-10-26,61600,6.5,6.829999923706055,6.889999866485596,6.5,2.0550405979156494
2005-10-25,54100,6.400000095367432,6.579999923706055,6.590000152587891,6.25,1.979819655418396
2005-10-24,43200,6.199999809265137,6.400000095367432,6.400000095367432,6.050000190734863,1.925660490989685
2005-10-21,52900,6.599999904632568,6.440000057220459,6.599999904632568,6.110000133514404,1.937695860862732
2005-10-20,56500,7.099999904632568,6.5,7.099999904632568,6.5,1.9557489156723022
2005-10-19,26900,6.900000095367432,6.909999847412109,6.949999809265137,6.599999904632568,2.0791115760803223
2005-10-18,26900,7.199999809265137,6.949999809265137,7.300000190734863,6.699999809265137,2.09114670753479
2005-10-17,69900,6.730000019073486,7.199999809265137,7.349999904632568,6.730000019073486,2.166368007659912
2005-10-14,53800,6.349999904632568,6.739999771118164,6.789999961853027,6.349999904632568,2.027961254119873
2005-10-13,113200,6.28000020980835,6.349999904632568,6.449999809265137,6.050000190734863,1.910616159439087
2005-10-12,73300,6.880000114440918,6.5,6.880000114440918,6.199999809265137,1.9557489156723022
2005-10-11,60600,7.300000190734863,6.849999904632568,7.300000190734863,6.599999904632568,2.061058521270752
2005-10-10,58300,6.929999828338623,7.300000190734863,7.369999885559082,6.860000133514404,2.1964564323425293
2005-10-07,154100,6.199999809265137,6.860000133514404,6.949999809265137,6.170000076293945,2.0640673637390137
2005-10-06,329900,7.25,6.349999904632568,7.5,6.059999942779541,1.910616159439087
2005-10-05,108700,8.069999694824219,7.5,8.199999809265137,7.449999809265137,2.2566332817077637
2005-10-04,87800,8.0,8.149999618530273,8.25,7.849999904632568,2.4522080421447754
2005-10-03,143800,7.599999904632568,8.100000381469727,8.300000190734863,7.550000190734863,2.437164068222046
2005-09-30,131900,8.149999618530273,7.75,8.25,7.400000095367432,2.3318543434143066
2005-09-29,210200,8.050000190734863,8.100000381469727,8.489999771118164,8.050000190734863,2.437164068222046
2005-09-28,212600,8.949999809265137,8.010000228881836,9.050000190734863,7.599999904632568,2.4100844860076904
2005-09-27,125300,9.130000114440918,8.949999809265137,9.180000305175781,8.850000381469727,2.692915678024292
2005-09-26,170800,9.100000381469727,9.100000381469727,9.25,8.949999809265137,2.738048553466797
2005-09-23,115600,8.600000381469727,8.850000381469727,9.0,8.449999809265137,2.662827491760254
2005-09-22,151600,8.699999809265137,8.600000381469727,8.84000015258789,8.300000190734863,2.587606191635132
2005-09-21,104600,8.649999618530273,8.649999618530273,8.829999923706055,8.600000381469727,2.6026504039764404
2005-09-20,135900,8.850000381469727,8.600000381469727,8.899999618530273,8.5,2.587606191635132
2005-09-19,179500,8.180000305175781,8.739999771118164,8.949999809265137,8.180000305175781,2.629729747772217
2005-09-16,94900,8.399999618530273,8.25,8.449999809265137,8.079999923706055,2.4822964668273926
2005-09-15,211800,9.109999656677246,8.520000457763672,9.149999618530273,8.050000190734863,2.563535451889038
2005-09-14,131700,9.90999984741211,9.25,10.0,9.199999809265137,2.7831811904907227
2005-09-13,187800,10.0,9.90999984741211,10.550000190734863,9.699999809265137,2.981764793395996
2005-09-12,204100,9.725000381469727,10.0,10.0,9.699999809265137,3.0088443756103516
2005-09-09,220900,9.40999984741211,9.600000381469727,10.109999656677246,9.40999984741211,2.888490676879883
2005-09-08,181800,8.5,9.25,9.25,8.399999618530273,2.7831811904907227
2005-09-07,152200,8.149999618530273,8.25,8.460000038146973,7.599999904632568,2.4822964668273926
2005-09-06,254900,9.0,8.149999618530273,9.0,8.010000228881836,2.4522080421447754
2005-09-02,288300,9.050000190734863,9.0,9.800000190734863,8.8100004196167,2.7079601287841797
2005-09-01,314700,8.119999885559082,8.800000190734863,8.949999809265137,7.849999904632568,2.6477832794189453
2005-08-31,228500,6.900000095367432,7.849999904632568,7.949999809265137,6.900000095367432,2.361942768096924
2005-08-30,89700,6.309999942779541,6.789999961853027,6.989999771118164,6.309999942779541,2.0430052280426025
2005-08-29,103500,6.0,6.21999979019165,6.400000095367432,5.900000095367432,1.8715012073516846
2005-08-26,32000,5.960000038146973,5.849999904632568,6.019999980926514,5.78000020980835,1.7601739168167114
2005-08-25,40600,6.119999885559082,6.0,6.119999885559082,5.809999942779541,1.8053066730499268
2005-08-24,61900,6.150000095367432,6.150000095367432,6.199999809265137,6.0,1.850439429283142
2005-08-23,47400,6.300000190734863,6.300000190734863,6.5,6.150000095367432,1.8955719470977783
2005-08-22,62800,6.199999809265137,6.300000190734863,6.5,6.0,1.8955719470977783
2005-08-19,93500,5.309999942779541,5.960000038146973,6.130000114440918,5.25,1.7932713031768799
2005-08-18,131600,5.699999809265137,5.25,5.699999809265137,5.059999942779541,1.5796433687210083
2005-08-17,133000,6.260000228881836,5.699999809265137,6.360000133514404,5.559999942779541,1.7150412797927856
2005-08-16,52700,6.199999809265137,6.360000133514404,6.5,6.150000095367432,1.9136250019073486
2005-08-15,66400,6.679999828338623,6.400000095367432,6.900000095367432,6.150000095367432,1.925660490989685
2005-08-12,67800,6.570000171661377,6.710000038146973,7.0,6.400000095367432,2.018934726715088
2005-08-11,167300,6.900000095367432,6.599999904632568,6.900000095367432,6.349999904632568,1.9858373403549194
2005-08-10,203600,7.550000190734863,6.900000095367432,7.849999904632568,6.75,2.0761027336120605
2005-08-09,160700,8.149999618530273,7.599999904632568,8.449999809265137,7.550000190734863,2.286721706390381
2005-08-08,201800,7.699999809265137,8.149999618530273,8.399999618530273,7.650000095367432,2.4522080421447754
2005-08-05,165300,7.199999809265137,7.75,7.75,7.050000190734863,2.3318543434143066
2005-08-04,105700,7.099999904632568,7.199999809265137,7.25,6.920000076293945,2.166368007659912
2005-08-03,154100,6.75,6.75,7.199999809265137,6.480000019073486,2.0309700965881348
2005-08-02,138100,6.25,6.449999809265137,6.5,6.199999809265137,1.940704584121704
2005-08-01,161100,6.010000228881836,6.199999809265137,6.400000095367432,5.670000076293945,1.8654834032058716
2005-07-29,201300,6.099999904632568,6.099999904632568,6.489999771118164,5.510000228881836,1.835395097732544
2005-07-28,551100,6.610000133514404,6.400000095367432,7.75,5.559999942779541,1.925660490989685
2005-07-27,272500,6.199999809265137,6.650000095367432,6.949999809265137,6.0,2.0008816719055176
2005-07-26,377800,4.900000095367432,5.599999904632568,6.0,4.900000095367432,1.6849528551101685
2005-07-25,134000,4.550000190734863,4.900000095367432,4.949999809265137,4.5,1.4743337631225586
2005-07-22,66500,4.429999828338623,4.480000019073486,4.590000152587891,4.340000152587891,1.3479622602462769
2005-07-21,82800,4.110000133514404,4.349999904632568,4.389999866485596,4.079999923706055,1.3088473081588745
2005-07-20,53000,3.990000009536743,4.03000020980835,4.050000190734863,3.990000009536743,1.2125643491744995
2005-07-19,12600,3.700000047683716,3.950000047683716,3.990000009536743,3.6500000953674316,1.1884936094284058
2005-07-18,17600,3.7899999618530273,3.6600000858306885,3.7899999618530273,3.6500000953674316,1.1012370586395264
2005-07-15,39400,3.9200000762939453,3.75,3.9200000762939453,3.6500000953674316,1.1283166408538818
2005-07-14,32200,3.940000057220459,3.9200000762939453,4.0,3.9000000953674316,1.1794670820236206
2005-07-13,20100,4.0,3.9600000381469727,4.0,3.9000000953674316,1.1915024518966675
2005-07-12,40100,3.890000104904175,4.0,4.050000190734863,3.799999952316284,1.2035378217697144
2005-07-11,37400,4.099999904632568,3.8499999046325684,4.099999904632568,3.5,1.158405065536499
2005-07-08,41000,4.119999885559082,4.099999904632568,4.199999809265137,3.9100000858306885,1.233626127243042
2005-07-07,24800,4.179999828338623,4.070000171661377,4.179999828338623,4.039999961853027,1.2245997190475464
2005-07-06,85600,4.0,4.179999828338623,4.289999961853027,3.9800000190734863,1.2576969861984253
2005-07-05,94700,3.5799999237060547,3.9000000953674316,3.950000047683716,3.5799999237060547,1.1734492778778076
2005-07-01,36200,3.4200000762939453,3.5999999046325684,3.5999999046325684,3.380000114440918,1.083184003829956
2005-06-30,5500,3.4000000953674316,3.4000000953674316,3.440000057220459,3.3499999046325684,1.0230071544647217
2005-06-29,13700,3.4000000953674316,3.4000000953674316,3.4000000953674316,3.25,1.0230071544647217
2005-06-28,3300,3.5,3.4000000953674316,3.5,3.3299999237060547,1.0230071544647217
2005-06-27,11500,3.4000000953674316,3.5,3.5,3.3499999046325684,1.0530955791473389
2005-06-24,8800,3.5,3.319999933242798,3.5,3.299999952316284,0.9989363551139832
2005-06-23,20200,3.5,3.4600000381469727,3.5,3.4000000953674316,1.041060209274292
2005-06-22,44100,3.2699999809265137,3.5,3.5,3.25,1.0530955791473389
2005-06-21,77200,3.3499999046325684,3.299999952316284,3.369999885559082,3.259999990463257,0.9929186701774597
2005-06-20,42900,3.4000000953674316,3.369999885559082,3.450000047683716,3.319999933242798,1.0139806270599365
2005-06-17,12500,3.390000104904175,3.319999933242798,3.4000000953674316,3.319999933242798,0.9989363551139832
2005-06-16,9700,3.2699999809265137,3.3499999046325684,3.4000000953674316,3.2699999809265137,1.0079628229141235
2005-06-15,51500,3.299999952316284,3.299999952316284,3.369999885559082,3.2699999809265137,0.9929186701774597
2005-06-14,13200,3.200000047683716,3.259999990463257,3.369999885559082,3.200000047683716,0.9808832406997681
2005-06-13,76400,3.2300000190734863,3.2899999618530273,3.4000000953674316,3.2300000190734863,0.989909827709198
2005-06-10,31000,3.0999999046325684,3.1500000953674316,3.25,3.0999999046325684,0.9477859735488892
2005-06-09,6200,3.049999952316284,3.0899999141693115,3.0999999046325684,3.0,0.9297329187393188
2005-06-08,7000,3.0,3.0,3.009999990463257,3.0,0.9026533365249634
2005-06-07,56300,3.0999999046325684,3.0,3.25,2.9000000953674316,0.9026533365249634
2005-06-06,17000,3.0,3.0,3.0,2.799999952316284,0.9026533365249634
2005-06-03,40500,2.9000000953674316,2.9000000953674316,3.009999990463257,2.9000000953674316,0.8725649118423462
2005-06-02,14500,2.9000000953674316,2.799999952316284,2.9100000858306885,2.799999952316284,0.8424764275550842
2005-06-01,10800,2.799999952316284,2.8499999046325684,2.930000066757202,2.759999990463257,0.8575206398963928
2005-05-31,17000,2.9000000953674316,2.799999952316284,2.9000000953674316,2.5399999618530273,0.8424764275550842
2005-05-27,22900,2.7300000190734863,2.9000000953674316,2.9000000953674316,2.680000066757202,0.8725649118423462
2005-05-26,1500,2.619999885559082,2.700000047683716,2.700000047683716,2.619999885559082,0.8123880624771118
2005-05-25,7200,2.619999885559082,2.6500000953674316,2.6500000953674316,2.619999885559082,0.7973438501358032
2005-05-24,21900,2.5999999046325684,2.5799999237060547,2.5999999046325684,2.5199999809265137,0.7762818336486816
2005-05-23,1900,2.6500000953674316,2.5899999141693115,2.6500000953674316,2.549999952316284,0.7792906165122986
2005-05-20,23300,2.5999999046325684,2.6500000953674316,2.6500000953674316,2.5,0.7973438501358032
2005-05-19,12400,2.700000047683716,2.6500000953674316,2.7699999809265137,2.6500000953674316,0.7973438501358032
2005-05-18,13200,2.690000057220459,2.7200000286102295,2.759999990463257,2.690000057220459,0.8184056878089905
2005-05-17,10500,2.6500000953674316,2.609999895095825,2.690000057220459,2.5199999809265137,0.7853083610534668
2005-05-16,43300,2.9000000953674316,2.700000047683716,2.9000000953674316,2.700000047683716,0.8123880624771118
2005-05-13,44200,2.680000066757202,2.8499999046325684,2.9700000286102295,2.630000114440918,0.8575206398963928
2005-05-12,4000,2.700000047683716,2.630000114440918,2.700000047683716,2.630000114440918,0.791326105594635
2005-05-11,6600,2.799999952316284,2.7100000381469727,2.799999952316284,2.7100000381469727,0.8153968453407288
2005-05-10,6200,2.8499999046325684,2.799999952316284,2.8499999046325684,2.6500000953674316,0.8424764275550842
2005-05-09,2100,2.9000000953674316,2.8299999237060547,2.9000000953674316,2.75,0.8515028953552246
2005-05-06,4400,2.930000066757202,2.799999952316284,2.930000066757202,2.799999952316284,0.8424764275550842
2005-05-05,58500,2.75,2.930000066757202,2.950000047683716,2.75,0.8815914392471313
2005-05-04,7000,2.75,2.759999990463257,2.759999990463257,2.7300000190734863,0.8304410576820374
2005-05-03,9700,2.75,2.759999990463257,2.759999990463257,2.700000047683716,0.8304410576820374
2005-05-02,10200,2.5,2.75,2.7699999809265137,2.5,0.8274321556091309
2005-04-29,44700,2.509999990463257,2.549999952316284,2.9000000953674316,2.450000047683716,0.7672553062438965
2005-04-28,25600,2.5,2.5,2.75,2.5,0.7522110939025879
2005-04-27,3900,2.6500000953674316,2.700000047683716,2.7300000190734863,2.6500000953674316,0.8123880624771118
2005-04-26,1700,2.6500000953674316,2.7699999809265137,2.7699999809265137,2.6500000953674316,0.8334499001502991
2005-04-25,8700,2.7899999618530273,2.7899999618530273,2.8299999237060547,2.75,0.8394675850868225
2005-04-22,8300,2.700000047683716,2.7899999618530273,2.799999952316284,2.700000047683716,0.8394675850868225
2005-04-21,10300,2.640000104904175,2.6500000953674316,2.6500000953674316,2.5999999046325684,0.7973438501358032
2005-04-20,24100,2.700000047683716,2.619999885559082,2.75,2.619999885559082,0.7883172631263733
2005-04-19,23200,2.450000047683716,2.619999885559082,2.619999885559082,2.440000057220459,0.7883172631263733
2005-04-18,81700,2.299999952316284,2.4000000953674316,2.5999999046325684,2.299999952316284,0.7221226692199707
2005-04-15,31800,2.680000066757202,2.5999999046325684,2.740000009536743,2.549999952316284,0.7822995185852051
2005-04-14,28200,2.799999952316284,2.75,2.8499999046325684,2.6500000953674316,0.8274321556091309
2005-04-13,18500,2.9130001068115234,2.799999952316284,2.9130001068115234,2.5999999046325684,0.8424764275550842
2005-04-12,6000,3.0,2.9600000381469727,3.0,2.9100000858306885,0.8906179666519165
2005-04-11,12600,3.009999990463257,2.9600000381469727,3.009999990463257,2.9000000953674316,0.8906179666519165
2005-04-08,24400,2.9800000190734863,2.9600000381469727,3.049999952316284,2.9600000381469727,0.8906179666519165
2005-04-07,10300,3.049999952316284,3.0,3.049999952316284,3.0,0.9026533365249634
2005-04-06,11200,3.190000057220459,3.0199999809265137,3.190000057220459,3.0,0.908670961856842
2005-04-05,13300,3.0999999046325684,3.119999885559082,3.299999952316284,3.0999999046325684,0.9387593865394592
2005-04-04,24000,3.1600000858306885,3.0999999046325684,3.450000047683716,3.0999999046325684,0.9327417016029358
2005-04-01,22100,2.9000000953674316,3.119999885559082,3.390000104904175,2.9000000953674316,0.9387593865394592
2005-03-31,15700,2.819999933242798,2.880000114440918,2.9000000953674316,2.5,0.8665472269058228
2005-03-30,57300,2.950000047683716,2.799999952316284,3.0,2.299999952316284,0.8424764275550842
2005-03-29,32500,3.059999942779541,2.9000000953674316,3.069999933242798,2.9000000953674316,0.8725649118423462
2005-03-28,9800,3.1500000953674316,3.059999942779541,3.1500000953674316,3.059999942779541,0.9207063913345337
2005-03-24,12400,3.0999999046325684,3.049999952316284,3.200000047683716,3.049999952316284,0.917697548866272
2005-03-23,31500,3.2300000190734863,3.0199999809265137,3.2300000190734863,2.950000047683716,0.908670961856842
2005-03-22,8900,3.369999885559082,3.2200000286102295,3.369999885559082,3.2100000381469727,0.968847930431366
2005-03-21,38900,3.180000066757202,3.3399999141693115,3.5,3.180000066757202,1.0049539804458618
2005-03-18,2100,3.0999999046325684,3.0999999046325684,3.0999999046325684,3.0999999046325684,0.9327417016029358
2005-03-17,17400,2.930000066757202,3.1500000953674316,3.1700000762939453,2.930000066757202,0.9477859735488892
2005-03-16,43800,3.059999942779541,3.009999990463257,3.059999942779541,2.9700000286102295,0.9056621789932251
2005-03-15,21200,3.3299999237060547,3.0899999141693115,3.3299999237060547,3.049999952316284,0.9297329187393188
2005-03-14,14400,3.25,3.299999952316284,3.299999952316284,3.25,0.9929186701774597
2005-03-11,16600,3.25,3.2200000286102295,3.259999990463257,3.200000047683716,0.968847930431366
2005-03-10,77100,3.4000000953674316,3.299999952316284,3.569999933242798,3.0999999046325684,0.9929186701774597
2005-03-09,33200,3.1500000953674316,3.3399999141693115,3.3499999046325684,3.049999952316284,1.0049539804458618
2005-03-08,45000,3.299999952316284,3.1500000953674316,3.309999942779541,3.059999942779541,0.9477859735488892
2005-03-07,17000,3.299999952316284,3.3399999141693115,3.359999895095825,3.299999952316284,1.0049539804458618
2005-03-04,20900,3.380000114440918,3.3499999046325684,3.450000047683716,3.309999942779541,1.0079628229141235
2005-03-03,20300,3.299999952316284,3.3499999046325684,3.3499999046325684,3.200000047683716,1.0079628229141235
2005-03-02,15000,3.3499999046325684,3.2899999618530273,3.3499999046325684,3.2100000381469727,0.989909827709198
2005-03-01,9000,3.4000000953674316,3.3499999046325684,3.4000000953674316,3.180000066757202,1.0079628229141235
2005-02-28,47600,3.25,3.4700000286102295,3.5,3.1500000953674316,1.0440690517425537
2005-02-25,40500,3.1500000953674316,3.1600000858306885,3.3499999046325684,3.1500000953674316,0.9507948756217957
2005-02-24,10300,3.049999952316284,3.140000104904175,3.240000009536743,3.0,0.9447771906852722
2005-02-23,5300,3.0,3.009999990463257,3.069999933242798,2.8499999046325684,0.9056621789932251
2005-02-22,30700,3.0,3.0299999713897705,3.299999952316284,2.9700000286102295,0.9116798639297485
2005-02-18,17500,3.0999999046325684,3.0,3.0999999046325684,2.9700000286102295,0.9026533365249634
2005-02-17,40700,2.809999942779541,2.950000047683716,3.0999999046325684,2.809999942779541,0.8876091241836548
2005-02-16,50600,2.930000066757202,2.8299999237060547,3.0,2.759999990463257,0.8515028953552246
2005-02-15,174200,3.359999895095825,3.0,3.359999895095825,2.9000000953674316,0.9026533365249634
2005-02-14,176900,2.5199999809265137,3.200000047683716,3.2100000381469727,2.5199999809265137,0.9628302454948425
2005-02-11,35700,2.450000047683716,2.549999952316284,2.5999999046325684,2.450000047683716,0.7672553062438965
2005-02-10,8500,2.4000000953674316,2.450000047683716,2.450000047683716,2.299999952316284,0.7371668815612793
2005-02-09,16400,2.4100000858306885,2.4000000953674316,2.4800000190734863,2.4000000953674316,0.7221226692199707
2005-02-08,33600,2.359999895095825,2.4800000190734863,2.5,2.359999895095825,0.7461934089660645
2005-02-07,41400,2.3299999237060547,2.3399999141693115,2.369999885559082,2.319999933242798,0.7040695548057556
2005-02-04,30400,2.1500000953674316,2.259999990463257,2.2699999809265137,2.1500000953674316,0.6799988150596619
2005-02-03,11400,2.2100000381469727,2.180000066757202,2.259999990463257,2.119999885559082,0.6559280753135681
2005-02-02,5700,2.200000047683716,2.2100000381469727,2.2100000381469727,2.200000047683716,0.6649546027183533
2005-02-01,54300,2.200000047683716,2.1500000953674316,2.2100000381469727,2.119999885559082,0.646901547908783
2005-01-31,18100,2.25,2.1500000953674316,2.25,2.130000114440918,0.646901547908783
2005-01-28,21200,2.1500000953674316,2.25,2.25,2.0999999046325684,0.6769900321960449
2005-01-27,7500,2.25,2.2100000381469727,2.25,2.200000047683716,0.6649546027183533
2005-01-26,21900,2.1700000762939453,2.259999990463257,2.259999990463257,2.109999895095825,0.6799988150596619
2005-01-25,7100,2.1500000953674316,2.200000047683716,2.2100000381469727,2.109999895095825,0.6619458198547363
2005-01-24,19200,2.25,2.2300000190734863,2.299999952316284,2.180000066757202,0.6709722876548767
2005-01-21,14800,2.2300000190734863,2.25,2.299999952316284,2.200000047683716,0.6769900321960449
2005-01-20,13200,2.119999885559082,2.25,2.369999885559082,2.109999895095825,0.6769900321960449
2005-01-19,30300,2.119999885559082,2.119999885559082,2.119999885559082,2.109999895095825,0.637874960899353
2005-01-18,56300,2.130000114440918,2.0799999237060547,2.130000114440918,2.0799999237060547,0.6258395910263062
2005-01-14,18500,2.0399999618530273,2.059999942779541,2.069999933242798,2.0399999618530273,0.6198219656944275
2005-01-13,25300,2.0399999618530273,2.0,2.0999999046325684,2.0,0.6017689108848572
2005-01-12,35900,2.0,2.009999990463257,2.059999942779541,1.9500000476837158,0.6047777533531189
2005-01-11,1500,2.0,2.0,2.2300000190734863,2.0,0.6017689108848572
2005-01-10,2800,2.0,2.0799999237060547,2.0899999141693115,2.0,0.6258395910263062
2005-01-07,9600,2.180000066757202,2.0,2.2300000190734863,2.0,0.6017689108848572
2005-01-06,12600,2.0199999809265137,2.069999933242798,2.069999933242798,2.0199999809265137,0.6228307485580444
2005-01-05,21100,2.069999933242798,2.049999952316284,2.069999933242798,1.9500000476837158,0.616813063621521
2005-01-04,46400,2.009999990463257,2.0,2.0899999141693115,1.9800000190734863,0.6017689108848572
2005-01-03,49000,2.3499999046325684,2.009999990463257,2.390000104904175,2.009999990463257,0.6047777533531189
2004-12-31,13200,2.0999999046325684,2.299999952316284,2.299999952316284,2.0999999046325684,0.6920342445373535
2004-12-30,14600,2.309999942779541,2.109999895095825,2.309999942779541,2.0899999141693115,0.6348661780357361
2004-12-29,16000,2.0999999046325684,2.2200000286102295,2.2200000286102295,2.0899999141693115,0.6679635047912598
2004-12-28,20100,2.109999895095825,2.0899999141693115,2.190000057220459,2.0899999141693115,0.6288484930992126
2004-12-27,41800,2.2899999618530273,2.140000104904175,2.299999952316284,1.909999966621399,0.643892765045166
2004-12-23,41000,2.3299999237060547,2.2899999618530273,2.369999885559082,2.2899999618530273,0.689025342464447
2004-12-22,35700,2.450000047683716,2.3399999141693115,2.4700000286102295,2.3399999141693115,0.7040695548057556
2004-12-21,101600,2.309999942779541,2.450000047683716,2.490000009536743,2.309999942779541,0.7371668815612793
2004-12-20,83700,2.2200000286102295,2.299999952316284,2.369999885559082,2.1500000953674316,0.6920342445373535
2004-12-17,43400,2.059999942779541,2.1500000953674316,2.1700000762939453,2.0199999809265137,0.646901547908783
2004-12-16,35100,1.9500000476837158,2.059999942779541,2.119999885559082,1.9500000476837158,0.6198219656944275
2004-12-15,85600,1.899999976158142,1.9500000476837158,1.9800000190734863,1.899999976158142,0.5867246389389038
2004-12-14,50400,1.7999999523162842,1.8300000429153442,1.8799999952316284,1.7999999523162842,0.5506185293197632
2004-12-13,17600,1.7799999713897705,1.7899999618530273,1.8300000429153442,1.7599999904632568,0.5385830998420715
2004-12-10,4700,1.7599999904632568,1.7699999809265137,1.7699999809265137,1.75,0.5325654745101929
2004-12-09,15400,1.7999999523162842,1.7599999904632568,1.840000033378601,1.75,0.5295566320419312
2004-12-08,45400,1.809999942779541,1.7799999713897705,1.8200000524520874,1.7000000476837158,0.5355743169784546
2004-12-07,36000,1.8700000047683716,1.940000057220459,1.9700000286102295,1.850000023841858,0.5837158560752869
2004-12-06,16000,1.899999976158142,1.899999976158142,1.9500000476837158,1.8700000047683716,0.5716804265975952
2004-12-03,22300,1.840000033378601,1.899999976158142,1.899999976158142,1.8200000524520874,0.5716804265975952
2004-12-02,62900,1.9600000381469727,1.899999976158142,1.9600000381469727,1.7999999523162842,0.5716804265975952
2004-12-01,22200,2.0,1.9500000476837158,2.0,1.899999976158142,0.5867246389389038
2004-11-30,68300,2.0199999809265137,1.9700000286102295,2.0199999809265137,1.9600000381469727,0.592742383480072
2004-11-29,179300,1.899999976158142,2.0199999809265137,2.049999952316284,1.8899999856948853,0.6077865362167358
2004-11-26,71800,1.7999999523162842,1.8300000429153442,1.850000023841858,1.7899999618530273,0.5506185293197632
2004-11-24,27800,1.7999999523162842,1.7599999904632568,1.8200000524520874,1.7400000095367432,0.5295566320419312
2004-11-23,54700,1.7899999618530273,1.7699999809265137,1.840000033378601,1.75,0.5325654745101929
2004-11-22,100800,1.7400000095367432,1.7899999618530273,1.809999942779541,1.659999966621399,0.5385830998420715
2004-11-19,81400,1.5199999809265137,1.6699999570846558,1.6699999570846558,1.5199999809265137,0.5024769902229309
2004-11-18,32900,1.5399999618530273,1.5299999713897705,1.5700000524520874,1.5199999809265137,0.46035319566726685
2004-11-17,14000,1.5199999809265137,1.5199999809265137,1.5499999523162842,1.5199999809265137,0.45734432339668274
2004-11-16,24500,1.5399999618530273,1.5199999809265137,1.5499999523162842,1.5199999809265137,0.45734432339668274
2004-11-15,135000,1.4600000381469727,1.5199999809265137,1.5499999523162842,1.4500000476837158,0.45734432339668274
2004-11-12,36300,1.4800000190734863,1.4299999475479126,1.4800000190734863,1.4199999570846558,0.43026474118232727
2004-11-11,14000,1.440000057220459,1.4199999570846558,1.440000057220459,1.4199999570846558,0.42725589871406555
2004-11-10,34200,1.350000023841858,1.3700000047683716,1.3799999952316284,1.3300000429153442,0.41221168637275696
2004-11-09,13300,1.399999976158142,1.399999976158142,1.399999976158142,1.3300000429153442,0.4212382137775421
2004-11-08,3000,1.350000023841858,1.399999976158142,1.399999976158142,1.350000023841858,0.4212382137775421
2004-11-05,1500,1.350000023841858,1.350000023841858,1.350000023841858,1.350000023841858,0.4061940312385559
2004-11-04,4300,1.399999976158142,1.350000023841858,1.4500000476837158,1.350000023841858,0.4061940312385559
2004-11-03,5700,1.4500000476837158,1.399999976158142,1.4500000476837158,1.399999976158142,0.4212382137775421
2004-11-02,13000,1.3600000143051147,1.350000023841858,1.399999976158142,1.309999942779541,0.4061940312385559
2004-11-01,15100,1.3200000524520874,1.350000023841858,1.4199999570846558,1.3200000524520874,0.4061940312385559
2004-10-29,12600,1.399999976158142,1.350000023841858,1.409999966621399,1.350000023841858,0.4061940312385559
2004-10-28,43300,1.399999976158142,1.4500000476837158,1.4800000190734863,1.3799999952316284,0.4362824559211731
2004-10-27,77600,1.5199999809265137,1.4500000476837158,1.5800000429153442,1.4500000476837158,0.4362824559211731
2004-10-26,196000,1.3799999952316284,1.4900000095367432,1.5099999904632568,1.350000023841858,0.44831782579421997
2004-10-25,48600,1.3799999952316284,1.3899999856948853,1.399999976158142,1.350000023841858,0.4182294011116028
2004-10-22,24700,1.340000033378601,1.350000023841858,1.3799999952316284,1.2999999523162842,0.4061940312385559
2004-10-21,31900,1.340000033378601,1.2999999523162842,1.350000023841858,1.25,0.39114975929260254
2004-10-20,22400,1.3300000429153442,1.2999999523162842,1.3799999952316284,1.1799999475479126,0.39114975929260254
2004-10-19,1600,1.2999999523162842,1.3300000429153442,1.3300000429153442,1.2999999523162842,0.4001763164997101
2004-10-18,9400,1.2999999523162842,1.2999999523162842,1.2999999523162842,1.2200000286102295,0.39114975929260254
2004-10-15,3600,1.25,1.25,1.350000023841858,1.149999976158142,0.37610554695129395
2004-10-14,1300,1.350000023841858,1.350000023841858,1.350000023841858,1.350000023841858,0.4061940312385559
2004-10-13,14600,1.2699999809265137,1.2799999713897705,1.2799999713897705,1.149999976158142,0.3851320743560791
2004-10-12,11000,1.2999999523162842,1.2599999904632568,1.309999942779541,1.2599999904632568,0.37911438941955566
2004-10-11,52300,1.350000023841858,1.2999999523162842,1.3700000047683716,1.2999999523162842,0.39114975929260254
2004-10-08,2100,1.25,1.25,1.25,1.25,0.37610554695129395
2004-10-07,28700,1.2400000095367432,1.2200000286102295,1.25,1.2100000381469727,0.3670790195465088
2004-10-06,1000,1.1799999475479126,1.1799999475479126,1.1799999475479126,1.1799999475479126,0.3550436198711395
2004-10-05,37900,1.2300000190734863,1.2000000476837158,1.2300000190734863,1.190000057220459,0.36106133460998535
2004-10-04,17100,1.1399999856948853,1.2300000190734863,1.2300000190734863,1.1299999952316284,0.3700878918170929
2004-10-01,26100,1.149999976158142,1.100000023841858,1.1799999475479126,1.090000033378601,0.33097290992736816
2004-09-30,126700,1.149999976158142,1.100000023841858,1.1799999475479126,1.0800000429153442,0.33097290992736816
2004-09-29,32300,1.2599999904632568,1.2000000476837158,1.2799999713897705,1.149999976158142,0.36106133460998535
2004-09-28,100,1.2599999904632568,1.2599999904632568,1.2599999904632568,1.2599999904632568,0.37911438941955566
2004-09-27,42200,1.3300000429153442,1.350000023841858,1.3700000047683716,1.3200000524520874,0.4061940312385559
2004-09-24,200,1.3300000429153442,1.3300000429153442,1.3300000429153442,1.3300000429153442,0.4001763164997101
2004-09-23,13300,1.309999942779541,1.2999999523162842,1.3200000524520874,1.25,0.39114975929260254
2004-09-22,23000,1.2999999523162842,1.309999942779541,1.3200000524520874,1.2999999523162842,0.39415863156318665
2004-09-21,49700,1.2599999904632568,1.3200000524520874,1.340000033378601,1.2200000286102295,0.39716747403144836
2004-09-20,1500,1.2200000286102295,1.25,1.25,1.2200000286102295,0.37610554695129395
2004-09-17,13300,1.25,1.25,1.25,1.25,0.37610554695129395
2004-09-16,25900,1.2699999809265137,1.2400000095367432,1.2799999713897705,1.2400000095367432,0.3730967044830322
2004-09-15,38500,1.2000000476837158,1.25,1.2999999523162842,1.1100000143051147,0.37610554695129395
2004-09-14,15800,1.2799999713897705,1.2300000190734863,1.2799999713897705,1.2300000190734863,0.3700878918170929
2004-09-13,2100,1.2799999713897705,1.2799999713897705,1.2799999713897705,1.25,0.3851320743560791
2004-09-10,30900,1.2000000476837158,1.2799999713897705,1.3300000429153442,1.1799999475479126,0.3851320743560791
2004-09-09,22800,1.1799999475479126,1.1799999475479126,1.2000000476837158,1.1699999570846558,0.3550436198711395
2004-09-08,23000,1.2400000095367432,1.1799999475479126,1.2400000095367432,1.1699999570846558,0.3550436198711395
2004-09-07,13800,1.2300000190734863,1.2400000095367432,1.2400000095367432,1.1699999570846558,0.3730967044830322
2004-09-03,32400,1.1699999570846558,1.2000000476837158,1.2200000286102295,1.149999976158142,0.36106133460998535
2004-09-02,32600,1.100000023841858,1.059999942779541,1.190000057220459,1.0499999523162842,0.3189374804496765
2004-09-01,11700,1.1399999856948853,1.090000033378601,1.1399999856948853,0.9900000095367432,0.32796403765678406
2004-08-31,200,0.9900000095367432,0.9900000095367432,0.9900000095367432,0.9900000095367432,0.29787561297416687
2004-08-30,500,1.0800000429153442,1.0800000429153442,1.0800000429153442,1.0800000429153442,0.32495519518852234
2004-08-27,900,0.9900000095367432,1.0,1.0,0.9900000095367432,0.3008844554424286
2004-08-26,6600,1.059999942779541,0.9800000190734863,1.059999942779541,0.9800000190734863,0.29486677050590515
2004-08-25,10500,1.0299999713897705,1.0499999523162842,1.0499999523162842,1.0099999904632568,0.3159286379814148
2004-08-24,3000,1.0299999713897705,1.0299999713897705,1.0299999713897705,1.0299999713897705,0.30991098284721375
2004-08-23,11200,1.0499999523162842,1.0800000429153442,1.0800000429153442,1.0199999809265137,0.32495519518852234
2004-08-20,53500,1.0499999523162842,1.100000023841858,1.1200000047683716,1.0,0.33097290992736816
2004-08-19,6500,0.9599999785423279,1.0399999618530273,1.0499999523162842,0.949999988079071,0.3129197955131531
2004-08-18,63400,1.0700000524520874,1.0099999904632568,1.0700000524520874,0.8999999761581421,0.3038932681083679
2004-08-17,69000,1.149999976158142,1.0199999809265137,1.149999976158142,0.949999988079071,0.306902140378952
2004-08-16,77100,1.25,1.1100000143051147,1.25,1.0499999523162842,0.3339817523956299
2004-08-13,6200,1.149999976158142,1.2000000476837158,1.2000000476837158,1.149999976158142,0.36106133460998535
2004-08-12,9600,1.2000000476837158,1.25,1.25,1.149999976158142,0.37610554695129395
2004-08-11,6100,1.2999999523162842,1.2000000476837158,1.350000023841858,1.2000000476837158,0.36106133460998535
2004-08-10,500,1.2999999523162842,1.2999999523162842,1.2999999523162842,1.2999999523162842,0.39114975929260254
2004-08-09,5700,1.149999976158142,1.25,1.25,1.149999976158142,0.37610554695129395
2004-08-06,24200,1.149999976158142,1.2000000476837158,1.2000000476837158,1.149999976158142,0.36106133460998535
2004-08-05,7700,1.350000023841858,1.3300000429153442,1.350000023841858,1.2999999523162842,0.4001763164997101
2004-08-04,15000,1.350000023841858,1.3799999952316284,1.3899999856948853,1.3300000429153442,0.4152205288410187
2004-08-03,32000,1.3700000047683716,1.3700000047683716,1.3899999856948853,1.350000023841858,0.41221168637275696
2004-08-02,34600,1.350000023841858,1.3700000047683716,1.3700000047683716,1.2999999523162842,0.41221168637275696
2004-07-30,24700,1.2699999809265137,1.3600000143051147,1.3600000143051147,1.2699999809265137,0.40920284390449524
2004-07-29,40800,1.25,1.3200000524520874,1.3600000143051147,1.25,0.39716747403144836
2004-07-28,3500,1.159999966621399,1.25,1.25,1.100000023841858,0.37610554695129395
2004-07-27,28500,1.2799999713897705,1.2100000381469727,1.2799999713897705,1.2100000381469727,0.36407017707824707
2004-07-26,61000,1.2799999713897705,1.2799999713897705,1.350000023841858,1.25,0.3851320743560791
2004-07-23,18400,1.2799999713897705,1.2799999713897705,1.2799999713897705,1.25,0.3851320743560791
2004-07-22,65900,1.25,1.25,1.2599999904632568,1.1299999952316284,0.37610554695129395
2004-07-21,10700,1.25,1.25,1.25,1.2000000476837158,0.37610554695129395
2004-07-20,19000,1.340000033378601,1.340000033378601,1.399999976158142,1.2999999523162842,0.4031851589679718
2004-07-19,26900,1.399999976158142,1.3200000524520874,1.399999976158142,1.25,0.39716747403144836
2004-07-16,93500,1.3799999952316284,1.350000023841858,1.5,1.2999999523162842,0.4061940312385559
2004-07-15,135700,1.2699999809265137,1.3200000524520874,1.3200000524520874,1.2000000476837158,0.39716747403144836
2004-07-14,1300,1.100000023841858,1.100000023841858,1.100000023841858,1.100000023841858,0.33097290992736816
2004-07-13,106900,1.1699999570846558,1.1299999952316284,1.25,1.1100000143051147,0.33999940752983093
2004-07-12,194500,1.0499999523162842,1.2200000286102295,1.2200000286102295,1.0499999523162842,0.3670790195465088
2004-07-09,27800,1.190000057220459,1.090000033378601,1.190000057220459,1.0499999523162842,0.32796403765678406
2004-07-08,4200,1.190000057220459,1.190000057220459,1.190000057220459,1.190000057220459,0.358052521944046
2004-07-07,8500,1.149999976158142,1.149999976158142,1.2300000190734863,1.100000023841858,0.34601712226867676
2004-07-06,35100,1.1799999475479126,1.059999942779541,1.1799999475479126,1.0399999618530273,0.3189374804496765
2004-07-02,27200,1.059999942779541,1.1100000143051147,1.2300000190734863,1.059999942779541,0.3339817523956299
2004-07-01,117800,1.0099999904632568,1.149999976158142,1.1699999570846558,1.0,0.34601712226867676
2004-06-30,43600,0.8899999856948853,0.9900000095367432,1.0099999904632568,0.8899999856948853,0.29787561297416687
2004-06-29,0,0.8999999761581421,0.8999999761581421,0.8999999761581421,0.8999999761581421,0.270796000957489
2004-06-28,3000,0.8899999856948853,0.8999999761581421,0.8999999761581421,0.8899999856948853,0.270796000957489
2004-06-25,29600,0.9300000071525574,0.8899999856948853,0.949999988079071,0.8899999856948853,0.2677871584892273
2004-06-24,9100,1.0,0.9599999785423279,1.0099999904632568,0.9200000166893005,0.2888490557670593
2004-06-23,1000,0.9200000166893005,0.9200000166893005,0.9200000166893005,0.9200000166893005,0.27681368589401245
2004-06-22,36300,0.9800000190734863,0.9300000071525574,1.0,0.9300000071525574,0.27982252836227417
2004-06-21,38700,0.9900000095367432,1.0,1.0,0.9100000262260437,0.3008844554424286
2004-06-18,12700,0.9900000095367432,0.8899999856948853,0.9900000095367432,0.8899999856948853,0.2677871584892273
2004-06-17,79000,0.8999999761581421,0.8500000238418579,0.8999999761581421,0.8100000023841858,0.2557517886161804
2004-06-16,5000,0.8899999856948853,0.8899999856948853,0.8899999856948853,0.8899999856948853,0.2677871584892273
2004-06-15,18500,0.8500000238418579,0.8899999856948853,0.9200000166893005,0.8500000238418579,0.2677871584892273
2004-06-14,0,1.0,1.0,1.0,1.0,0.3008844554424286
2004-06-10,0,1.0,1.0,1.0,1.0,0.3008844554424286
2004-06-09,0,1.0,1.0,1.0,1.0,0.3008844554424286
2004-06-08,0,1.0,1.0,1.0,1.0,0.3008844554424286
2004-06-07,1200,0.8500000238418579,1.0,1.0,0.8500000238418579,0.3008844554424286
2004-06-04,4600,0.8799999952316284,0.949999988079071,0.949999988079071,0.8799999952316284,0.2858402132987976
2004-06-03,17400,1.0199999809265137,0.949999988079071,1.0499999523162842,0.949999988079071,0.2858402132987976
2004-06-02,12700,1.0299999713897705,1.0299999713897705,1.0499999523162842,1.0299999713897705,0.30991098284721375
2004-06-01,25400,1.0499999523162842,1.0299999713897705,1.0499999523162842,1.0199999809265137,0.30991098284721375
2004-05-28,0,1.0499999523162842,1.0499999523162842,1.0499999523162842,1.0499999523162842,0.3159286379814148
2004-05-27,10000,1.0399999618530273,1.0499999523162842,1.0499999523162842,1.0199999809265137,0.3159286379814148
2004-05-26,3000,1.0499999523162842,1.0399999618530273,1.0499999523162842,1.0399999618530273,0.3129197955131531
2004-05-25,5500,1.059999942779541,1.0499999523162842,1.0800000429153442,1.0499999523162842,0.3159286379814148
2004-05-24,28000,1.059999942779541,1.0399999618530273,1.059999942779541,1.0099999904632568,0.3129197955131531
2004-05-21,4500,1.0700000524520874,1.059999942779541,1.0700000524520874,1.059999942779541,0.3189374804496765
2004-05-20,6900,1.0800000429153442,1.0499999523162842,1.090000033378601,1.0499999523162842,0.3159286379814148
2004-05-19,41200,1.1200000047683716,1.0499999523162842,1.149999976158142,1.0499999523162842,0.3159286379814148
2004-05-18,100,1.1200000047683716,1.1200000047683716,1.1200000047683716,1.1200000047683716,0.3369905650615692
2004-05-17,15000,1.1799999475479126,1.1200000047683716,1.1799999475479126,1.1200000047683716,0.3369905650615692
2004-05-14,0,1.100000023841858,1.100000023841858,1.100000023841858,1.100000023841858,0.33097290992736816
2004-05-13,39100,1.149999976158142,1.100000023841858,1.149999976158142,1.100000023841858,0.33097290992736816
2004-05-12,4000,1.149999976158142,1.1200000047683716,1.149999976158142,1.1200000047683716,0.3369905650615692
2004-05-11,7700,1.059999942779541,1.059999942779541,1.090000033378601,1.059999942779541,0.3189374804496765
2004-05-10,43700,1.100000023841858,1.0700000524520874,1.149999976158142,1.0700000524520874,0.321946382522583
2004-05-07,13900,1.1200000047683716,1.1399999856948853,1.149999976158142,1.1200000047683716,0.34300824999809265
2004-05-06,34300,1.2300000190734863,1.2000000476837158,1.2300000190734863,1.149999976158142,0.36106133460998535
2004-05-05,27500,1.159999966621399,1.2400000095367432,1.2599999904632568,1.100000023841858,0.3730967044830322
2004-05-04,94400,1.1699999570846558,1.149999976158142,1.190000057220459,1.100000023841858,0.34601712226867676
2004-05-03,54400,1.2200000286102295,1.1799999475479126,1.2400000095367432,1.1699999570846558,0.3550436198711395
2004-04-30,112700,1.2200000286102295,1.1799999475479126,1.2200000286102295,1.1200000047683716,0.3550436198711395
2004-04-29,113000,1.190000057220459,1.2200000286102295,1.2200000286102295,1.1799999475479126,0.3670790195465088
2004-04-28,112200,1.2300000190734863,1.1799999475479126,1.2300000190734863,1.1699999570846558,0.3550436198711395
2004-04-27,182000,1.2200000286102295,1.2000000476837158,1.25,1.100000023841858,0.36106133460998535
2004-04-26,430500,1.0399999618530273,1.100000023841858,1.2200000286102295,1.0099999904632568,0.33097290992736816
2004-04-23,79000,0.949999988079071,1.0099999904632568,1.0099999904632568,0.8500000238418579,0.3038932681083679
2004-04-22,8100,0.800000011920929,0.8500000238418579,0.8999999761581421,0.800000011920929,0.2557517886161804
2004-04-21,38900,0.8500000238418579,0.8500000238418579,0.8700000047683716,0.800000011920929,0.2557517886161804
2004-04-20,15300,0.7300000190734863,0.7699999809265137,0.7699999809265137,0.7300000190734863,0.23168101906776428
2004-04-19,5400,0.7300000190734863,0.7699999809265137,0.7699999809265137,0.7300000190734863,0.23168101906776428
2004-04-16,700,0.7300000190734863,0.7300000190734863,0.7300000190734863,0.7300000190734863,0.2196456491947174
2004-04-15,2500,0.75,0.75,0.75,0.75,0.22566333413124084
2004-04-14,0,0.7400000095367432,0.7400000095367432,0.7400000095367432,0.7400000095367432,0.22265449166297913
2004-04-13,15200,0.7400000095367432,0.7400000095367432,0.7400000095367432,0.7200000286102295,0.22265449166297913
2004-04-12,23000,0.7400000095367432,0.6899999976158142,0.7400000095367432,0.6899999976158142,0.20761026442050934
2004-04-08,0,0.6499999761581421,0.6499999761581421,0.6499999761581421,0.6499999761581421,0.19557487964630127
2004-04-07,0,0.6499999761581421,0.6499999761581421,0.6499999761581421,0.6499999761581421,0.19557487964630127
2004-04-06,0,0.6499999761581421,0.6499999761581421,0.6499999761581421,0.6499999761581421,0.19557487964630127
2004-04-05,4200,0.6600000262260437,0.6499999761581421,0.6600000262260437,0.6499999761581421,0.19557487964630127
2004-04-02,1100,0.6600000262260437,0.6600000262260437,0.6600000262260437,0.6600000262260437,0.19858373701572418
2004-04-01,2500,0.699999988079071,0.699999988079071,0.699999988079071,0.699999988079071,0.21061910688877106
2004-03-31,300,0.699999988079071,0.699999988079071,0.699999988079071,0.699999988079071,0.21061910688877106
2004-03-30,0,0.699999988079071,0.699999988079071,0.699999988079071,0.699999988079071,0.21061910688877106
2004-03-29,0,0.699999988079071,0.699999988079071,0.699999988079071,0.699999988079071,0.21061910688877106
2004-03-26,10500,0.699999988079071,0.699999988079071,0.699999988079071,0.699999988079071,0.21061910688877106
2004-03-25,0,0.699999988079071,0.699999988079071,0.699999988079071,0.699999988079071,0.21061910688877106
2004-03-24,13200,0.699999988079071,0.699999988079071,0.699999988079071,0.6200000047683716,0.21061910688877106
2004-03-23,18200,0.75,0.7200000286102295,0.75,0.699999988079071,0.2166368067264557
2004-03-22,37000,0.7300000190734863,0.7200000286102295,0.75,0.7200000286102295,0.2166368067264557
2004-03-19,5000,0.7200000286102295,0.75,0.800000011920929,0.7200000286102295,0.22566333413124084
2004-03-18,1000,0.7200000286102295,0.7200000286102295,0.7200000286102295,0.7200000286102295,0.2166368067264557
2004-03-17,2000,0.7200000286102295,0.75,0.75,0.7200000286102295,0.22566333413124084
2004-03-16,22000,0.7200000286102295,0.75,0.75,0.7200000286102295,0.22566333413124084
2004-03-15,1000,0.7200000286102295,0.7200000286102295,0.7200000286102295,0.7200000286102295,0.2166368067264557
2004-03-12,0,0.8500000238418579,0.8500000238418579,0.8500000238418579,0.8500000238418579,0.2557517886161804
2004-03-11,2500,0.7200000286102295,0.8500000238418579,0.8500000238418579,0.7200000286102295,0.2557517886161804
2004-03-10,6000,0.7300000190734863,0.7400000095367432,0.7400000095367432,0.7300000190734863,0.22265449166297913
2004-03-09,2000,0.800000011920929,0.75,0.800000011920929,0.75,0.22566333413124084
2004-03-08,0,0.7200000286102295,0.7200000286102295,0.7200000286102295,0.7200000286102295,0.2166368067264557
2004-03-05,0,0.7200000286102295,0.7200000286102295,0.7200000286102295,0.7200000286102295,0.2166368067264557
2004-03-04,0,0.7200000286102295,0.7200000286102295,0.7200000286102295,0.7200000286102295,0.2166368067264557
2004-03-03,0,0.7200000286102295,0.7200000286102295,0.7200000286102295,0.7200000286102295,0.2166368067264557
2004-03-02,300,0.7200000286102295,0.7200000286102295,0.7200000286102295,0.7200000286102295,0.2166368067264557
2004-03-01,2000,0.800000011920929,0.800000011920929,0.800000011920929,0.800000011920929,0.24070756137371063
2004-02-27,0,0.7200000286102295,0.7200000286102295,0.7200000286102295,0.7200000286102295,0.2166368067264557
2004-02-26,1100,0.7200000286102295,0.7200000286102295,0.7200000286102295,0.7200000286102295,0.2166368067264557
2004-02-25,300,0.7799999713897705,0.7799999713897705,0.7799999713897705,0.7799999713897705,0.2346898466348648
2004-02-24,0,0.800000011920929,0.800000011920929,0.800000011920929,0.800000011920929,0.24070756137371063
2004-02-23,5200,0.7200000286102295,0.800000011920929,0.800000011920929,0.7200000286102295,0.24070756137371063
2004-02-20,9300,0.7300000190734863,0.75,0.75,0.7300000190734863,0.22566333413124084
2004-02-19,33900,0.800000011920929,0.7599999904632568,0.800000011920929,0.7400000095367432,0.22867216169834137
2004-02-18,9100,0.7300000190734863,0.75,0.8500000238418579,0.7300000190734863,0.22566333413124084
2004-02-17,400,0.7300000190734863,0.7300000190734863,0.7300000190734863,0.7300000190734863,0.2196456491947174
2004-02-13,2000,0.8500000238418579,0.8500000238418579,0.8500000238418579,0.8500000238418579,0.2557517886161804
2004-02-12,1900,0.8399999737739563,0.7099999785423279,0.8399999737739563,0.7099999785423279,0.21362794935703278
2004-02-11,2000,0.75,0.75,0.75,0.75,0.22566333413124084
2004-02-10,600,0.75,0.75,0.75,0.75,0.22566333413124084
2004-02-09,1000,0.8399999737739563,0.8399999737739563,0.8399999737739563,0.8399999737739563,0.2527429163455963
2004-02-06,10900,0.75,0.800000011920929,0.8399999737739563,0.7099999785423279,0.24070756137371063
2004-02-05,25400,0.800000011920929,0.8399999737739563,0.8399999737739563,0.800000011920929,0.2527429163455963
2004-02-04,23700,0.8299999833106995,0.800000011920929,0.8399999737739563,0.800000011920929,0.24070756137371063
2004-02-03,0,0.8199999928474426,0.8199999928474426,0.8199999928474426,0.8199999928474426,0.24672523140907288
2004-02-02,7500,0.8500000238418579,0.8199999928474426,0.8500000238418579,0.8199999928474426,0.24672523140907288
2004-01-30,0,0.8100000023841858,0.8100000023841858,0.8100000023841858,0.8100000023841858,0.24371640384197235
2004-01-29,1900,0.8500000238418579,0.8100000023841858,0.8500000238418579,0.8100000023841858,0.24371640384197235
2004-01-28,2600,0.8100000023841858,0.8500000238418579,0.8500000238418579,0.8100000023841858,0.2557517886161804
2004-01-27,18800,0.8399999737739563,0.8500000238418579,0.8999999761581421,0.8199999928474426,0.2557517886161804
2004-01-26,0,0.949999988079071,0.949999988079071,0.949999988079071,0.949999988079071,0.2858402132987976
2004-01-23,2200,0.8399999737739563,0.949999988079071,0.949999988079071,0.8399999737739563,0.2858402132987976
2004-01-22,5000,0.949999988079071,0.949999988079071,0.949999988079071,0.949999988079071,0.2858402132987976
2004-01-21,3000,0.8500000238418579,0.8500000238418579,0.8500000238418579,0.8500000238418579,0.2557517886161804
2004-01-20,2300,0.8700000047683716,0.9399999976158142,0.9399999976158142,0.8700000047683716,0.2828313708305359
2004-01-16,0,0.9300000071525574,0.9300000071525574,0.9300000071525574,0.9300000071525574,0.27982252836227417
2004-01-15,4000,0.9900000095367432,0.9300000071525574,0.9900000095367432,0.9300000071525574,0.27982252836227417
2004-01-14,7300,0.9200000166893005,0.9900000095367432,0.9900000095367432,0.9200000166893005,0.29787561297416687
2004-01-13,9500,0.8999999761581421,0.949999988079071,0.949999988079071,0.8799999952316284,0.2858402132987976
2004-01-12,0,0.8999999761581421,0.8999999761581421,0.8999999761581421,0.8999999761581421,0.270796000957489
2004-01-09,0,0.8999999761581421,0.8999999761581421,0.8999999761581421,0.8999999761581421,0.270796000957489
2004-01-08,2500,0.8199999928474426,0.8999999761581421,0.8999999761581421,0.8199999928474426,0.270796000957489
2004-01-07,5200,0.800000011920929,0.8999999761581421,0.8999999761581421,0.800000011920929,0.270796000957489
2004-01-06,13500,0.8600000143051147,0.8500000238418579,0.8600000143051147,0.800000011920929,0.2557517886161804
2004-01-05,2100,0.8999999761581421,0.8999999761581421,0.8999999761581421,0.8600000143051147,0.270796000957489
2004-01-02,0,0.949999988079071,0.949999988079071,0.949999988079071,0.949999988079071,0.2858402132987976
2003-12-31,13300,0.9700000286102295,0.949999988079071,0.9900000095367432,0.9100000262260437,0.2858402132987976
2003-12-30,4100,1.0,0.9700000286102295,1.0299999713897705,0.9700000286102295,0.29185792803764343
2003-12-29,17200,1.0299999713897705,0.9800000190734863,1.0299999713897705,0.9800000190734863,0.29486677050590515
2003-12-26,0,1.0299999713897705,1.0299999713897705,1.0299999713897705,1.0299999713897705,0.30991098284721375
2003-12-24,1000,1.0299999713897705,1.0299999713897705,1.0299999713897705,1.0299999713897705,0.30991098284721375
2003-12-23,24900,0.9900000095367432,1.0,1.0299999713897705,0.9100000262260437,0.3008844554424286
2003-12-22,39000,0.9399999976158142,0.9900000095367432,0.9900000095367432,0.9200000166893005,0.29787561297416687
2003-12-19,26400,0.949999988079071,0.949999988079071,1.0,0.8999999761581421,0.2858402132987976
2003-12-18,37900,0.8799999952316284,0.8799999952316284,0.9300000071525574,0.8700000047683716,0.2647783160209656
2003-12-17,24200,0.8799999952316284,0.8700000047683716,0.8799999952316284,0.8500000238418579,0.26176947355270386
2003-12-16,19400,0.8399999737739563,0.8299999833106995,0.8799999952316284,0.8100000023841858,0.2497340887784958
2003-12-15,9000,0.8500000238418579,0.8199999928474426,0.8500000238418579,0.8199999928474426,0.24672523140907288
2003-12-12,9000,0.8500000238418579,0.8500000238418579,0.8500000238418579,0.8100000023841858,0.2557517886161804
2003-12-11,3500,0.8600000143051147,0.8500000238418579,0.8600000143051147,0.8500000238418579,0.2557517886161804
2003-12-10,5000,0.8199999928474426,0.8199999928474426,0.8199999928474426,0.8199999928474426,0.24672523140907288
2003-12-09,0,0.800000011920929,0.800000011920929,0.800000011920929,0.800000011920929,0.24070756137371063
2003-12-08,95200,0.6899999976158142,0.800000011920929,0.800000011920929,0.6800000071525574,0.24070756137371063
2003-12-05,19100,0.699999988079071,0.6499999761581421,0.699999988079071,0.6499999761581421,0.19557487964630127
2003-12-04,15300,0.6100000143051147,0.6499999761581421,0.699999988079071,0.6100000143051147,0.19557487964630127
2003-12-03,1000,0.6100000143051147,0.6100000143051147,0.6100000143051147,0.6100000143051147,0.1835395097732544
2003-12-02,0,0.6000000238418579,0.6000000238418579,0.6000000238418579,0.6000000238418579,0.18053066730499268
2003-12-01,8400,0.6499999761581421,0.6000000238418579,0.6499999761581421,0.6000000238418579,0.18053066730499268
2003-11-28,0,0.6499999761581421,0.6499999761581421,0.6499999761581421,0.6499999761581421,0.19557487964630127
2003-11-26,1000,0.6499999761581421,0.6499999761581421,0.6499999761581421,0.6499999761581421,0.19557487964630127
2003-11-25,2000,0.6499999761581421,0.6499999761581421,0.6499999761581421,0.6499999761581421,0.19557487964630127
2003-11-24,0,0.6499999761581421,0.6499999761581421,0.6499999761581421,0.6499999761581421,0.19557487964630127
2003-11-21,0,0.6499999761581421,0.6499999761581421,0.6499999761581421,0.6499999761581421,0.19557487964630127
2003-11-20,0,0.6499999761581421,0.6499999761581421,0.6499999761581421,0.6499999761581421,0.19557487964630127
2003-11-19,2500,0.6499999761581421,0.6499999761581421,0.6499999761581421,0.6499999761581421,0.19557487964630127
2003-11-18,15500,0.699999988079071,0.699999988079071,0.7099999785423279,0.699999988079071,0.21061910688877106
2003-11-17,0,0.6899999976158142,0.6899999976158142,0.6899999976158142,0.6899999976158142,0.20761026442050934
2003-11-14,0,0.6899999976158142,0.6899999976158142,0.6899999976158142,0.6899999976158142,0.20761026442050934
2003-11-13,40500,0.6299999952316284,0.6899999976158142,0.699999988079071,0.6299999952316284,0.20761026442050934
2003-11-12,0,0.6000000238418579,0.6000000238418579,0.6000000238418579,0.6000000238418579,0.18053066730499268
2003-11-11,0,0.6000000238418579,0.6000000238418579,0.6000000238418579,0.6000000238418579,0.18053066730499268
2003-11-10,0,0.6000000238418579,0.6000000238418579,0.6000000238418579,0.6000000238418579,0.18053066730499268
2003-11-07,200,0.6000000238418579,0.6000000238418579,0.6000000238418579,0.6000000238418579,0.18053066730499268
2003-11-06,0,0.6000000238418579,0.6000000238418579,0.6000000238418579,0.6000000238418579,0.18053066730499268
2003-11-05,500,0.6000000238418579,0.6000000238418579,0.6000000238418579,0.6000000238418579,0.18053066730499268
2003-11-04,200,0.6000000238418579,0.6000000238418579,0.6000000238418579,0.6000000238418579,0.18053066730499268
2003-11-03,21500,0.6399999856948853,0.6499999761581421,0.6800000071525574,0.6000000238418579,0.19557487964630127
2003-10-31,6000,0.5899999737739563,0.6000000238418579,0.6000000238418579,0.5899999737739563,0.18053066730499268
2003-10-30,3700,0.550000011920929,0.5899999737739563,0.5899999737739563,0.550000011920929,0.17752180993556976
2003-10-29,13000,0.6200000047683716,0.550000011920929,0.6200000047683716,0.550000011920929,0.16548645496368408
2003-10-28,0,0.6100000143051147,0.6100000143051147,0.6100000143051147,0.6100000143051147,0.1835395097732544
2003-10-27,7600,0.6499999761581421,0.6100000143051147,0.6499999761581421,0.6100000143051147,0.1835395097732544
2003-10-24,7700,0.6100000143051147,0.6499999761581421,0.6499999761581421,0.6100000143051147,0.19557487964630127
2003-10-23,0,0.6399999856948853,0.6399999856948853,0.6399999856948853,0.6399999856948853,0.19256603717803955
2003-10-22,24500,0.6499999761581421,0.6399999856948853,0.6499999761581421,0.6399999856948853,0.19256603717803955
2003-10-21,0,0.6899999976158142,0.6899999976158142,0.6899999976158142,0.6899999976158142,0.20761026442050934
2003-10-20,18000,0.6800000071525574,0.6899999976158142,0.6899999976158142,0.6800000071525574,0.20761026442050934
2003-10-17,52600,0.699999988079071,0.699999988079071,0.7200000286102295,0.699999988079071,0.21061910688877106
2003-10-16,18000,0.6899999976158142,0.7200000286102295,0.7200000286102295,0.6899999976158142,0.2166368067264557
2003-10-15,11000,0.6899999976158142,0.699999988079071,0.699999988079071,0.6899999976158142,0.21061910688877106
2003-10-14,1500,0.7200000286102295,0.7200000286102295,0.7200000286102295,0.7200000286102295,0.2166368067264557
2003-10-13,0,0.6899999976158142,0.6899999976158142,0.6899999976158142,0.6899999976158142,0.20761026442050934
2003-10-10,0,0.6899999976158142,0.6899999976158142,0.6899999976158142,0.6899999976158142,0.20761026442050934
2003-10-09,31500,0.699999988079071,0.6899999976158142,0.699999988079071,0.6800000071525574,0.20761026442050934
2003-10-08,4700,0.6499999761581421,0.6499999761581421,0.6499999761581421,0.6299999952316284,0.19557487964630127
2003-10-07,3500,0.6499999761581421,0.6200000047683716,0.6499999761581421,0.6100000143051147,0.1865483522415161
2003-10-06,7500,0.6499999761581421,0.6499999761581421,0.6499999761581421,0.6499999761581421,0.19557487964630127
2003-10-03,12500,0.6299999952316284,0.6000000238418579,0.6499999761581421,0.6000000238418579,0.18053066730499268
2003-10-02,0,0.6499999761581421,0.6499999761581421,0.6499999761581421,0.6499999761581421,0.19557487964630127
2003-10-01,4700,0.6499999761581421,0.6499999761581421,0.6499999761581421,0.6499999761581421,0.19557487964630127
2003-09-30,23500,0.6100000143051147,0.6399999856948853,0.6499999761581421,0.6100000143051147,0.19256603717803955
2003-09-29,15000,0.6299999952316284,0.6069999933242798,0.6299999952316284,0.6000000238418579,0.18263685703277588
2003-09-26,35000,0.6299999952316284,0.6000000238418579,0.6299999952316284,0.5799999833106995,0.18053066730499268
2003-09-25,6500,0.6299999952316284,0.6499999761581421,0.6499999761581421,0.6000000238418579,0.19557487964630127
2003-09-24,18500,0.6299999952316284,0.6100000143051147,0.6600000262260437,0.6100000143051147,0.1835395097732544
2003-09-23,16300,0.6200000047683716,0.5799999833106995,0.6299999952316284,0.5799999833106995,0.17451296746730804
2003-09-22,6500,0.6299999952316284,0.6000000238418579,0.6299999952316284,0.6000000238418579,0.18053066730499268
2003-09-19,21000,0.6899999976158142,0.6100000143051147,0.6899999976158142,0.6100000143051147,0.1835395097732544
2003-09-18,1000,0.75,0.75,0.75,0.75,0.22566333413124084
2003-09-17,0,0.699999988079071,0.699999988079071,0.699999988079071,0.699999988079071,0.21061910688877106
2003-09-16,52100,0.7699999809265137,0.699999988079071,0.8100000023841858,0.699999988079071,0.21061910688877106
2003-09-15,600,0.800000011920929,0.800000011920929,0.800000011920929,0.800000011920929,0.24070756137371063
2003-09-12,0,0.800000011920929,0.800000011920929,0.800000011920929,0.800000011920929,0.24070756137371063
2003-09-11,1000,0.800000011920929,0.800000011920929,0.800000011920929,0.800000011920929,0.24070756137371063
2003-09-10,10400,0.7699999809265137,0.7699999809265137,0.7699999809265137,0.7699999809265137,0.23168101906776428
2003-09-09,2000,0.800000011920929,0.800000011920929,0.800000011920929,0.800000011920929,0.24070756137371063
2003-09-08,29400,0.8199999928474426,0.800000011920929,0.8700000047683716,0.800000011920929,0.24070756137371063
2003-09-05,19000,0.8700000047683716,0.8600000143051147,0.8700000047683716,0.8600000143051147,0.25876063108444214
2003-09-04,123000,0.8700000047683716,0.8700000047683716,0.8700000047683716,0.8700000047683716,0.26176947355270386
2003-09-03,1900,0.7699999809265137,0.8600000143051147,0.8600000143051147,0.7699999809265137,0.25876063108444214
2003-09-02,3100,0.8500000238418579,0.8500000238418579,0.8500000238418579,0.8500000238418579,0.2557517886161804
2003-08-29,0,0.8700000047683716,0.8700000047683716,0.8700000047683716,0.8700000047683716,0.26176947355270386
2003-08-28,16600,0.8700000047683716,0.8700000047683716,0.8700000047683716,0.8500000238418579,0.26176947355270386
2003-08-27,0,0.8700000047683716,0.8700000047683716,0.8700000047683716,0.8700000047683716,0.26176947355270386
2003-08-26,4000,0.8299999833106995,0.8700000047683716,0.8700000047683716,0.8299999833106995,0.26176947355270386
2003-08-25,17500,0.800000011920929,0.8500000238418579,0.8500000238418579,0.800000011920929,0.2557517886161804
2003-08-22,0,0.7699999809265137,0.7699999809265137,0.7699999809265137,0.7699999809265137,0.23168101906776428
2003-08-21,0,0.7699999809265137,0.7699999809265137,0.7699999809265137,0.7699999809265137,0.23168101906776428
2003-08-20,3800,0.800000011920929,0.7699999809265137,0.800000011920929,0.7699999809265137,0.23168101906776428
2003-08-19,5500,0.800000011920929,0.800000011920929,0.800000011920929,0.7699999809265137,0.24070756137371063
2003-08-18,1600,0.800000011920929,0.800000011920929,0.800000011920929,0.800000011920929,0.24070756137371063
2003-08-15,10400,0.7599999904632568,0.7699999809265137,0.7699999809265137,0.7599999904632568,0.23168101906776428
2003-08-14,16800,0.7099999785423279,0.7599999904632568,0.7599999904632568,0.7099999785423279,0.22867216169834137
2003-08-13,2100,0.7099999785423279,0.7099999785423279,0.7099999785423279,0.7099999785423279,0.21362794935703278
2003-08-12,12600,0.7300000190734863,0.7300000190734863,0.7300000190734863,0.699999988079071,0.2196456491947174
2003-08-11,0,0.7400000095367432,0.7400000095367432,0.7400000095367432,0.7400000095367432,0.22265449166297913
2003-08-08,2500,0.7400000095367432,0.7400000095367432,0.7400000095367432,0.7400000095367432,0.22265449166297913
2003-08-07,1200,0.699999988079071,0.75,0.75,0.699999988079071,0.22566333413124084
2003-08-06,100,0.75,0.75,0.75,0.75,0.22566333413124084
2003-08-05,0,0.75,0.75,0.75,0.75,0.22566333413124084
2003-08-04,0,0.75,0.75,0.75,0.75,0.22566333413124084
2003-08-01,3200,0.699999988079071,0.75,0.75,0.699999988079071,0.22566333413124084
2003-07-31,0,0.6850000023841858,0.6850000023841858,0.6850000023841858,0.6850000023841858,0.20610584318637848
2003-07-30,8300,0.6700000166893005,0.6850000023841858,0.699999988079071,0.6700000166893005,0.20610584318637848
2003-07-29,12500,0.7099999785423279,0.699999988079071,0.7099999785423279,0.699999988079071,0.21061910688877106
2003-07-28,13800,0.7099999785423279,0.699999988079071,0.7099999785423279,0.699999988079071,0.21061910688877106
2003-07-25,3600,0.7099999785423279,0.7099999785423279,0.7099999785423279,0.699999988079071,0.21362794935703278
2003-07-24,0,0.7099999785423279,0.7099999785423279,0.7099999785423279,0.7099999785423279,0.21362794935703278
2003-07-23,3500,0.7099999785423279,0.7099999785423279,0.7099999785423279,0.7099999785423279,0.21362794935703278
2003-07-22,14400,0.7099999785423279,0.699999988079071,0.7300000190734863,0.699999988079071,0.21061910688877106
2003-07-21,1200,0.7099999785423279,0.7099999785423279,0.7200000286102295,0.7099999785423279,0.21362794935703278
2003-07-18,5000,0.7699999809265137,0.7699999809265137,0.7699999809265137,0.7699999809265137,0.23168101906776428
2003-07-17,1400,0.7099999785423279,0.7099999785423279,0.7099999785423279,0.7099999785423279,0.21362794935703278
2003-07-16,0,0.75,0.75,0.75,0.75,0.22566333413124084
2003-07-15,0,0.75,0.75,0.75,0.75,0.22566333413124084
2003-07-14,32000,0.7400000095367432,0.75,0.7599999904632568,0.6700000166893005,0.22566333413124084
2003-07-11,30200,0.7599999904632568,0.7799999713897705,0.7799999713897705,0.7300000190734863,0.2346898466348648
2003-07-10,25600,0.7599999904632568,0.7630000114440918,0.7630000114440918,0.7400000095367432,0.22957482933998108
2003-07-09,0,0.7300000190734863,0.7300000190734863,0.7300000190734863,0.7300000190734863,0.2196456491947174
2003-07-08,4700,0.8299999833106995,0.7300000190734863,0.8299999833106995,0.7300000190734863,0.2196456491947174
2003-07-07,0,0.7300000190734863,0.7300000190734863,0.7300000190734863,0.7300000190734863,0.2196456491947174
2003-07-03,1000,0.7300000190734863,0.7300000190734863,0.7300000190734863,0.7300000190734863,0.2196456491947174
2003-07-02,1600,0.7300000190734863,0.800000011920929,0.800000011920929,0.7300000190734863,0.24070756137371063
2003-07-01,10700,0.800000011920929,0.7300000190734863,0.800000011920929,0.7300000190734863,0.2196456491947174
2003-06-30,4500,0.8600000143051147,0.8500000238418579,0.8600000143051147,0.800000011920929,0.2557517886161804
2003-06-27,5000,0.8299999833106995,0.8100000023841858,0.8299999833106995,0.8100000023841858,0.24371640384197235
2003-06-26,35000,0.8700000047683716,0.8399999737739563,0.8700000047683716,0.8399999737739563,0.2527429163455963
2003-06-25,73400,0.8299999833106995,0.8299999833106995,0.8700000047683716,0.7699999809265137,0.2497340887784958
2003-06-24,1000,0.8299999833106995,0.8299999833106995,0.8299999833106995,0.8299999833106995,0.2497340887784958
2003-06-23,0,0.8999999761581421,0.8999999761581421,0.8999999761581421,0.8999999761581421,0.270796000957489
2003-06-20,14500,0.8700000047683716,0.8999999761581421,0.8999999761581421,0.8700000047683716,0.270796000957489
2003-06-19,1000,0.8999999761581421,0.8999999761581421,0.8999999761581421,0.8999999761581421,0.270796000957489
2003-06-18,7500,0.8999999761581421,0.8600000143051147,0.8999999761581421,0.8600000143051147,0.25876063108444214
2003-06-17,0,0.8999999761581421,0.8999999761581421,0.8999999761581421,0.8999999761581421,0.270796000957489
2003-06-16,0,0.8999999761581421,0.8999999761581421,0.8999999761581421,0.8999999761581421,0.270796000957489
2003-06-13,5500,0.8899999856948853,0.8999999761581421,0.8999999761581421,0.8899999856948853,0.270796000957489
2003-06-12,13500,0.8500000238418579,0.8799999952316284,0.8799999952316284,0.8500000238418579,0.2647783160209656
2003-06-11,54700,0.8299999833106995,0.800000011920929,0.8999999761581421,0.800000011920929,0.24070756137371063
2003-06-10,21200,0.800000011920929,0.800000011920929,0.8500000238418579,0.800000011920929,0.24070756137371063
2003-06-09,0,0.800000011920929,0.800000011920929,0.800000011920929,0.800000011920929,0.24070756137371063
2003-06-06,0,0.800000011920929,0.800000011920929,0.800000011920929,0.800000011920929,0.24070756137371063
2003-06-05,8000,0.8999999761581421,0.800000011920929,0.8999999761581421,0.7799999713897705,0.24070756137371063
2003-06-04,6400,0.8899999856948853,0.8500000238418579,0.8899999856948853,0.8500000238418579,0.2557517886161804
2003-06-03,17000,0.8999999761581421,0.8999999761581421,0.8999999761581421,0.8999999761581421,0.270796000957489
2003-06-02,45400,0.800000011920929,0.8600000143051147,0.8999999761581421,0.800000011920929,0.25876063108444214
2003-05-30,14700,0.8600000143051147,0.800000011920929,0.8600000143051147,0.75,0.24070756137371063
2003-05-29,14800,0.7300000190734863,0.800000011920929,0.8500000238418579,0.7200000286102295,0.24070756137371063
2003-05-28,7700,0.6899999976158142,0.75,0.75,0.6899999976158142,0.22566333413124084
2003-05-27,1000,0.75,0.75,0.75,0.75,0.22566333413124084
2003-05-23,6900,0.5600000023841858,0.5899999737739563,0.6000000238418579,0.5600000023841858,0.17752180993556976
2003-05-22,2000,0.6000000238418579,0.6000000238418579,0.6000000238418579,0.6000000238418579,0.18053066730499268
2003-05-21,7500,0.6000000238418579,0.6000000238418579,0.6000000238418579,0.6000000238418579,0.18053066730499268
2003-05-20,0,0.6000000238418579,0.6000000238418579,0.6000000238418579,0.6000000238418579,0.18053066730499268
2003-05-19,800,0.6000000238418579,0.6000000238418579,0.6000000238418579,0.6000000238418579,0.18053066730499268
2003-05-16,2600,0.550000011920929,0.5199999809265137,0.550000011920929,0.5199999809265137,0.15645989775657654
2003-05-15,35000,0.6399999856948853,0.5799999833106995,0.6399999856948853,0.5699999928474426,0.17451296746730804
2003-05-14,33000,0.699999988079071,0.6600000262260437,0.699999988079071,0.6299999952316284,0.19858373701572418
2003-05-13,21800,0.6100000143051147,0.699999988079071,0.7200000286102295,0.6100000143051147,0.21061910688877106
2003-05-12,0,0.6000000238418579,0.6000000238418579,0.6000000238418579,0.6000000238418579,0.18053066730499268
2003-05-09,0,0.6000000238418579,0.6000000238418579,0.6000000238418579,0.6000000238418579,0.18053066730499268
2003-05-08,6100,0.6000000238418579,0.6000000238418579,0.6000000238418579,0.6000000238418579,0.18053066730499268
2003-05-07,600,0.6000000238418579,0.6000000238418579,0.6000000238418579,0.6000000238418579,0.18053066730499268
2003-05-06,1000,0.6000000238418579,0.6000000238418579,0.6000000238418579,0.6000000238418579,0.18053066730499268
2003-05-05,0,0.6200000047683716,0.6200000047683716,0.6200000047683716,0.6200000047683716,0.1865483522415161
2003-05-02,19400,0.6000000238418579,0.6200000047683716,0.6299999952316284,0.6000000238418579,0.1865483522415161
2003-05-01,0,0.5600000023841858,0.5600000023841858,0.5600000023841858,0.5600000023841858,0.1684952825307846
2003-04-30,0,0.5600000023841858,0.5600000023841858,0.5600000023841858,0.5600000023841858,0.1684952825307846
2003-04-29,16600,0.5699999928474426,0.5600000023841858,0.6100000143051147,0.5,0.1684952825307846
2003-04-28,500,0.46000000834465027,0.46000000834465027,0.46000000834465027,0.46000000834465027,0.13840684294700623
2003-04-25,400,0.46000000834465027,0.5199999809265137,0.5199999809265137,0.46000000834465027,0.15645989775657654
2003-04-24,22500,0.5,0.5249999761581421,0.5249999761581421,0.5,0.1579643189907074
2003-04-23,0,0.46000000834465027,0.46000000834465027,0.46000000834465027,0.46000000834465027,0.13840684294700623
2003-04-22,6600,0.46000000834465027,0.46000000834465027,0.46000000834465027,0.46000000834465027,0.13840684294700623
2003-04-21,9500,0.6000000238418579,0.5,0.6000000238418579,0.5,0.1504422277212143
2003-04-17,22000,0.5,0.6000000238418579,0.6000000238418579,0.5,0.18053066730499268
2003-04-16,0,0.550000011920929,0.550000011920929,0.550000011920929,0.550000011920929,0.16548645496368408
2003-04-15,0,0.550000011920929,0.550000011920929,0.550000011920929,0.550000011920929,0.16548645496368408
2003-04-14,0,0.550000011920929,0.550000011920929,0.550000011920929,0.550000011920929,0.16548645496368408
2003-04-11,0,0.550000011920929,0.550000011920929,0.550000011920929,0.550000011920929,0.16548645496368408
2003-04-10,0,0.550000011920929,0.550000011920929,0.550000011920929,0.550000011920929,0.16548645496368408
2003-04-09,0,0.550000011920929,0.550000011920929,0.550000011920929,0.550000011920929,0.16548645496368408
2003-04-08,28500,0.5099999904632568,0.550000011920929,0.550000011920929,0.5099999904632568,0.16548645496368408
2003-04-07,4000,0.4699999988079071,0.550000011920929,0.550000011920929,0.4699999988079071,0.16548645496368408
2003-04-04,0,0.4699999988079071,0.4699999988079071,0.4699999988079071,0.4699999988079071,0.14141568541526794
2003-04-03,500,0.4699999988079071,0.4699999988079071,0.4699999988079071,0.4699999988079071,0.14141568541526794
2003-04-02,59500,0.5,0.5,0.5,0.46000000834465027,0.1504422277212143
2003-04-01,0,0.5,0.5,0.5,0.5,0.1504422277212143
2003-03-31,0,0.5,0.5,0.5,0.5,0.1504422277212143
2003-03-28,0,0.5,0.5,0.5,0.5,0.1504422277212143
2003-03-27,2000,0.5,0.5,0.5,0.5,0.1504422277212143
2003-03-26,300,0.4000000059604645,0.4399999976158142,0.4399999976158142,0.4000000059604645,0.1323891580104828
2003-03-25,200,0.3799999952316284,0.3799999952316284,0.3799999952316284,0.3799999952316284,0.11433608084917068
2003-03-24,14700,0.4699999988079071,0.44999998807907104,0.4699999988079071,0.44999998807907104,0.1353980004787445
2003-03-21,49000,0.46000000834465027,0.41999998688697815,0.46000000834465027,0.4099999964237213,0.12637145817279816
2003-03-20,0,0.46000000834465027,0.46000000834465027,0.46000000834465027,0.46000000834465027,0.13840684294700623
2003-03-19,0,0.46000000834465027,0.46000000834465027,0.46000000834465027,0.46000000834465027,0.13840684294700623
2003-03-18,0,0.46000000834465027,0.46000000834465027,0.46000000834465027,0.46000000834465027,0.13840684294700623
2003-03-17,0,0.46000000834465027,0.46000000834465027,0.46000000834465027,0.46000000834465027,0.13840684294700623
2003-03-14,0,0.46000000834465027,0.46000000834465027,0.46000000834465027,0.46000000834465027,0.13840684294700623
2003-03-13,7100,0.46000000834465027,0.46000000834465027,0.46000000834465027,0.46000000834465027,0.13840684294700623
2003-03-12,100,0.49000000953674316,0.49000000953674316,0.49000000953674316,0.49000000953674316,0.14743338525295258
2003-03-11,0,0.46000000834465027,0.46000000834465027,0.46000000834465027,0.46000000834465027,0.13840684294700623
2003-03-10,0,0.46000000834465027,0.46000000834465027,0.46000000834465027,0.46000000834465027,0.13840684294700623
2003-03-07,0,0.46000000834465027,0.46000000834465027,0.46000000834465027,0.46000000834465027,0.13840684294700623
2003-03-06,0,0.46000000834465027,0.46000000834465027,0.46000000834465027,0.46000000834465027,0.13840684294700623
2003-03-05,1000,0.46000000834465027,0.46000000834465027,0.46000000834465027,0.46000000834465027,0.13840684294700623
2003-03-04,5200,0.5199999809265137,0.46000000834465027,0.5199999809265137,0.46000000834465027,0.13840684294700623
2003-03-03,0,0.5699999928474426,0.5699999928474426,0.5699999928474426,0.5699999928474426,0.17150412499904633
2003-02-28,29000,0.5099999904632568,0.5699999928474426,0.5699999928474426,0.5099999904632568,0.17150412499904633
2003-02-27,12600,0.5,0.5099999904632568,0.5099999904632568,0.47999998927116394,0.153451070189476
2003-02-26,5000,0.47999998927116394,0.47999998927116394,0.47999998927116394,0.47999998927116394,0.14442452788352966
2003-02-25,13000,0.46000000834465027,0.46000000834465027,0.46000000834465027,0.46000000834465027,0.13840684294700623
2003-02-24,33100,0.44999998807907104,0.46000000834465027,0.46000000834465027,0.41999998688697815,0.13840684294700623
2003-02-21,0,0.3799999952316284,0.3799999952316284,0.3799999952316284,0.3799999952316284,0.11433608084917068
2003-02-20,1300,0.3799999952316284,0.3799999952316284,0.3799999952316284,0.3799999952316284,0.11433608084917068
2003-02-19,33800,0.3799999952316284,0.4099999964237213,0.4099999964237213,0.3799999952316284,0.12336261570453644
2003-02-18,800,0.3799999952316284,0.3799999952316284,0.3799999952316284,0.3799999952316284,0.11433608084917068
2003-02-14,0,0.3799999952316284,0.3799999952316284,0.3799999952316284,0.3799999952316284,0.11433608084917068
2003-02-13,0,0.3799999952316284,0.3799999952316284,0.3799999952316284,0.3799999952316284,0.11433608084917068
2003-02-12,0,0.3799999952316284,0.3799999952316284,0.3799999952316284,0.3799999952316284,0.11433608084917068
2003-02-11,300,0.3799999952316284,0.3799999952316284,0.3799999952316284,0.3799999952316284,0.11433608084917068
2003-02-10,0,0.4099999964237213,0.4099999964237213,0.4099999964237213,0.4099999964237213,0.12336261570453644
2003-02-07,0,0.4099999964237213,0.4099999964237213,0.4099999964237213,0.4099999964237213,0.12336261570453644
2003-02-06,0,0.4099999964237213,0.4099999964237213,0.4099999964237213,0.4099999964237213,0.12336261570453644
2003-02-05,5000,0.4099999964237213,0.4099999964237213,0.4099999964237213,0.4099999964237213,0.12336261570453644
2003-02-04,0,0.41999998688697815,0.41999998688697815,0.41999998688697815,0.41999998688697815,0.12637145817279816
2003-02-03,0,0.41999998688697815,0.41999998688697815,0.41999998688697815,0.41999998688697815,0.12637145817279816
2003-01-31,0,0.41999998688697815,0.41999998688697815,0.41999998688697815,0.41999998688697815,0.12637145817279816
2003-01-30,0,0.41999998688697815,0.41999998688697815,0.41999998688697815,0.41999998688697815,0.12637145817279816
2003-01-29,0,0.41999998688697815,0.41999998688697815,0.41999998688697815,0.41999998688697815,0.12637145817279816
2003-01-28,20000,0.3799999952316284,0.41999998688697815,0.41999998688697815,0.3799999952316284,0.12637145817279816
2003-01-27,10000,0.3700000047683716,0.3700000047683716,0.3700000047683716,0.3700000047683716,0.11132724583148956
2003-01-24,52000,0.3799999952316284,0.38999998569488525,0.38999998569488525,0.3799999952316284,0.1173449233174324
2003-01-23,16500,0.4099999964237213,0.4000000059604645,0.41999998688697815,0.4000000059604645,0.12035378068685532
2003-01-22,500,0.36000001430511475,0.36000001430511475,0.36000001430511475,0.36000001430511475,0.10831840336322784
2003-01-21,0,0.36000001430511475,0.36000001430511475,0.36000001430511475,0.36000001430511475,0.10831840336322784
2003-01-17,800,0.36000001430511475,0.36000001430511475,0.36000001430511475,0.36000001430511475,0.10831840336322784
2003-01-16,200,0.36000001430511475,0.36000001430511475,0.36000001430511475,0.36000001430511475,0.10831840336322784
2003-01-15,21500,0.4399999976158142,0.4300000071525574,0.4399999976158142,0.4099999964237213,0.12938031554222107
2003-01-14,25000,0.4000000059604645,0.38999998569488525,0.4000000059604645,0.38999998569488525,0.1173449233174324
2003-01-13,22000,0.4000000059604645,0.4000000059604645,0.4000000059604645,0.4000000059604645,0.12035378068685532
2003-01-10,0,0.36000001430511475,0.36000001430511475,0.36000001430511475,0.36000001430511475,0.10831840336322784
2003-01-09,3500,0.36000001430511475,0.36000001430511475,0.36000001430511475,0.36000001430511475,0.10831840336322784
2003-01-08,200,0.36000001430511475,0.36000001430511475,0.36000001430511475,0.36000001430511475,0.10831840336322784
2003-01-07,0,0.4000000059604645,0.4000000059604645,0.4000000059604645,0.4000000059604645,0.12035378068685532
2003-01-06,4000,0.44999998807907104,0.4000000059604645,0.44999998807907104,0.4000000059604645,0.12035378068685532
2003-01-03,0,0.3400000035762787,0.3400000035762787,0.3400000035762787,0.3400000035762787,0.10230071097612381
2003-01-02,0,0.3400000035762787,0.3400000035762787,0.3400000035762787,0.3400000035762787,0.10230071097612381
2002-12-31,0,0.3400000035762787,0.3400000035762787,0.3400000035762787,0.3400000035762787,0.10230071097612381
2002-12-30,15000,0.3400000035762787,0.3400000035762787,0.3499999940395355,0.3400000035762787,0.10230071097612381
2002-12-27,3100,0.3400000035762787,0.3400000035762787,0.3400000035762787,0.3400000035762787,0.10230071097612381
2002-12-26,7700,0.41999998688697815,0.4000000059604645,0.41999998688697815,0.3499999940395355,0.12035378068685532
2002-12-24,0,0.3799999952316284,0.3799999952316284,0.3799999952316284,0.3799999952316284,0.11433608084917068
2002-12-23,12500,0.4099999964237213,0.3799999952316284,0.4099999964237213,0.3799999952316284,0.11433608084917068
2002-12-20,3700,0.3799999952316284,0.3799999952316284,0.3799999952316284,0.3799999952316284,0.11433608084917068
2002-12-19,0,0.3799999952316284,0.3799999952316284,0.3799999952316284,0.3799999952316284,0.11433608084917068
2002-12-18,0,0.3799999952316284,0.3799999952316284,0.3799999952316284,0.3799999952316284,0.11433608084917068
2002-12-17,15700,0.3400000035762787,0.3799999952316284,0.4000000059604645,0.3400000035762787,0.11433608084917068
2002-12-16,0,0.3799999952316284,0.3799999952316284,0.3799999952316284,0.3799999952316284,0.11433608084917068
2002-12-13,0,0.3799999952316284,0.3799999952316284,0.3799999952316284,0.3799999952316284,0.11433608084917068
2002-12-12,25000,0.36000001430511475,0.3799999952316284,0.3799999952316284,0.36000001430511475,0.11433608084917068
2002-12-11,11500,0.36000001430511475,0.36000001430511475,0.36000001430511475,0.36000001430511475,0.10831840336322784
2002-12-10,500,0.36000001430511475,0.36000001430511475,0.36000001430511475,0.36000001430511475,0.10831840336322784
2002-12-09,1500,0.3199999928474426,0.3199999928474426,0.3199999928474426,0.3199999928474426,0.09628301858901978
2002-12-06,700,0.36000001430511475,0.36000001430511475,0.36000001430511475,0.36000001430511475,0.10831840336322784
2002-12-05,200,0.3400000035762787,0.3400000035762787,0.3400000035762787,0.3400000035762787,0.10230071097612381
2002-12-04,0,0.3400000035762787,0.3400000035762787,0.3400000035762787,0.3400000035762787,0.10230071097612381
2002-12-03,0,0.3400000035762787,0.3400000035762787,0.3400000035762787,0.3400000035762787,0.10230071097612381
2002-12-02,1400,0.3400000035762787,0.3400000035762787,0.3400000035762787,0.3400000035762787,0.10230071097612381
2002-11-29,0,0.3799999952316284,0.3799999952316284,0.3799999952316284,0.3799999952316284,0.11433608084917068
2002-11-27,0,0.3799999952316284,0.3799999952316284,0.3799999952316284,0.3799999952316284,0.11433608084917068
2002-11-26,4100,0.3799999952316284,0.3799999952316284,0.3799999952316284,0.3499999940395355,0.11433608084917068
2002-11-25,0,0.4000000059604645,0.4000000059604645,0.4000000059604645,0.4000000059604645,0.12035378068685532
2002-11-22,700,0.3400000035762787,0.4000000059604645,0.4000000059604645,0.3400000035762787,0.12035378068685532
2002-11-21,0,0.3400000035762787,0.3400000035762787,0.3400000035762787,0.3400000035762787,0.10230071097612381
2002-11-20,0,0.3400000035762787,0.3400000035762787,0.3400000035762787,0.3400000035762787,0.10230071097612381
2002-11-19,1100,0.3400000035762787,0.3400000035762787,0.3400000035762787,0.3400000035762787,0.10230071097612381
2002-11-18,0,0.3700000047683716,0.3700000047683716,0.3700000047683716,0.3700000047683716,0.11132724583148956
2002-11-15,5100,0.3700000047683716,0.3700000047683716,0.3700000047683716,0.3700000047683716,0.11132724583148956
2002-11-14,3000,0.3700000047683716,0.3700000047683716,0.3700000047683716,0.3700000047683716,0.11132724583148956
2002-11-13,0,0.3499999940395355,0.3499999940395355,0.3499999940395355,0.3499999940395355,0.10530955344438553
2002-11-12,0,0.3499999940395355,0.3499999940395355,0.3499999940395355,0.3499999940395355,0.10530955344438553
2002-11-11,0,0.3499999940395355,0.3499999940395355,0.3499999940395355,0.3499999940395355,0.10530955344438553
2002-11-08,0,0.3499999940395355,0.3499999940395355,0.3499999940395355,0.3499999940395355,0.10530955344438553
2002-11-07,0,0.3499999940395355,0.3499999940395355,0.3499999940395355,0.3499999940395355,0.10530955344438553
2002-11-06,100,0.3499999940395355,0.3499999940395355,0.3499999940395355,0.3499999940395355,0.10530955344438553
2002-11-05,200,0.46000000834465027,0.4099999964237213,0.46000000834465027,0.4099999964237213,0.12336261570453644
2002-11-04,0,0.3499999940395355,0.3499999940395355,0.3499999940395355,0.3499999940395355,0.10530955344438553
2002-11-01,0,0.3499999940395355,0.3499999940395355,0.3499999940395355,0.3499999940395355,0.10530955344438553
2002-10-31,0,0.3499999940395355,0.3499999940395355,0.3499999940395355,0.3499999940395355,0.10530955344438553
2002-10-30,0,0.3499999940395355,0.3499999940395355,0.3499999940395355,0.3499999940395355,0.10530955344438553
2002-10-29,14300,0.33000001311302185,0.3499999940395355,0.3799999952316284,0.33000001311302185,0.10530955344438553
2002-10-28,0,0.33000001311302185,0.33000001311302185,0.33000001311302185,0.33000001311302185,0.09929186850786209
2002-10-25,0,0.33000001311302185,0.33000001311302185,0.33000001311302185,0.33000001311302185,0.09929186850786209
2002-10-24,100,0.33000001311302185,0.33000001311302185,0.33000001311302185,0.33000001311302185,0.09929186850786209
2002-10-23,0,0.3499999940395355,0.3499999940395355,0.3499999940395355,0.3499999940395355,0.10530955344438553
2002-10-22,10000,0.3499999940395355,0.3499999940395355,0.3499999940395355,0.3499999940395355,0.10530955344438553
2002-10-21,22400,0.3199999928474426,0.3199999928474426,0.3199999928474426,0.3199999928474426,0.09628301858901978
2002-10-18,25000,0.30000001192092896,0.30000001192092896,0.30000001192092896,0.30000001192092896,0.09026533365249634
2002-10-17,0,0.3100000023841858,0.3100000023841858,0.3100000023841858,0.3100000023841858,0.09327417612075806
2002-10-16,25000,0.3499999940395355,0.3100000023841858,0.3499999940395355,0.3100000023841858,0.09327417612075806
2002-10-15,5100,0.4000000059604645,0.3100000023841858,0.4000000059604645,0.3100000023841858,0.09327417612075806
2002-10-14,2000,0.3400000035762787,0.3100000023841858,0.3400000035762787,0.3100000023841858,0.09327417612075806
2002-10-11,0,0.3100000023841858,0.3100000023841858,0.3100000023841858,0.3100000023841858,0.09327417612075806
2002-10-10,1100,0.3400000035762787,0.3100000023841858,0.3400000035762787,0.3100000023841858,0.09327417612075806
2002-10-09,10000,0.3199999928474426,0.3199999928474426,0.3400000035762787,0.3199999928474426,0.09628301858901978
2002-10-08,0,0.3499999940395355,0.3499999940395355,0.3499999940395355,0.3499999940395355,0.10530955344438553
2002-10-07,300,0.3499999940395355,0.3499999940395355,0.3499999940395355,0.3499999940395355,0.10530955344438553
2002-10-04,0,0.3499999940395355,0.3499999940395355,0.3499999940395355,0.3499999940395355,0.10530955344438553
2002-10-03,3000,0.3499999940395355,0.3499999940395355,0.3499999940395355,0.3499999940395355,0.10530955344438553
2002-10-02,5700,0.3499999940395355,0.3199999928474426,0.3499999940395355,0.3100000023841858,0.09628301858901978
2002-10-01,0,0.3100000023841858,0.3100000023841858,0.3100000023841858,0.3100000023841858,0.09327417612075806
2002-09-30,1000,0.3100000023841858,0.3100000023841858,0.3100000023841858,0.3100000023841858,0.09327417612075806
2002-09-27,20000,0.3400000035762787,0.3100000023841858,0.3400000035762787,0.3100000023841858,0.09327417612075806
2002-09-26,20000,0.3400000035762787,0.3100000023841858,0.3400000035762787,0.3100000023841858,0.09327417612075806
2002-09-25,93500,0.3499999940395355,0.30000001192092896,0.3499999940395355,0.30000001192092896,0.09026533365249634
2002-09-24,20900,0.3499999940395355,0.30000001192092896,0.3499999940395355,0.30000001192092896,0.09026533365249634
2002-09-23,600,0.25999999046325684,0.25999999046325684,0.25999999046325684,0.25999999046325684,0.07822994887828827
2002-09-20,1000,0.25999999046325684,0.25999999046325684,0.25999999046325684,0.25999999046325684,0.07822994887828827
2002-09-19,27000,0.3499999940395355,0.3499999940395355,0.3499999940395355,0.30000001192092896,0.10530955344438553
2002-09-18,0,0.25,0.25,0.25,0.25,0.07522111386060715
2002-09-17,0,0.25,0.25,0.25,0.25,0.07522111386060715
2002-09-16,100,0.25,0.25,0.25,0.25,0.07522111386060715
2002-09-13,27600,0.30000001192092896,0.30000001192092896,0.30000001192092896,0.30000001192092896,0.09026533365249634
2002-09-12,17700,0.25,0.27000001072883606,0.2800000011920929,0.25,0.08123879879713058
2002-09-11,27600,0.25999999046325684,0.25,0.25999999046325684,0.25,0.07522111386060715
2002-09-10,34300,0.36000001430511475,0.25999999046325684,0.36000001430511475,0.20999999344348907,0.07822994887828827
2002-09-09,0,0.30000001192092896,0.30000001192092896,0.30000001192092896,0.30000001192092896,0.09026533365249634
2002-09-06,309000,0.3400000035762787,0.30000001192092896,0.4099999964237213,0.28999999165534973,0.09026533365249634
2002-09-05,0,0.4099999964237213,0.4099999964237213,0.4099999964237213,0.4099999964237213,0.12336261570453644
2002-09-04,0,0.4099999964237213,0.4099999964237213,0.4099999964237213,0.4099999964237213,0.12336261570453644
2002-09-03,0,0.4099999964237213,0.4099999964237213,0.4099999964237213,0.4099999964237213,0.12336261570453644
2002-08-30,0,0.4099999964237213,0.4099999964237213,0.4099999964237213,0.4099999964237213,0.12336261570453644
2002-08-29,0,0.4099999964237213,0.4099999964237213,0.4099999964237213,0.4099999964237213,0.12336261570453644
2002-08-28,200,0.4099999964237213,0.4099999964237213,0.4099999964237213,0.4099999964237213,0.12336261570453644
2002-08-27,0,0.5,0.5,0.5,0.5,0.1504422277212143
2002-08-26,0,0.5,0.5,0.5,0.5,0.1504422277212143
2002-08-23,900,0.5,0.5,0.5,0.5,0.1504422277212143
2002-08-22,0,0.4099999964237213,0.4099999964237213,0.4099999964237213,0.4099999964237213,0.12336261570453644
2002-08-21,800,0.4099999964237213,0.4099999964237213,0.4099999964237213,0.4099999964237213,0.12336261570453644
2002-08-20,2000,0.4099999964237213,0.4099999964237213,0.4099999964237213,0.4099999964237213,0.12336261570453644
2002-08-19,2000,0.4099999964237213,0.4099999964237213,0.4099999964237213,0.4099999964237213,0.12336261570453644
2002-08-16,1300,0.4099999964237213,0.5,0.5,0.4099999964237213,0.1504422277212143
2002-08-15,0,0.550000011920929,0.550000011920929,0.550000011920929,0.550000011920929,0.16548645496368408
2002-08-14,0,0.550000011920929,0.550000011920929,0.550000011920929,0.550000011920929,0.16548645496368408
2002-08-13,0,0.550000011920929,0.550000011920929,0.550000011920929,0.550000011920929,0.16548645496368408
2002-08-12,2000,0.550000011920929,0.550000011920929,0.550000011920929,0.550000011920929,0.16548645496368408
2002-08-09,0,0.5,0.5,0.5,0.5,0.1504422277212143
2002-08-08,0,0.5,0.5,0.5,0.5,0.1504422277212143
2002-08-07,0,0.5,0.5,0.5,0.5,0.1504422277212143
2002-08-06,100,0.5,0.5,0.5,0.5,0.1504422277212143
2002-08-05,0,0.5,0.5,0.5,0.5,0.1504422277212143
2002-08-02,1300,0.46000000834465027,0.5,0.5,0.46000000834465027,0.1504422277212143
2002-08-01,5800,0.5,0.5,0.5,0.5,0.1504422277212143
2002-07-31,400,0.5,0.41999998688697815,0.5,0.41999998688697815,0.12637145817279816
2002-07-30,200,0.41999998688697815,0.41999998688697815,0.41999998688697815,0.41999998688697815,0.12637145817279816
2002-07-29,400,0.44999998807907104,0.44999998807907104,0.44999998807907104,0.44999998807907104,0.1353980004787445
2002-07-26,0,0.6000000238418579,0.6000000238418579,0.6000000238418579,0.6000000238418579,0.18053066730499268
2002-07-25,5000,0.550000011920929,0.6000000238418579,0.6000000238418579,0.550000011920929,0.18053066730499268
2002-07-24,0,0.550000011920929,0.550000011920929,0.550000011920929,0.550000011920929,0.16548645496368408
2002-07-23,3000,0.44999998807907104,0.550000011920929,0.550000011920929,0.44999998807907104,0.16548645496368408
2002-07-22,0,0.550000011920929,0.550000011920929,0.550000011920929,0.550000011920929,0.16548645496368408
2002-07-19,2500,0.550000011920929,0.550000011920929,0.550000011920929,0.550000011920929,0.16548645496368408
2002-07-18,0,0.46000000834465027,0.46000000834465027,0.46000000834465027,0.46000000834465027,0.13840684294700623
2002-07-17,0,0.46000000834465027,0.46000000834465027,0.46000000834465027,0.46000000834465027,0.13840684294700623
2002-07-16,1400,0.46000000834465027,0.46000000834465027,0.550000011920929,0.46000000834465027,0.13840684294700623
2002-07-15,0,0.46000000834465027,0.46000000834465027,0.46000000834465027,0.46000000834465027,0.13840684294700623
2002-07-12,5100,0.550000011920929,0.46000000834465027,0.550000011920929,0.46000000834465027,0.13840684294700623
2002-07-11,5400,0.46000000834465027,0.5,0.5,0.46000000834465027,0.1504422277212143
2002-07-10,9000,0.6000000238418579,0.5,0.6000000238418579,0.5,0.1504422277212143
2002-07-09,200,0.5099999904632568,0.5099999904632568,0.5099999904632568,0.5099999904632568,0.153451070189476
2002-07-08,11700,0.5799999833106995,0.5199999809265137,0.6000000238418579,0.5199999809265137,0.15645989775657654
2002-07-05,0,0.5799999833106995,0.5799999833106995,0.5799999833106995,0.5799999833106995,0.17451296746730804
2002-07-03,5000,0.5799999833106995,0.5799999833106995,0.5799999833106995,0.5799999833106995,0.17451296746730804
2002-07-02,0,0.6100000143051147,0.6100000143051147,0.6100000143051147,0.6100000143051147,0.1835395097732544
2002-07-01,4100,0.6100000143051147,0.6100000143051147,0.6100000143051147,0.6100000143051147,0.1835395097732544
2002-06-28,10000,0.6000000238418579,0.6200000047683716,0.6200000047683716,0.6000000238418579,0.1865483522415161
2002-06-27,11700,0.6499999761581421,0.550000011920929,0.6499999761581421,0.550000011920929,0.16548645496368408
2002-06-26,0,0.5600000023841858,0.5600000023841858,0.5600000023841858,0.5600000023841858,0.1684952825307846
2002-06-25,0,0.5600000023841858,0.5600000023841858,0.5600000023841858,0.5600000023841858,0.1684952825307846
2002-06-24,0,0.5600000023841858,0.5600000023841858,0.5600000023841858,0.5600000023841858,0.1684952825307846
2002-06-21,0,0.5600000023841858,0.5600000023841858,0.5600000023841858,0.5600000023841858,0.1684952825307846
2002-06-20,0,0.5600000023841858,0.5600000023841858,0.5600000023841858,0.5600000023841858,0.1684952825307846
2002-06-19,0,0.5600000023841858,0.5600000023841858,0.5600000023841858,0.5600000023841858,0.1684952825307846
2002-06-18,0,0.5600000023841858,0.5600000023841858,0.5600000023841858,0.5600000023841858,0.1684952825307846
2002-06-17,0,0.5600000023841858,0.5600000023841858,0.5600000023841858,0.5600000023841858,0.1684952825307846
2002-06-14,0,0.5600000023841858,0.5600000023841858,0.5600000023841858,0.5600000023841858,0.1684952825307846
2002-06-13,0,0.5600000023841858,0.5600000023841858,0.5600000023841858,0.5600000023841858,0.1684952825307846
2002-06-12,200,0.5600000023841858,0.5600000023841858,0.5600000023841858,0.5600000023841858,0.1684952825307846
2002-06-11,0,0.550000011920929,0.550000011920929,0.550000011920929,0.550000011920929,0.16548645496368408
2002-06-10,500,0.550000011920929,0.550000011920929,0.550000011920929,0.550000011920929,0.16548645496368408
2002-06-07,0,0.5600000023841858,0.5600000023841858,0.5600000023841858,0.5600000023841858,0.1684952825307846
2002-06-06,200,0.5600000023841858,0.5600000023841858,0.5600000023841858,0.5600000023841858,0.1684952825307846
2002-06-05,0,0.6499999761581421,0.6499999761581421,0.6499999761581421,0.6499999761581421,0.19557487964630127
2002-06-04,5100,0.5799999833106995,0.6499999761581421,0.6499999761581421,0.5799999833106995,0.19557487964630127
2002-06-03,17000,0.6100000143051147,0.6100000143051147,0.6499999761581421,0.6100000143051147,0.1835395097732544
2002-05-31,9500,0.6499999761581421,0.6000000238418579,0.75,0.6000000238418579,0.18053066730499268
2002-05-30,0,0.699999988079071,0.699999988079071,0.699999988079071,0.699999988079071,0.21061910688877106
2002-05-29,6200,0.6200000047683716,0.699999988079071,0.699999988079071,0.6200000047683716,0.21061910688877106
2002-05-28,600,0.6200000047683716,0.6200000047683716,0.6200000047683716,0.6200000047683716,0.1865483522415161
2002-05-24,2200,0.6499999761581421,0.699999988079071,0.699999988079071,0.6499999761581421,0.21061910688877106
2002-05-23,900,0.6499999761581421,0.6499999761581421,0.6499999761581421,0.6499999761581421,0.19557487964630127
2002-05-22,0,0.699999988079071,0.699999988079071,0.699999988079071,0.699999988079071,0.21061910688877106
2002-05-21,1700,0.699999988079071,0.699999988079071,0.699999988079071,0.699999988079071,0.21061910688877106
2002-05-20,100,0.699999988079071,0.699999988079071,0.699999988079071,0.699999988079071,0.21061910688877106
2002-05-17,500,0.699999988079071,0.699999988079071,0.699999988079071,0.699999988079071,0.21061910688877106
2002-05-16,100,0.699999988079071,0.699999988079071,0.699999988079071,0.699999988079071,0.21061910688877106
2002-05-15,0,0.6899999976158142,0.6899999976158142,0.6899999976158142,0.6899999976158142,0.20761026442050934
2002-05-14,1000,0.6899999976158142,0.6899999976158142,0.6899999976158142,0.6899999976158142,0.20761026442050934
2002-05-13,0,0.699999988079071,0.699999988079071,0.699999988079071,0.699999988079071,0.21061910688877106
2002-05-10,0,0.699999988079071,0.699999988079071,0.699999988079071,0.699999988079071,0.21061910688877106
2002-05-09,0,0.699999988079071,0.699999988079071,0.699999988079071,0.699999988079071,0.21061910688877106
2002-05-08,0,0.699999988079071,0.699999988079071,0.699999988079071,0.699999988079071,0.21061910688877106
2002-05-07,2400,0.699999988079071,0.699999988079071,0.699999988079071,0.699999988079071,0.21061910688877106
2002-05-06,0,0.699999988079071,0.699999988079071,0.699999988079071,0.699999988079071,0.21061910688877106
2002-05-03,0,0.699999988079071,0.699999988079071,0.699999988079071,0.699999988079071,0.21061910688877106
2002-05-02,0,0.699999988079071,0.699999988079071,0.699999988079071,0.699999988079071,0.21061910688877106
2002-05-01,600,0.699999988079071,0.699999988079071,0.699999988079071,0.699999988079071,0.21061910688877106
2002-04-30,5000,0.7699999809265137,0.7699999809265137,0.7699999809265137,0.7699999809265137,0.23168101906776428
2002-04-29,11000,0.699999988079071,0.699999988079071,0.699999988079071,0.699999988079071,0.21061910688877106
2002-04-26,0,0.7900000214576721,0.7900000214576721,0.7900000214576721,0.7900000214576721,0.2376987189054489
2002-04-25,8000,0.7900000214576721,0.7900000214576721,0.7900000214576721,0.7900000214576721,0.2376987189054489
2002-04-24,5300,0.699999988079071,0.699999988079071,0.699999988079071,0.699999988079071,0.21061910688877106
2002-04-23,3000,0.7300000190734863,0.7300000190734863,0.7300000190734863,0.7300000190734863,0.2196456491947174
2002-04-22,1000,0.7900000214576721,0.7900000214576721,0.7900000214576721,0.7900000214576721,0.2376987189054489
2002-04-19,6500,0.75,0.7300000190734863,0.75,0.7300000190734863,0.2196456491947174
2002-04-18,0,0.699999988079071,0.699999988079071,0.699999988079071,0.699999988079071,0.21061910688877106
2002-04-17,7500,0.699999988079071,0.699999988079071,0.75,0.699999988079071,0.21061910688877106
2002-04-16,12500,0.699999988079071,0.7099999785423279,0.7099999785423279,0.699999988079071,0.21362794935703278
2002-04-15,4600,0.7900000214576721,0.75,0.7900000214576721,0.699999988079071,0.22566333413124084
2002-04-12,2000,0.7300000190734863,0.7300000190734863,0.7300000190734863,0.7300000190734863,0.2196456491947174
2002-04-11,600,0.7900000214576721,0.7900000214576721,0.7900000214576721,0.7900000214576721,0.2376987189054489
2002-04-10,3600,0.7300000190734863,0.7300000190734863,0.7300000190734863,0.7300000190734863,0.2196456491947174
2002-04-09,100,0.7300000190734863,0.7300000190734863,0.7300000190734863,0.7300000190734863,0.2196456491947174
2002-04-08,0,0.8100000023841858,0.8100000023841858,0.8100000023841858,0.8100000023841858,0.24371640384197235
2002-04-05,0,0.8100000023841858,0.8100000023841858,0.8100000023841858,0.8100000023841858,0.24371640384197235
2002-04-04,0,0.8100000023841858,0.8100000023841858,0.8100000023841858,0.8100000023841858,0.24371640384197235
2002-04-03,200,0.8100000023841858,0.8100000023841858,0.8100000023841858,0.8100000023841858,0.24371640384197235
2002-04-02,2500,0.8100000023841858,0.800000011920929,0.8100000023841858,0.800000011920929,0.24070756137371063
2002-04-01,0,0.7799999713897705,0.7799999713897705,0.7799999713897705,0.7799999713897705,0.2346898466348648
2002-03-28,8700,0.7300000190734863,0.7799999713897705,0.7799999713897705,0.7300000190734863,0.2346898466348648
2002-03-27,0,0.7599999904632568,0.7599999904632568,0.7599999904632568,0.7599999904632568,0.22867216169834137
2002-03-26,5500,0.7300000190734863,0.7599999904632568,0.7599999904632568,0.7300000190734863,0.22867216169834137
2002-03-25,0,0.75,0.75,0.75,0.75,0.22566333413124084
2002-03-22,0,0.75,0.75,0.75,0.75,0.22566333413124084
2002-03-21,0,0.75,0.75,0.75,0.75,0.22566333413124084
2002-03-20,0,0.75,0.75,0.75,0.75,0.22566333413124084
2002-03-19,3700,0.6399999856948853,0.75,0.75,0.6399999856948853,0.22566333413124084
2002-03-18,0,0.6299999952316284,0.6299999952316284,0.6299999952316284,0.6299999952316284,0.18955719470977783
2002-03-15,0,0.6299999952316284,0.6299999952316284,0.6299999952316284,0.6299999952316284,0.18955719470977783
2002-03-14,0,0.6299999952316284,0.6299999952316284,0.6299999952316284,0.6299999952316284,0.18955719470977783
2002-03-13,0,0.6299999952316284,0.6299999952316284,0.6299999952316284,0.6299999952316284,0.18955719470977783
2002-03-12,3000,0.7400000095367432,0.6299999952316284,0.7400000095367432,0.6299999952316284,0.18955719470977783
2002-03-11,2500,0.6399999856948853,0.6399999856948853,0.6399999856948853,0.6399999856948853,0.19256603717803955
2002-03-08,600,0.6399999856948853,0.6399999856948853,0.6399999856948853,0.6399999856948853,0.19256603717803955
2002-03-07,2500,0.6399999856948853,0.6399999856948853,0.6399999856948853,0.6399999856948853,0.19256603717803955
2002-03-06,5100,0.6299999952316284,0.6399999856948853,0.6399999856948853,0.6299999952316284,0.19256603717803955
2002-03-05,0,0.5699999928474426,0.5699999928474426,0.5699999928474426,0.5699999928474426,0.17150412499904633
2002-03-04,200,0.5699999928474426,0.5699999928474426,0.5699999928474426,0.5699999928474426,0.17150412499904633
2002-03-01,0,0.5600000023841858,0.5600000023841858,0.5600000023841858,0.5600000023841858,0.1684952825307846
2002-02-28,1000,0.5600000023841858,0.5600000023841858,0.5600000023841858,0.5600000023841858,0.1684952825307846
2002-02-27,800,0.5400000214576721,0.5400000214576721,0.5400000214576721,0.5400000214576721,0.16247759759426117
2002-02-26,0,0.5799999833106995,0.5799999833106995,0.5799999833106995,0.5799999833106995,0.17451296746730804
2002-02-25,0,0.5799999833106995,0.5799999833106995,0.5799999833106995,0.5799999833106995,0.17451296746730804
2002-02-22,11000,0.6000000238418579,0.5799999833106995,0.6000000238418579,0.5799999833106995,0.17451296746730804
2002-02-21,4000,0.6600000262260437,0.6299999952316284,0.6600000262260437,0.6299999952316284,0.18955719470977783
2002-02-20,0,0.6600000262260437,0.6600000262260437,0.6600000262260437,0.6600000262260437,0.19858373701572418
2002-02-19,0,0.6600000262260437,0.6600000262260437,0.6600000262260437,0.6600000262260437,0.19858373701572418
2002-02-15,0,0.6600000262260437,0.6600000262260437,0.6600000262260437,0.6600000262260437,0.19858373701572418
2002-02-14,0,0.6600000262260437,0.6600000262260437,0.6600000262260437,0.6600000262260437,0.19858373701572418
2002-02-13,3000,0.6600000262260437,0.6600000262260437,0.6600000262260437,0.6600000262260437,0.19858373701572418
2002-02-12,0,0.5699999928474426,0.5699999928474426,0.5699999928474426,0.5699999928474426,0.17150412499904633
2002-02-11,0,0.5699999928474426,0.5699999928474426,0.5699999928474426,0.5699999928474426,0.17150412499904633
2002-02-08,6300,0.5799999833106995,0.5699999928474426,0.5799999833106995,0.5699999928474426,0.17150412499904633
2002-02-07,0,0.5699999928474426,0.5699999928474426,0.5699999928474426,0.5699999928474426,0.17150412499904633
2002-02-06,6000,0.5699999928474426,0.5699999928474426,0.5699999928474426,0.5699999928474426,0.17150412499904633
2002-02-05,4500,0.6499999761581421,0.5699999928474426,0.6600000262260437,0.5699999928474426,0.17150412499904633
2002-02-04,0,0.6600000262260437,0.6600000262260437,0.6600000262260437,0.6600000262260437,0.19858373701572418
2002-02-01,0,0.6600000262260437,0.6600000262260437,0.6600000262260437,0.6600000262260437,0.19858373701572418
2002-01-31,0,0.6600000262260437,0.6600000262260437,0.6600000262260437,0.6600000262260437,0.19858373701572418
2002-01-30,0,0.6600000262260437,0.6600000262260437,0.6600000262260437,0.6600000262260437,0.19858373701572418
2002-01-29,5400,0.5699999928474426,0.6600000262260437,0.6600000262260437,0.5699999928474426,0.19858373701572418
2002-01-28,15800,0.6000000238418579,0.6000000238418579,0.6000000238418579,0.5799999833106995,0.18053066730499268
2002-01-25,0,0.5600000023841858,0.5600000023841858,0.5600000023841858,0.5600000023841858,0.1684952825307846
2002-01-24,0,0.5600000023841858,0.5600000023841858,0.5600000023841858,0.5600000023841858,0.1684952825307846
2002-01-23,1700,0.5699999928474426,0.5600000023841858,0.5799999833106995,0.5600000023841858,0.1684952825307846
2002-01-22,1000,0.5799999833106995,0.5799999833106995,0.5799999833106995,0.5799999833106995,0.17451296746730804
2002-01-18,10500,0.5699999928474426,0.5899999737739563,0.5899999737739563,0.5699999928474426,0.17752180993556976
2002-01-17,0,0.6299999952316284,0.6299999952316284,0.6299999952316284,0.6299999952316284,0.18955719470977783
2002-01-16,22300,0.6399999856948853,0.6299999952316284,0.699999988079071,0.5600000023841858,0.18955719470977783
2002-01-15,2000,0.6399999856948853,0.6399999856948853,0.6399999856948853,0.6399999856948853,0.19256603717803955
2002-01-14,0,0.6399999856948853,0.6399999856948853,0.6399999856948853,0.6399999856948853,0.19256603717803955
2002-01-11,1000,0.6399999856948853,0.6399999856948853,0.6399999856948853,0.6399999856948853,0.19256603717803955
2002-01-10,0,0.699999988079071,0.699999988079071,0.699999988079071,0.699999988079071,0.21061910688877106
2002-01-09,5800,0.6399999856948853,0.699999988079071,0.699999988079071,0.6399999856948853,0.21061910688877106
2002-01-08,12000,0.6499999761581421,0.6800000071525574,0.6800000071525574,0.6499999761581421,0.20460142195224762
2002-01-07,20100,0.6800000071525574,0.6499999761581421,0.7200000286102295,0.6499999761581421,0.19557487964630127
2002-01-04,0,0.6499999761581421,0.6499999761581421,0.6499999761581421,0.6499999761581421,0.19557487964630127
2002-01-03,20500,0.6800000071525574,0.6499999761581421,0.6800000071525574,0.6499999761581421,0.19557487964630127
2002-01-02,11700,0.6800000071525574,0.6499999761581421,0.6800000071525574,0.6499999761581421,0.19557487964630127
2001-12-31,1300,0.6399999856948853,0.6399999856948853,0.6399999856948853,0.6399999856948853,0.19256603717803955
2001-12-28,100600,0.6899999976158142,0.6499999761581421,0.75,0.6299999952316284,0.19557487964630127
2001-12-27,1100,0.7300000190734863,0.7300000190734863,0.7300000190734863,0.7300000190734863,0.2196456491947174
2001-12-26,0,0.699999988079071,0.699999988079071,0.699999988079071,0.699999988079071,0.21061910688877106
2001-12-24,0,0.699999988079071,0.699999988079071,0.699999988079071,0.699999988079071,0.21061910688877106
2001-12-21,0,0.699999988079071,0.699999988079071,0.699999988079071,0.699999988079071,0.21061910688877106
2001-12-20,0,0.699999988079071,0.699999988079071,0.699999988079071,0.699999988079071,0.21061910688877106
2001-12-19,400,0.699999988079071,0.699999988079071,0.699999988079071,0.699999988079071,0.21061910688877106
2001-12-18,0,0.800000011920929,0.800000011920929,0.800000011920929,0.800000011920929,0.24070756137371063
2001-12-17,7000,0.800000011920929,0.800000011920929,0.800000011920929,0.800000011920929,0.24070756137371063
2001-12-14,800,0.800000011920929,0.800000011920929,0.800000011920929,0.800000011920929,0.24070756137371063
2001-12-13,9400,1.0099999904632568,0.8500000238418579,1.0099999904632568,0.8500000238418579,0.2557517886161804
2001-12-12,0,0.7200000286102295,0.7200000286102295,0.7200000286102295,0.7200000286102295,0.2166368067264557
2001-12-11,2100,0.8999999761581421,0.7200000286102295,1.0099999904632568,0.7200000286102295,0.2166368067264557
2001-12-10,1200,0.7200000286102295,0.7200000286102295,0.7200000286102295,0.7200000286102295,0.2166368067264557
2001-12-07,0,0.75,0.75,0.75,0.75,0.22566333413124084
2001-12-06,0,0.75,0.75,0.75,0.75,0.22566333413124084
2001-12-05,6000,0.75,0.75,0.75,0.75,0.22566333413124084
2001-12-04,0,0.75,0.75,0.75,0.75,0.22566333413124084
2001-12-03,0,0.75,0.75,0.75,0.75,0.22566333413124084
2001-11-30,300,0.75,0.75,0.75,0.75,0.22566333413124084
2001-11-29,200,0.75,0.75,0.75,0.75,0.22566333413124084
2001-11-28,0,0.8999999761581421,0.8999999761581421,0.8999999761581421,0.8999999761581421,0.270796000957489
2001-11-27,0,0.8999999761581421,0.8999999761581421,0.8999999761581421,0.8999999761581421,0.270796000957489
2001-11-26,0,0.8999999761581421,0.8999999761581421,0.8999999761581421,0.8999999761581421,0.270796000957489
2001-11-23,100,0.8999999761581421,0.8999999761581421,0.8999999761581421,0.8999999761581421,0.270796000957489
2001-11-21,0,0.8500000238418579,0.8500000238418579,0.8500000238418579,0.8500000238418579,0.2557517886161804
2001-11-20,0,0.8500000238418579,0.8500000238418579,0.8500000238418579,0.8500000238418579,0.2557517886161804
2001-11-19,0,0.8500000238418579,0.8500000238418579,0.8500000238418579,0.8500000238418579,0.2557517886161804
2001-11-16,4000,1.0099999904632568,0.8500000238418579,1.0099999904632568,0.8500000238418579,0.2557517886161804
2001-11-15,0,0.75,0.75,0.75,0.75,0.22566333413124084
2001-11-14,0,0.75,0.75,0.75,0.75,0.22566333413124084
2001-11-13,43000,0.800000011920929,0.75,0.800000011920929,0.75,0.22566333413124084
2001-11-12,3100,0.8799999952316284,0.8799999952316284,0.8799999952316284,0.8799999952316284,0.2647783160209656
2001-11-09,0,0.75,0.75,0.75,0.75,0.22566333413124084
2001-11-08,4000,0.800000011920929,0.75,0.800000011920929,0.75,0.22566333413124084
2001-11-07,0,0.8399999737739563,0.8399999737739563,0.8399999737739563,0.8399999737739563,0.2527429163455963
2001-11-06,3000,0.8399999737739563,0.8399999737739563,0.8399999737739563,0.8399999737739563,0.2527429163455963
2001-11-05,32900,0.8500000238418579,0.75,0.8999999761581421,0.75,0.22566333413124084
2001-11-02,0,0.8399999737739563,0.8399999737739563,0.8399999737739563,0.8399999737739563,0.2527429163455963
2001-11-01,0,0.8399999737739563,0.8399999737739563,0.8399999737739563,0.8399999737739563,0.2527429163455963
2001-10-31,0,0.8399999737739563,0.8399999737739563,0.8399999737739563,0.8399999737739563,0.2527429163455963
2001-10-30,0,0.8399999737739563,0.8399999737739563,0.8399999737739563,0.8399999737739563,0.2527429163455963
2001-10-29,4200,0.8399999737739563,0.8399999737739563,0.8500000238418579,0.8399999737739563,0.2527429163455963
2001-10-26,0,1.0,1.0,1.0,1.0,0.3008844554424286
2001-10-25,1000,1.0,1.0,1.0,1.0,0.3008844554424286
2001-10-24,2200,0.6499999761581421,1.0,1.0,0.6499999761581421,0.3008844554424286
2001-10-23,6100,0.8500000238418579,1.0,1.0,0.8500000238418579,0.3008844554424286
2001-10-22,3400,0.8999999761581421,0.8999999761581421,0.8999999761581421,0.8999999761581421,0.270796000957489
2001-10-19,0,1.0,1.0,1.0,1.0,0.3008844554424286
2001-10-18,0,1.0,1.0,1.0,1.0,0.3008844554424286
2001-10-17,0,1.0,1.0,1.0,1.0,0.3008844554424286
2001-10-16,0,1.0,1.0,1.0,1.0,0.3008844554424286
2001-10-15,0,1.0,1.0,1.0,1.0,0.3008844554424286
2001-10-12,4000,1.0,1.0,1.0,1.0,0.3008844554424286
2001-10-11,2300,1.0,1.0,1.0,1.0,0.3008844554424286
2001-10-10,0,1.0,1.0,1.0,1.0,0.3008844554424286
2001-10-09,0,1.0,1.0,1.0,1.0,0.3008844554424286
2001-10-08,100,1.0,1.0,1.0,1.0,0.3008844554424286
2001-10-05,400,1.0,1.0,1.0,1.0,0.3008844554424286
2001-10-04,500,1.0299999713897705,1.0299999713897705,1.0299999713897705,1.0299999713897705,0.30991098284721375
2001-10-03,700,1.0,1.0299999713897705,1.0299999713897705,1.0,0.30991098284721375
2001-10-02,13700,0.8100000023841858,0.8999999761581421,0.8999999761581421,0.8100000023841858,0.270796000957489
2001-10-01,0,0.8500000238418579,0.8500000238418579,0.8500000238418579,0.8500000238418579,0.2557517886161804
2001-09-28,6800,0.8500000238418579,0.8500000238418579,0.8500000238418579,0.8500000238418579,0.2557517886161804
2001-09-27,10200,0.949999988079071,0.8500000238418579,0.949999988079071,0.8199999928474426,0.2557517886161804
2001-09-26,3900,0.7799999713897705,0.7799999713897705,0.949999988079071,0.7799999713897705,0.2346898466348648
2001-09-25,500,0.7900000214576721,0.7900000214576721,0.7900000214576721,0.7900000214576721,0.2376987189054489
2001-09-24,0,0.8399999737739563,0.8399999737739563,0.8399999737739563,0.8399999737739563,0.2527429163455963
2001-09-21,0,0.8399999737739563,0.8399999737739563,0.8399999737739563,0.8399999737739563,0.2527429163455963
2001-09-20,800,0.8399999737739563,0.8399999737739563,0.8399999737739563,0.8399999737739563,0.2527429163455963
2001-09-19,4500,0.8500000238418579,0.949999988079071,0.949999988079071,0.8399999737739563,0.2858402132987976
2001-09-18,0,0.8999999761581421,0.8999999761581421,0.8999999761581421,0.8999999761581421,0.270796000957489
2001-09-17,10500,0.9100000262260437,0.8999999761581421,0.949999988079071,0.8999999761581421,0.270796000957489
2001-09-10,5300,0.925000011920929,1.100000023841858,1.100000023841858,0.925000011920929,0.33097290992736816
2001-09-07,9200,1.0,0.9100000262260437,1.0,0.9100000262260437,0.27380484342575073
2001-09-06,4000,1.0700000524520874,0.9700000286102295,1.0700000524520874,0.9700000286102295,0.29185792803764343
2001-09-05,0,0.9700000286102295,0.9700000286102295,0.9700000286102295,0.9700000286102295,0.29185792803764343
2001-09-04,100,0.9700000286102295,0.9700000286102295,0.9700000286102295,0.9700000286102295,0.29185792803764343
2001-08-31,1000,0.9700000286102295,0.9700000286102295,0.9700000286102295,0.9700000286102295,0.29185792803764343
2001-08-30,10600,1.0199999809265137,0.9700000286102295,1.0199999809265137,0.9700000286102295,0.29185792803764343
2001-08-29,2000,0.9700000286102295,0.9700000286102295,0.9700000286102295,0.9700000286102295,0.29185792803764343
2001-08-28,0,1.0499999523162842,1.0499999523162842,1.0499999523162842,1.0499999523162842,0.3159286379814148
2001-08-27,2500,1.0,1.0499999523162842,1.0499999523162842,0.9700000286102295,0.3159286379814148
2001-08-24,15500,1.0700000524520874,1.0499999523162842,1.0700000524520874,0.9900000095367432,0.3159286379814148
2001-08-23,200,1.1100000143051147,1.1100000143051147,1.1100000143051147,1.1100000143051147,0.3339817523956299
2001-08-22,0,1.1100000143051147,1.1100000143051147,1.1100000143051147,1.1100000143051147,0.3339817523956299
2001-08-21,200,1.1100000143051147,1.1100000143051147,1.1100000143051147,1.1100000143051147,0.3339817523956299
2001-08-20,0,1.2200000286102295,1.2200000286102295,1.2200000286102295,1.2200000286102295,0.3670790195465088
2001-08-17,10500,1.2400000095367432,1.2200000286102295,1.2400000095367432,1.1100000143051147,0.3670790195465088
2001-08-16,2200,1.25,1.25,1.2699999809265137,1.25,0.37610554695129395
2001-08-15,16900,1.2699999809265137,1.1699999570846558,1.2699999809265137,1.1399999856948853,0.3520347774028778
2001-08-14,0,1.2200000286102295,1.2200000286102295,1.2200000286102295,1.2200000286102295,0.3670790195465088
2001-08-13,1000,1.2200000286102295,1.2200000286102295,1.2200000286102295,1.2200000286102295,0.3670790195465088
2001-08-10,1000,1.2000000476837158,1.2000000476837158,1.2000000476837158,1.2000000476837158,0.36106133460998535
2001-08-09,0,1.149999976158142,1.149999976158142,1.149999976158142,1.149999976158142,0.34601712226867676
2001-08-08,4000,1.149999976158142,1.149999976158142,1.149999976158142,1.149999976158142,0.34601712226867676
2001-08-07,4600,1.2000000476837158,1.2000000476837158,1.2000000476837158,1.2000000476837158,0.36106133460998535
2001-08-06,5600,1.1200000047683716,1.059999942779541,1.1200000047683716,1.059999942779541,0.3189374804496765
2001-08-03,0,1.1200000047683716,1.1200000047683716,1.1200000047683716,1.1200000047683716,0.3369905650615692
2001-08-02,0,1.1200000047683716,1.1200000047683716,1.1200000047683716,1.1200000047683716,0.3369905650615692
2001-08-01,2900,1.2000000476837158,1.1200000047683716,1.2000000476837158,1.1200000047683716,0.3369905650615692
2001-07-31,5200,1.2000000476837158,1.2000000476837158,1.2000000476837158,1.2000000476837158,0.36106133460998535
2001-07-30,0,1.2200000286102295,1.2200000286102295,1.2200000286102295,1.2200000286102295,0.3670790195465088
2001-07-27,5000,1.1200000047683716,1.2200000286102295,1.2200000286102295,1.1200000047683716,0.3670790195465088
2001-07-26,1100,1.2000000476837158,1.2000000476837158,1.2000000476837158,1.2000000476837158,0.36106133460998535
2001-07-25,2000,1.1200000047683716,1.1200000047683716,1.1200000047683716,1.1200000047683716,0.3369905650615692
2001-07-24,1500,1.2200000286102295,1.2200000286102295,1.2200000286102295,1.2200000286102295,0.3670790195465088
2001-07-23,2000,1.2000000476837158,1.2000000476837158,1.2000000476837158,1.2000000476837158,0.36106133460998535
2001-07-20,7700,1.2300000190734863,1.100000023841858,1.2300000190734863,1.100000023841858,0.33097290992736816
2001-07-19,300,1.2300000190734863,1.2300000190734863,1.2300000190734863,1.2300000190734863,0.3700878918170929
2001-07-18,800,1.2400000095367432,1.2000000476837158,1.2400000095367432,1.2000000476837158,0.36106133460998535
2001-07-17,1000,1.2000000476837158,1.2000000476837158,1.2000000476837158,1.2000000476837158,0.36106133460998535
2001-07-16,600,1.2000000476837158,1.2000000476837158,1.2000000476837158,1.2000000476837158,0.36106133460998535
2001-07-13,15800,1.2300000190734863,1.25,1.25,1.2000000476837158,0.37610554695129395
2001-07-12,0,1.2000000476837158,1.2000000476837158,1.2000000476837158,1.2000000476837158,0.36106133460998535
2001-07-11,1000,1.2000000476837158,1.2000000476837158,1.2000000476837158,1.2000000476837158,0.36106133460998535
2001-07-10,1600,1.25,1.2799999713897705,1.2799999713897705,1.25,0.3851320743560791
2001-07-09,900,1.2000000476837158,1.159999966621399,1.2000000476837158,1.159999966621399,0.3490259349346161
2001-07-06,0,1.2000000476837158,1.2000000476837158,1.2000000476837158,1.2000000476837158,0.36106133460998535
2001-07-05,15600,1.25,1.2000000476837158,1.2999999523162842,1.1399999856948853,0.36106133460998535
2001-07-03,900,1.350000023841858,1.350000023841858,1.350000023841858,1.350000023841858,0.4061940312385559
2001-07-02,10200,1.5,1.399999976158142,1.5,1.350000023841858,0.4212382137775421
2001-06-29,2900,1.5,1.5499999523162842,1.5499999523162842,1.5,0.4663708508014679
2001-06-28,800,1.5,1.5,1.5,1.5,0.4513266682624817
2001-06-27,3800,1.5,1.600000023841858,1.649999976158142,1.5,0.48141512274742126
2001-06-26,3900,1.600000023841858,1.600000023841858,1.600000023841858,1.5499999523162842,0.48141512274742126
2001-06-25,11500,1.7000000476837158,1.7000000476837158,1.75,1.600000023841858,0.5115035772323608
2001-06-22,24900,1.7999999523162842,1.7000000476837158,1.9199999570846558,1.7000000476837158,0.5115035772323608
2001-06-21,3300,1.75,1.7999999523162842,1.7999999523162842,1.75,0.541592001914978
2001-06-20,2700,1.75,1.7999999523162842,1.7999999523162842,1.75,0.541592001914978
2001-06-19,1000,1.7999999523162842,1.7999999523162842,1.7999999523162842,1.7999999523162842,0.541592001914978
2001-06-18,21600,1.9199999570846558,1.899999976158142,1.9500000476837158,1.75,0.5716804265975952
2001-06-15,5500,1.9500000476837158,1.899999976158142,1.9500000476837158,1.899999976158142,0.5716804265975952
2001-06-14,1300,2.0,2.049999952316284,2.049999952316284,2.0,0.616813063621521
2001-06-13,1600,2.049999952316284,2.0999999046325684,2.0999999046325684,2.049999952316284,0.6318572759628296
2001-06-12,30100,1.9299999475479126,2.049999952316284,2.049999952316284,1.9299999475479126,0.616813063621521
2001-06-11,10600,2.049999952316284,1.8799999952316284,2.049999952316284,1.8799999952316284,0.5656627416610718
2001-06-08,7200,2.049999952316284,2.049999952316284,2.0999999046325684,2.049999952316284,0.616813063621521
2001-06-07,12600,2.1500000953674316,2.0999999046325684,2.1500000953674316,2.049999952316284,0.6318572759628296
2001-06-06,900,2.1500000953674316,2.1500000953674316,2.1500000953674316,2.1500000953674316,0.646901547908783
2001-06-05,2400,2.1500000953674316,2.0999999046325684,2.1500000953674316,2.049999952316284,0.6318572759628296
2001-06-04,26200,2.1500000953674316,2.0999999046325684,2.200000047683716,2.049999952316284,0.6318572759628296
2001-06-01,17600,2.0999999046325684,2.1500000953674316,2.1500000953674316,2.059999942779541,0.646901547908783
2001-05-31,65500,2.25,2.0999999046325684,2.299999952316284,1.899999976158142,0.6318572759628296
2001-05-30,19600,2.4100000858306885,2.25,2.5,2.1700000762939453,0.6769900321960449
2001-05-29,39600,2.549999952316284,2.5,2.549999952316284,2.5,0.7522110939025879
2001-05-25,68700,2.2899999618530273,2.5299999713897705,2.5999999046325684,2.2899999618530273,0.761237621307373
2001-05-24,67300,2.049999952316284,2.25,2.259999990463257,2.049999952316284,0.6769900321960449
2001-05-23,5000,2.1500000953674316,2.009999990463257,2.1500000953674316,2.0,0.6047777533531189
2001-05-22,65500,1.9800000190734863,2.049999952316284,2.0999999046325684,1.9800000190734863,0.616813063621521
2001-05-21,53000,2.049999952316284,2.049999952316284,2.0999999046325684,1.9500000476837158,0.616813063621521
2001-05-18,8200,1.899999976158142,2.049999952316284,2.049999952316284,1.850000023841858,0.616813063621521
2001-05-17,1200,1.9800000190734863,1.850000023841858,1.9800000190734863,1.850000023841858,0.5566362142562866
2001-05-16,5800,2.0,1.850000023841858,2.0999999046325684,1.850000023841858,0.5566362142562866
2001-05-15,10500,2.049999952316284,2.0299999713897705,2.200000047683716,1.9500000476837158,0.6107954382896423
2001-05-14,22000,1.7000000476837158,2.049999952316284,2.1500000953674316,1.7000000476837158,0.616813063621521
2001-05-11,4500,1.850000023841858,1.899999976158142,1.899999976158142,1.75,0.5716804265975952
2001-05-10,4900,2.049999952316284,1.899999976158142,2.049999952316284,1.850000023841858,0.5716804265975952
2001-05-09,91700,2.049999952316284,2.0999999046325684,2.1500000953674316,1.9500000476837158,0.6318572759628296
2001-05-08,39100,2.049999952316284,2.049999952316284,2.119999885559082,1.9500000476837158,0.616813063621521
2001-05-07,38400,1.850000023841858,2.0,2.049999952316284,1.850000023841858,0.6017689108848572
2001-05-04,24100,1.7400000095367432,1.850000023841858,1.899999976158142,1.7200000286102295,0.5566362142562866
2001-05-03,2000,1.7000000476837158,1.7400000095367432,1.7400000095367432,1.7000000476837158,0.5235389471054077
2001-05-02,3300,1.5509999990463257,1.7000000476837158,1.7000000476837158,1.5399999618530273,0.5115035772323608
2001-05-01,15700,1.5800000429153442,1.7000000476837158,1.7000000476837158,1.5499999523162842,0.5115035772323608
2001-04-30,3500,1.5,1.5499999523162842,1.5499999523162842,1.4500000476837158,0.4663708508014679
2001-04-27,18400,1.4299999475479126,1.4800000190734863,1.5,1.4299999475479126,0.44530898332595825
2001-04-26,12500,1.5,1.4299999475479126,1.5,1.399999976158142,0.43026474118232727
2001-04-25,12500,1.399999976158142,1.5,1.5,1.399999976158142,0.4513266682624817
2001-04-24,800,1.4299999475479126,1.350000023841858,1.4500000476837158,1.350000023841858,0.4061940312385559
2001-04-23,1600,1.4900000095367432,1.4900000095367432,1.4900000095367432,1.350000023841858,0.44831782579421997
2001-04-20,1300,1.4900000095367432,1.4299999475479126,1.4900000095367432,1.4299999475479126,0.43026474118232727
2001-04-19,7000,1.5,1.4500000476837158,1.5,1.4500000476837158,0.4362824559211731
2001-04-18,1300,1.5,1.350000023841858,1.5,1.350000023841858,0.4061940312385559
2001-04-17,4400,1.4600000381469727,1.399999976158142,1.4600000381469727,1.399999976158142,0.4212382137775421
2001-04-16,30500,1.4500000476837158,1.4700000286102295,1.75,1.350000023841858,0.4423001706600189
2001-04-12,8000,1.600000023841858,1.649999976158142,1.649999976158142,1.5,0.49645933508872986
2001-04-11,17000,1.5,1.600000023841858,1.600000023841858,1.5,0.48141512274742126
2001-04-10,16300,1.5,1.5,1.5,1.399999976158142,0.4513266682624817
2001-04-09,13500,1.5,1.75,1.75,1.350000023841858,0.5265477895736694
2001-04-06,47900,1.437000036239624,1.75,1.875,1.437000036239624,0.5265477895736694
2001-04-05,26700,1.5,1.468000054359436,1.5,1.437000036239624,0.4416983723640442
2001-04-04,11300,1.375,1.437000036239624,1.437000036239624,1.375,0.4323709309101105
2001-04-03,8000,1.25,1.309999942779541,1.406000018119812,1.25,0.39415863156318665
2001-04-02,18500,1.25,1.312000036239624,1.312000036239624,1.25,0.394760400056839
2001-03-30,1500,1.062000036239624,1.125,1.125,1.062000036239624,0.33849501609802246
2001-03-29,18800,1.25,1.093000054359436,1.25,1.093000054359436,0.32886672019958496
2001-03-28,500,1.25,1.25,1.25,1.25,0.37610554695129395
2001-03-27,18700,1.312000036239624,1.187000036239624,1.312000036239624,1.187000036239624,0.3571498394012451
2001-03-26,9100,1.218000054359436,1.25,1.281000018119812,1.218000054359436,0.37610554695129395
2001-03-23,32500,1.25,1.093000054359436,1.312000036239624,1.093000054359436,0.32886672019958496
2001-03-22,21000,1.190000057220459,1.218000054359436,1.218000054359436,1.187000036239624,0.36647725105285645
2001-03-21,6200,1.187000036239624,1.25,1.25,1.187000036239624,0.37610554695129395
2001-03-20,500,1.25,1.25,1.25,1.25,0.37610554695129395
2001-03-19,50700,1.125,1.312000036239624,1.312000036239624,1.062000036239624,0.394760400056839
2001-03-16,3800,1.187000036239624,1.156000018119812,1.190000057220459,1.156000018119812,0.3478223979473114
2001-03-15,3900,1.156000018119812,1.187000036239624,1.187000036239624,1.156000018119812,0.3571498394012451
2001-03-14,2600,1.281000018119812,1.156000018119812,1.281000018119812,1.156000018119812,0.3478223979473114
2001-03-13,300,1.187000036239624,1.187000036239624,1.187000036239624,1.187000036239624,0.3571498394012451
2001-03-12,5000,1.187000036239624,1.25,1.281000018119812,1.187000036239624,0.37610554695129395
2001-03-09,9300,1.125,1.25,1.25,1.125,0.37610554695129395
2001-03-08,5000,1.187000036239624,1.125,1.25,1.125,0.33849501609802246
2001-03-07,1500,1.281000018119812,1.281000018119812,1.281000018119812,1.187000036239624,0.38543298840522766
2001-03-06,1000,1.281000018119812,1.281000018119812,1.281000018119812,1.281000018119812,0.38543298840522766
2001-03-05,6100,1.187000036239624,1.281000018119812,1.281000018119812,1.125,0.38543298840522766
2001-03-02,1400,1.062000036239624,1.1200000047683716,1.187000036239624,1.062000036239624,0.3369905650615692
2001-03-01,44200,1.125,1.062000036239624,1.125,1.0,0.31953930854797363
2001-02-28,22400,1.100000023841858,1.100000023841858,1.187000036239624,1.100000023841858,0.33097290992736816
2001-02-27,2400,1.1799999475479126,1.187000036239624,1.187000036239624,1.149999976158142,0.3571498394012451
2001-02-26,24800,1.218000054359436,1.149999976158142,1.218000054359436,1.100000023841858,0.34601712226867676
2001-02-23,5000,1.187000036239624,1.25,1.25,1.187000036239624,0.37610554695129395
2001-02-22,4900,1.187000036239624,1.25,1.25,1.187000036239624,0.37610554695129395
2001-02-21,3500,1.281000018119812,1.25,1.281000018119812,1.25,0.37610554695129395
2001-02-20,33200,1.312000036239624,1.281000018119812,1.562000036239624,1.187000036239624,0.38543298840522766
2001-02-16,49700,1.218000054359436,1.5,1.562000036239624,1.218000054359436,0.4513266682624817
2001-02-15,600,1.25,1.25,1.25,1.25,0.37610554695129395
2001-02-14,12400,1.149999976158142,1.1749999523162842,1.2000000476837158,1.149999976158142,0.35353922843933105
2001-02-13,20900,1.343000054359436,1.149999976158142,1.343000054359436,1.125,0.34601712226867676
2001-02-12,50400,1.031000018119812,1.187000036239624,1.281000018119812,1.031000018119812,0.3571498394012451
2001-02-09,9500,1.0,1.031000018119812,1.031000018119812,1.0,0.3102118670940399
2001-02-08,4500,0.9369999766349792,0.9369999766349792,0.9369999766349792,0.9369999766349792,0.2819287180900574
2001-02-07,700,1.0,1.0,1.0,1.0,0.3008844554424286
2001-02-06,2000,0.9369999766349792,0.9369999766349792,0.9369999766349792,0.9369999766349792,0.2819287180900574
2001-02-05,18300,1.0700000524520874,1.062000036239624,1.0700000524520874,1.031000018119812,0.31953930854797363
2001-02-02,58300,0.9679999947547913,1.062000036239624,1.062000036239624,0.906000018119812,0.31953930854797363
2001-02-01,28800,0.906000018119812,0.9369999766349792,0.9369999766349792,0.8999999761581421,0.2819287180900574
2001-01-31,700,0.75,0.75,0.75,0.75,0.22566333413124084
2001-01-30,1100,0.75,0.75,0.75,0.75,0.22566333413124084
2001-01-29,0,0.8999999761581421,0.8999999761581421,0.8999999761581421,0.8999999761581421,0.270796000957489
2001-01-26,4500,0.75,0.8999999761581421,0.8999999761581421,0.75,0.270796000957489
2001-01-25,900,0.906000018119812,0.906000018119812,0.906000018119812,0.906000018119812,0.27260130643844604
2001-01-24,1200,0.906000018119812,0.906000018119812,0.906000018119812,0.906000018119812,0.27260130643844604
2001-01-23,2700,0.906000018119812,0.906000018119812,0.906000018119812,0.906000018119812,0.27260130643844604
2001-01-22,4500,0.9369999766349792,0.8119999766349792,0.9369999766349792,0.8119999766349792,0.2443181574344635
2001-01-19,12400,0.875,0.8119999766349792,0.875,0.8119999766349792,0.2443181574344635
2001-01-18,0,0.9679999947547913,0.9679999947547913,0.9679999947547913,0.9679999947547913,0.2912561297416687
2001-01-17,5400,0.9369999766349792,0.9679999947547913,0.9679999947547913,0.9369999766349792,0.2912561297416687
2001-01-16,9700,1.031000018119812,0.9369999766349792,1.031000018119812,0.9369999766349792,0.2819287180900574
2001-01-12,36000,0.875,1.0,1.0,0.875,0.3008844554424286
2001-01-11,44000,1.0,0.9679999947547913,1.0,0.9369999766349792,0.2912561297416687
2001-01-10,34600,1.0,0.8119999766349792,1.0,0.8119999766349792,0.2443181574344635
2001-01-09,2400,0.9369999766349792,0.7179999947547913,0.9369999766349792,0.7179999947547913,0.21603502333164215
2001-01-08,0,0.9679999947547913,0.9679999947547913,0.9679999947547913,0.9679999947547913,0.2912561297416687
2001-01-05,300,0.9679999947547913,0.9679999947547913,0.9679999947547913,0.9679999947547913,0.2912561297416687
2001-01-04,0,0.7179999947547913,0.7179999947547913,0.7179999947547913,0.7179999947547913,0.21603502333164215
2001-01-03,2500,0.7179999947547913,0.7179999947547913,0.7179999947547913,0.7179999947547913,0.21603502333164215
2001-01-02,23500,0.9369999766349792,0.9369999766349792,0.9679999947547913,0.8999999761581421,0.2819287180900574
2000-12-29,17300,0.6869999766349792,0.9369999766349792,0.9369999766349792,0.6869999766349792,0.2819287180900574
2000-12-28,2500,0.75,0.75,0.75,0.75,0.22566333413124084
2000-12-27,8200,0.8119999766349792,0.8119999766349792,0.8119999766349792,0.8119999766349792,0.2443181574344635
2000-12-26,2200,0.5619999766349792,0.75,0.75,0.5619999766349792,0.22566333413124084
2000-12-22,30900,0.75,0.5619999766349792,0.8119999766349792,0.5619999766349792,0.16909705102443695
2000-12-21,15000,0.75,0.75,0.875,0.6869999766349792,0.22566333413124084
2000-12-20,400,0.75,0.75,0.75,0.75,0.22566333413124084
2000-12-19,0,0.75,0.75,0.75,0.75,0.22566333413124084
2000-12-18,1400,0.75,0.75,0.75,0.75,0.22566333413124084
2000-12-15,200,0.75,0.75,0.75,0.75,0.22566333413124084
2000-12-14,0,0.75,0.75,0.75,0.75,0.22566333413124084
2000-12-13,1100,0.9900000095367432,0.75,0.9900000095367432,0.75,0.22566333413124084
2000-12-12,1200,0.75,0.75,0.75,0.75,0.22566333413124084
2000-12-11,400,0.75,0.75,0.75,0.75,0.22566333413124084
2000-12-08,1000,0.75,0.75,0.75,0.75,0.22566333413124084
2000-12-07,2500,0.75,0.9369999766349792,0.9369999766349792,0.75,0.2819287180900574
2000-12-06,2000,1.0,1.0,1.0,1.0,0.3008844554424286
2000-12-05,1100,1.0,0.75,1.0,0.75,0.22566333413124084
2000-12-04,2400,1.0,1.0,1.0,1.0,0.3008844554424286
2000-12-01,0,0.75,0.75,0.75,0.75,0.22566333413124084
2000-11-30,0,0.75,0.75,0.75,0.75,0.22566333413124084
2000-11-29,400,0.75,0.75,0.75,0.75,0.22566333413124084
2000-11-28,1800,0.9679999947547913,0.75,0.9679999947547913,0.75,0.22566333413124084
2000-11-27,8500,0.781000018119812,0.906000018119812,0.906000018119812,0.781000018119812,0.27260130643844604
2000-11-24,0,0.875,0.875,0.875,0.875,0.2632738947868347
2000-11-22,12400,1.0,0.875,1.0,0.875,0.2632738947868347
2000-11-21,5400,0.906000018119812,0.906000018119812,0.906000018119812,0.906000018119812,0.27260130643844604
2000-11-20,100500,0.75,0.875,1.031000018119812,0.75,0.2632738947868347
2000-11-17,600,0.6869999766349792,0.6869999766349792,0.6869999766349792,0.6869999766349792,0.20670759677886963
2000-11-16,10500,0.906000018119812,0.906000018119812,0.906000018119812,0.875,0.27260130643844604
2000-11-15,200,0.906000018119812,0.906000018119812,0.906000018119812,0.906000018119812,0.27260130643844604
2000-11-14,11300,0.875,0.906000018119812,0.906000018119812,0.875,0.27260130643844604
2000-11-13,3500,0.75,0.6869999766349792,0.75,0.6869999766349792,0.20670759677886963
2000-11-10,0,0.75,0.75,0.75,0.75,0.22566333413124084
2000-11-09,0,0.75,0.75,0.75,0.75,0.22566333413124084
2000-11-08,5500,0.75,0.75,0.8119999766349792,0.75,0.22566333413124084
2000-11-07,200,0.8119999766349792,0.8119999766349792,0.8119999766349792,0.8119999766349792,0.2443181574344635
2000-11-06,11000,0.875,0.75,0.875,0.75,0.22566333413124084
2000-11-03,10600,0.875,0.8119999766349792,0.875,0.8119999766349792,0.2443181574344635
2000-11-02,21000,0.875,0.625,0.875,0.625,0.18805277347564697
2000-11-01,400,0.625,0.625,0.625,0.625,0.18805277347564697
2000-10-31,1000,0.625,0.625,0.625,0.625,0.18805277347564697
2000-10-30,0,0.8119999766349792,0.8119999766349792,0.8119999766349792,0.8119999766349792,0.2443181574344635
2000-10-27,0,0.8119999766349792,0.8119999766349792,0.8119999766349792,0.8119999766349792,0.2443181574344635
2000-10-26,1600,0.8119999766349792,0.8119999766349792,0.8119999766349792,0.6000000238418579,0.2443181574344635
2000-10-25,100,0.8119999766349792,0.8119999766349792,0.8119999766349792,0.8119999766349792,0.2443181574344635
2000-10-24,1400,0.5619999766349792,0.5619999766349792,0.5619999766349792,0.5619999766349792,0.16909705102443695
2000-10-23,200,0.8119999766349792,0.8119999766349792,0.8119999766349792,0.8119999766349792,0.2443181574344635
2000-10-20,0,0.8119999766349792,0.8119999766349792,0.8119999766349792,0.8119999766349792,0.2443181574344635
2000-10-19,10300,0.875,0.8119999766349792,0.875,0.6869999766349792,0.2443181574344635
2000-10-18,8900,0.8119999766349792,0.875,0.875,0.8119999766349792,0.2632738947868347
2000-10-17,0,0.875,0.875,0.875,0.875,0.2632738947868347
2000-10-16,7000,0.75,0.875,0.9369999766349792,0.75,0.2632738947868347
2000-10-13,12400,0.8119999766349792,0.75,0.875,0.75,0.22566333413124084
2000-10-12,28100,0.875,0.8119999766349792,0.875,0.8119999766349792,0.2443181574344635
2000-10-11,0,0.6869999766349792,0.6869999766349792,0.6869999766349792,0.6869999766349792,0.20670759677886963
2000-10-10,0,0.6869999766349792,0.6869999766349792,0.6869999766349792,0.6869999766349792,0.20670759677886963
2000-10-09,6600,0.5199999809265137,0.6869999766349792,0.6869999766349792,0.5199999809265137,0.20670759677886963
2000-10-06,4700,0.625,0.625,0.625,0.625,0.18805277347564697
2000-10-05,1100,0.625,0.625,0.625,0.625,0.18805277347564697
2000-10-04,0,0.625,0.625,0.625,0.625,0.18805277347564697
2000-10-03,1100,0.625,0.625,0.625,0.625,0.18805277347564697
2000-10-02,5200,0.43700000643730164,0.4059999883174896,0.625,0.4059999883174896,0.12215907871723175
2000-09-29,0,0.43700000643730164,0.43700000643730164,0.43700000643730164,0.43700000643730164,0.13148650527000427
2000-09-28,1300,0.43700000643730164,0.43700000643730164,0.43700000643730164,0.43700000643730164,0.13148650527000427
2000-09-27,5200,0.625,0.625,0.625,0.625,0.18805277347564697
2000-09-26,1100,0.625,0.625,0.625,0.625,0.18805277347564697
2000-09-25,0,0.43700000643730164,0.43700000643730164,0.43700000643730164,0.43700000643730164,0.13148650527000427
2000-09-22,300,0.43700000643730164,0.43700000643730164,0.43700000643730164,0.43700000643730164,0.13148650527000427
2000-09-21,10500,0.531000018119812,0.43700000643730164,0.531000018119812,0.43700000643730164,0.13148650527000427
2000-09-20,500,0.531000018119812,0.531000018119812,0.531000018119812,0.531000018119812,0.15976965427398682
2000-09-19,5200,0.531000018119812,0.531000018119812,0.531000018119812,0.531000018119812,0.15976965427398682
2000-09-18,6400,0.7179999947547913,0.531000018119812,0.75,0.531000018119812,0.15976965427398682
2000-09-15,0,0.46799999475479126,0.46799999475479126,0.46799999475479126,0.46799999475479126,0.1408139169216156
2000-09-14,10400,0.531000018119812,0.46799999475479126,0.531000018119812,0.46799999475479126,0.1408139169216156
2000-09-13,2000,0.531000018119812,0.531000018119812,0.531000018119812,0.531000018119812,0.15976965427398682
2000-09-12,0,0.531000018119812,0.531000018119812,0.531000018119812,0.531000018119812,0.15976965427398682
2000-09-11,0,0.531000018119812,0.531000018119812,0.531000018119812,0.531000018119812,0.15976965427398682
2000-09-08,1000,0.531000018119812,0.531000018119812,0.531000018119812,0.531000018119812,0.15976965427398682
2000-09-07,11600,0.531000018119812,0.46799999475479126,0.531000018119812,0.46799999475479126,0.1408139169216156
2000-09-06,0,0.46799999475479126,0.46799999475479126,0.46799999475479126,0.46799999475479126,0.1408139169216156
2000-09-05,5000,0.46799999475479126,0.46799999475479126,0.46799999475479126,0.46799999475479126,0.1408139169216156
2000-09-01,10000,0.5,0.5,0.5,0.5,0.1504422277212143
2000-08-31,3100,0.43700000643730164,0.5,0.5,0.43700000643730164,0.1504422277212143
2000-08-30,0,0.43700000643730164,0.43700000643730164,0.43700000643730164,0.43700000643730164,0.13148650527000427
2000-08-29,300,0.43700000643730164,0.43700000643730164,0.43700000643730164,0.43700000643730164,0.13148650527000427
2000-08-28,300,0.375,0.375,0.375,0.375,0.11283166706562042
2000-08-25,0,0.4059999883174896,0.4059999883174896,0.4059999883174896,0.4059999883174896,0.12215907871723175
2000-08-24,5000,0.4059999883174896,0.4059999883174896,0.4059999883174896,0.4059999883174896,0.12215907871723175
2000-08-23,0,0.43700000643730164,0.43700000643730164,0.43700000643730164,0.43700000643730164,0.13148650527000427
2000-08-22,0,0.43700000643730164,0.43700000643730164,0.43700000643730164,0.43700000643730164,0.13148650527000427
2000-08-21,0,0.43700000643730164,0.43700000643730164,0.43700000643730164,0.43700000643730164,0.13148650527000427
2000-08-18,7000,0.375,0.43700000643730164,0.43700000643730164,0.375,0.13148650527000427
2000-08-17,0,0.375,0.375,0.375,0.375,0.11283166706562042
2000-08-16,0,0.375,0.375,0.375,0.375,0.11283166706562042
2000-08-15,3000,0.43700000643730164,0.375,0.43700000643730164,0.375,0.11283166706562042
2000-08-14,0,0.43700000643730164,0.43700000643730164,0.43700000643730164,0.43700000643730164,0.13148650527000427
2000-08-11,0,0.43700000643730164,0.43700000643730164,0.43700000643730164,0.43700000643730164,0.13148650527000427
2000-08-10,0,0.43700000643730164,0.43700000643730164,0.43700000643730164,0.43700000643730164,0.13148650527000427
2000-08-09,1600,0.375,0.43700000643730164,0.43700000643730164,0.375,0.13148650527000427
2000-08-08,0,0.375,0.375,0.375,0.375,0.11283166706562042
2000-08-07,1500,0.375,0.375,0.375,0.375,0.11283166706562042
2000-08-04,0,0.375,0.375,0.375,0.375,0.11283166706562042
2000-08-03,0,0.375,0.375,0.375,0.375,0.11283166706562042
2000-08-02,0,0.375,0.375,0.375,0.375,0.11283166706562042
2000-08-01,0,0.375,0.375,0.375,0.375,0.11283166706562042
2000-07-31,5200,0.375,0.375,0.531000018119812,0.375,0.11283166706562042
2000-07-28,200,0.375,0.375,0.375,0.375,0.11283166706562042
2000-07-27,0,0.375,0.375,0.375,0.375,0.11283166706562042
2000-07-26,0,0.375,0.375,0.375,0.375,0.11283166706562042
2000-07-25,0,0.375,0.375,0.375,0.375,0.11283166706562042
2000-07-24,0,0.375,0.375,0.375,0.375,0.11283166706562042
2000-07-21,0,0.375,0.375,0.375,0.375,0.11283166706562042
2000-07-20,200,0.375,0.375,0.375,0.375,0.11283166706562042
2000-07-19,0,0.43700000643730164,0.43700000643730164,0.43700000643730164,0.43700000643730164,0.13148650527000427
2000-07-18,0,0.43700000643730164,0.43700000643730164,0.43700000643730164,0.43700000643730164,0.13148650527000427
2000-07-17,2200,0.43700000643730164,0.43700000643730164,0.43700000643730164,0.43700000643730164,0.13148650527000427
2000-07-14,0,0.375,0.375,0.375,0.375,0.11283166706562042
2000-07-13,1200,0.375,0.375,0.375,0.375,0.11283166706562042
2000-07-12,200,0.375,0.375,0.375,0.375,0.11283166706562042
2000-07-11,0,0.43700000643730164,0.43700000643730164,0.43700000643730164,0.43700000643730164,0.13148650527000427
2000-07-10,200,0.43700000643730164,0.43700000643730164,0.43700000643730164,0.43700000643730164,0.13148650527000427
2000-07-07,0,0.4059999883174896,0.4059999883174896,0.4059999883174896,0.4059999883174896,0.12215907871723175
2000-07-06,3000,0.4059999883174896,0.4059999883174896,0.4059999883174896,0.4059999883174896,0.12215907871723175
2000-07-05,100,0.4059999883174896,0.4059999883174896,0.4059999883174896,0.4059999883174896,0.12215907871723175
2000-07-03,4000,0.43700000643730164,0.43700000643730164,0.43700000643730164,0.43700000643730164,0.13148650527000427
2000-06-30,300,0.375,0.375,0.375,0.375,0.11283166706562042
2000-06-29,2000,0.43700000643730164,0.375,0.43700000643730164,0.375,0.11283166706562042
2000-06-28,0,0.43700000643730164,0.43700000643730164,0.43700000643730164,0.43700000643730164,0.13148650527000427
2000-06-27,200,0.43700000643730164,0.43700000643730164,0.43700000643730164,0.43700000643730164,0.13148650527000427
2000-06-26,0,0.375,0.375,0.375,0.375,0.11283166706562042
2000-06-23,0,0.375,0.375,0.375,0.375,0.11283166706562042
2000-06-22,100,0.375,0.375,0.375,0.375,0.11283166706562042
2000-06-21,0,0.43700000643730164,0.43700000643730164,0.43700000643730164,0.43700000643730164,0.13148650527000427
2000-06-20,0,0.43700000643730164,0.43700000643730164,0.43700000643730164,0.43700000643730164,0.13148650527000427
2000-06-19,10800,0.43700000643730164,0.43700000643730164,0.43700000643730164,0.375,0.13148650527000427
2000-06-16,0,0.5,0.5,0.5,0.5,0.1504422277212143
2000-06-15,1400,0.5,0.5,0.5,0.5,0.1504422277212143
2000-06-14,0,0.43700000643730164,0.43700000643730164,0.43700000643730164,0.43700000643730164,0.13148650527000427
2000-06-13,0,0.43700000643730164,0.43700000643730164,0.43700000643730164,0.43700000643730164,0.13148650527000427
2000-06-12,0,0.43700000643730164,0.43700000643730164,0.43700000643730164,0.43700000643730164,0.13148650527000427
2000-06-09,0,0.43700000643730164,0.43700000643730164,0.43700000643730164,0.43700000643730164,0.13148650527000427
2000-06-08,0,0.43700000643730164,0.43700000643730164,0.43700000643730164,0.43700000643730164,0.13148650527000427
2000-06-07,0,0.43700000643730164,0.43700000643730164,0.43700000643730164,0.43700000643730164,0.13148650527000427
2000-06-06,0,0.43700000643730164,0.43700000643730164,0.43700000643730164,0.43700000643730164,0.13148650527000427
2000-06-05,0,0.43700000643730164,0.43700000643730164,0.43700000643730164,0.43700000643730164,0.13148650527000427
2000-06-02,0,0.43700000643730164,0.43700000643730164,0.43700000643730164,0.43700000643730164,0.13148650527000427
2000-06-01,0,0.43700000643730164,0.43700000643730164,0.43700000643730164,0.43700000643730164,0.13148650527000427
2000-05-31,0,0.43700000643730164,0.43700000643730164,0.43700000643730164,0.43700000643730164,0.13148650527000427
2000-05-30,0,0.43700000643730164,0.43700000643730164,0.43700000643730164,0.43700000643730164,0.13148650527000427
2000-05-26,200,0.43700000643730164,0.43700000643730164,0.43700000643730164,0.43700000643730164,0.13148650527000427
2000-05-25,900,0.43700000643730164,0.43700000643730164,0.43700000643730164,0.43700000643730164,0.13148650527000427
2000-05-24,400,0.43700000643730164,0.43700000643730164,0.43700000643730164,0.43700000643730164,0.13148650527000427
2000-05-23,0,0.43700000643730164,0.43700000643730164,0.43700000643730164,0.43700000643730164,0.13148650527000427
2000-05-22,500,0.43700000643730164,0.43700000643730164,0.43700000643730164,0.43700000643730164,0.13148650527000427
2000-05-19,8400,0.43700000643730164,0.43700000643730164,0.43700000643730164,0.43700000643730164,0.13148650527000427
2000-05-18,0,0.43700000643730164,0.43700000643730164,0.43700000643730164,0.43700000643730164,0.13148650527000427
2000-05-17,0,0.43700000643730164,0.43700000643730164,0.43700000643730164,0.43700000643730164,0.13148650527000427
2000-05-16,800,0.43700000643730164,0.43700000643730164,0.43700000643730164,0.43700000643730164,0.13148650527000427
2000-05-15,0,0.531000018119812,0.531000018119812,0.531000018119812,0.531000018119812,0.15976965427398682
2000-05-12,10000,0.531000018119812,0.531000018119812,0.531000018119812,0.531000018119812,0.15976965427398682
2000-05-11,11800,0.43700000643730164,0.43700000643730164,0.44999998807907104,0.4000000059604645,0.13148650527000427
2000-05-10,45400,0.375,0.4000000059604645,0.4000000059604645,0.375,0.12035378068685532
2000-05-09,2500,0.375,0.375,0.375,0.375,0.11283166706562042
2000-05-08,0,0.375,0.375,0.375,0.375,0.11283166706562042
2000-05-05,0,0.375,0.375,0.375,0.375,0.11283166706562042
2000-05-04,0,0.375,0.375,0.375,0.375,0.11283166706562042
2000-05-03,800,0.375,0.375,0.375,0.375,0.11283166706562042
2000-05-02,0,0.5,0.5,0.5,0.5,0.1504422277212143
2000-05-01,15000,0.3700000047683716,0.5,0.5,0.3700000047683716,0.1504422277212143
2000-04-28,0,0.3700000047683716,0.3700000047683716,0.3700000047683716,0.3700000047683716,0.11132724583148956
2000-04-27,600,0.3700000047683716,0.3700000047683716,0.3700000047683716,0.3700000047683716,0.11132724583148956
2000-04-26,0,0.5299999713897705,0.5299999713897705,0.5299999713897705,0.5299999713897705,0.15946874022483826
2000-04-25,600,0.5299999713897705,0.5299999713897705,0.5299999713897705,0.5299999713897705,0.15946874022483826
2000-04-24,3800,0.3700000047683716,0.3700000047683716,0.5299999713897705,0.3700000047683716,0.11132724583148956
2000-04-20,13200,0.5099999904632568,0.5099999904632568,0.5099999904632568,0.5099999904632568,0.153451070189476
2000-04-19,0,0.5099999904632568,0.5099999904632568,0.5099999904632568,0.5099999904632568,0.153451070189476
2000-04-18,0,0.5099999904632568,0.5099999904632568,0.5099999904632568,0.5099999904632568,0.153451070189476
2000-04-17,3500,0.531000018119812,0.5099999904632568,0.531000018119812,0.5099999904632568,0.153451070189476
2000-04-14,12500,0.531000018119812,0.531000018119812,0.531000018119812,0.531000018119812,0.15976965427398682
2000-04-13,100,0.531000018119812,0.531000018119812,0.531000018119812,0.531000018119812,0.15976965427398682
2000-04-12,0,0.531000018119812,0.531000018119812,0.531000018119812,0.531000018119812,0.15976965427398682
2000-04-11,700,0.531000018119812,0.531000018119812,0.531000018119812,0.531000018119812,0.15976965427398682
2000-04-10,0,0.531000018119812,0.531000018119812,0.531000018119812,0.531000018119812,0.15976965427398682
2000-04-07,0,0.531000018119812,0.531000018119812,0.531000018119812,0.531000018119812,0.15976965427398682
2000-04-06,3000,0.531000018119812,0.531000018119812,0.531000018119812,0.531000018119812,0.15976965427398682
2000-04-05,0,0.625,0.625,0.625,0.625,0.18805277347564697
2000-04-04,0,0.625,0.625,0.625,0.625,0.18805277347564697
2000-04-03,0,0.625,0.625,0.625,0.625,0.18805277347564697
2000-03-31,1800,0.625,0.625,0.625,0.625,0.18805277347564697
2000-03-30,8100,0.5929999947547913,0.5929999947547913,0.5929999947547913,0.5929999947547913,0.17842447757720947
2000-03-29,3000,0.5929999947547913,0.5929999947547913,0.5929999947547913,0.5929999947547913,0.17842447757720947
2000-03-28,9500,0.5619999766349792,0.5619999766349792,0.625,0.5619999766349792,0.16909705102443695
2000-03-27,0,0.5619999766349792,0.5619999766349792,0.5619999766349792,0.5619999766349792,0.16909705102443695
2000-03-24,3000,0.5619999766349792,0.5619999766349792,0.5619999766349792,0.5619999766349792,0.16909705102443695
2000-03-23,800,0.625,0.625,0.625,0.625,0.18805277347564697
2000-03-22,1600,0.5619999766349792,0.625,0.625,0.5619999766349792,0.18805277347564697
2000-03-21,4400,0.5619999766349792,0.6000000238418579,0.6000000238418579,0.5619999766349792,0.18053066730499268
2000-03-20,5100,0.5619999766349792,0.5619999766349792,0.625,0.5619999766349792,0.16909705102443695
2000-03-17,5000,0.5619999766349792,0.5619999766349792,0.5619999766349792,0.5619999766349792,0.16909705102443695
2000-03-16,200,0.625,0.5619999766349792,0.625,0.5619999766349792,0.16909705102443695
2000-03-15,1900,0.5619999766349792,0.5619999766349792,0.5619999766349792,0.5619999766349792,0.16909705102443695
2000-03-14,800,0.5619999766349792,0.5619999766349792,0.5619999766349792,0.5619999766349792,0.16909705102443695
2000-03-13,3400,0.625,0.625,0.625,0.5619999766349792,0.18805277347564697
2000-03-10,100,0.625,0.625,0.625,0.5929999947547913,0.18805277347564697
2000-03-09,21300,0.5929999947547913,0.5929999947547913,0.625,0.5929999947547913,0.17842447757720947
2000-03-08,500,0.5929999947547913,0.5929999947547913,0.5929999947547913,0.5929999947547913,0.17842447757720947
2000-03-07,37700,0.550000011920929,0.550000011920929,0.5929999947547913,0.5,0.16548645496368408
2000-03-06,1400,0.625,0.625,0.625,0.550000011920929,0.18805277347564697
2000-03-03,0,0.550000011920929,0.550000011920929,0.550000011920929,0.550000011920929,0.16548645496368408
2000-03-02,3500,0.550000011920929,0.550000011920929,0.550000011920929,0.550000011920929,0.16548645496368408
2000-03-01,5000,0.625,0.625,0.625,0.625,0.18805277347564697
2000-02-29,10500,0.625,0.625,0.625,0.5400000214576721,0.18805277347564697
2000-02-28,1200,0.5400000214576721,0.5099999904632568,0.5400000214576721,0.5099999904632568,0.153451070189476
2000-02-25,9000,0.5099999904632568,0.5099999904632568,0.5099999904632568,0.5099999904632568,0.153451070189476
2000-02-24,7500,0.5099999904632568,0.5099999904632568,0.5099999904632568,0.5099999904632568,0.153451070189476
2000-02-23,0,0.43700000643730164,0.43700000643730164,0.43700000643730164,0.43700000643730164,0.13148650527000427
2000-02-22,400,0.43700000643730164,0.43700000643730164,0.43700000643730164,0.43700000643730164,0.13148650527000427
2000-02-18,5500,0.5199999809265137,0.5199999809265137,0.5199999809265137,0.5,0.15645989775657654
2000-02-17,3500,0.5,0.5,0.5,0.5,0.1504422277212143
2000-02-16,600,0.5,0.5,0.5,0.5,0.1504422277212143
2000-02-15,12000,0.4000000059604645,0.5,0.5,0.4000000059604645,0.1504422277212143
2000-02-14,10000,0.4000000059604645,0.4000000059604645,0.4000000059604645,0.4000000059604645,0.12035378068685532
2000-02-11,1700,0.3499999940395355,0.4000000059604645,0.4000000059604645,0.3499999940395355,0.12035378068685532
2000-02-10,0,0.4300000071525574,0.4300000071525574,0.4300000071525574,0.4300000071525574,0.12938031554222107
2000-02-09,0,0.4300000071525574,0.4300000071525574,0.4300000071525574,0.4300000071525574,0.12938031554222107
2000-02-08,1500,0.4300000071525574,0.4300000071525574,0.4300000071525574,0.4300000071525574,0.12938031554222107
2000-02-07,4200,0.3499999940395355,0.3499999940395355,0.3499999940395355,0.3499999940395355,0.10530955344438553
2000-02-04,1700,0.5,0.5,0.5,0.5,0.1504422277212143
2000-02-03,1200,0.5,0.5,0.5,0.5,0.1504422277212143
2000-02-02,3000,0.5,0.3499999940395355,0.5,0.3499999940395355,0.10530955344438553
2000-02-01,700,0.5,0.3499999940395355,0.5,0.3499999940395355,0.10530955344438553
2000-01-31,24200,0.5,0.5,0.5,0.3499999940395355,0.1504422277212143
2000-01-28,27900,0.375,0.5,0.5,0.33000001311302185,0.1504422277212143
2000-01-27,9500,0.375,0.3499999940395355,0.375,0.3499999940395355,0.10530955344438553
2000-01-26,600,0.32499998807907104,0.32499998807907104,0.32499998807907104,0.32499998807907104,0.09778743982315063
2000-01-25,1500,0.375,0.375,0.375,0.375,0.11283166706562042
2000-01-24,16000,0.34299999475479126,0.34299999475479126,0.34299999475479126,0.34299999475479126,0.10320336371660233
2000-01-21,13000,0.31200000643730164,0.31200000643730164,0.31200000643730164,0.31200000643730164,0.093875952064991
2000-01-20,3000,0.375,0.375,0.375,0.375,0.11283166706562042
2000-01-19,2700,0.375,0.375,0.375,0.375,0.11283166706562042
2000-01-18,10600,0.375,0.375,0.375,0.31200000643730164,0.11283166706562042
2000-01-14,13400,0.375,0.375,0.375,0.375,0.11283166706562042
2000-01-13,1000,0.375,0.375,0.375,0.375,0.11283166706562042
2000-01-12,5000,0.375,0.375,0.375,0.375,0.11283166706562042
2000-01-11,0,0.31200000643730164,0.31200000643730164,0.31200000643730164,0.31200000643730164,0.093875952064991
2000-01-10,600,0.31200000643730164,0.31200000643730164,0.31200000643730164,0.31200000643730164,0.093875952064991
2000-01-07,2000,0.375,0.375,0.375,0.375,0.11283166706562042
2000-01-06,0,0.375,0.375,0.375,0.375,0.11283166706562042
2000-01-05,0,0.375,0.375,0.375,0.375,0.11283166706562042
2000-01-04,1000,0.375,0.375,0.375,0.375,0.11283166706562042
2000-01-03,0,0.31200000643730164,0.31200000643730164,0.31200000643730164,0.31200000643730164,0.093875952064991
1999-12-31,6600,0.31200000643730164,0.31200000643730164,0.31200000643730164,0.31200000643730164,0.093875952064991
1999-12-30,0,0.31200000643730164,0.31200000643730164,0.31200000643730164,0.31200000643730164,0.093875952064991
1999-12-29,33700,0.31200000643730164,0.31200000643730164,0.31200000643730164,0.31200000643730164,0.093875952064991
1999-12-28,0,0.31200000643730164,0.31200000643730164,0.31200000643730164,0.31200000643730164,0.093875952064991
1999-12-27,0,0.31200000643730164,0.31200000643730164,0.31200000643730164,0.31200000643730164,0.093875952064991
1999-12-23,2600,0.31200000643730164,0.31200000643730164,0.31200000643730164,0.31200000643730164,0.093875952064991
1999-12-22,0,0.31200000643730164,0.31200000643730164,0.31200000643730164,0.31200000643730164,0.093875952064991
1999-12-21,0,0.31200000643730164,0.31200000643730164,0.31200000643730164,0.31200000643730164,0.093875952064991
1999-12-20,300,0.31200000643730164,0.31200000643730164,0.31200000643730164,0.31200000643730164,0.093875952064991
1999-12-17,0,0.43700000643730164,0.43700000643730164,0.43700000643730164,0.43700000643730164,0.13148650527000427
1999-12-16,0,0.43700000643730164,0.43700000643730164,0.43700000643730164,0.43700000643730164,0.13148650527000427
1999-12-15,400,0.31200000643730164,0.43700000643730164,0.43700000643730164,0.31200000643730164,0.13148650527000427
1999-12-14,2200,0.31200000643730164,0.31200000643730164,0.31200000643730164,0.31200000643730164,0.093875952064991
1999-12-13,1100,0.43700000643730164,0.31200000643730164,0.43700000643730164,0.31200000643730164,0.093875952064991
1999-12-10,500,0.31200000643730164,0.31200000643730164,0.31200000643730164,0.31200000643730164,0.093875952064991
1999-12-09,4100,0.31200000643730164,0.31200000643730164,0.31200000643730164,0.31200000643730164,0.093875952064991
1999-12-08,0,0.31200000643730164,0.31200000643730164,0.31200000643730164,0.31200000643730164,0.093875952064991
1999-12-07,1100,0.31200000643730164,0.31200000643730164,0.31200000643730164,0.31200000643730164,0.093875952064991
1999-12-06,10700,0.31200000643730164,0.31200000643730164,0.31200000643730164,0.31200000643730164,0.093875952064991
1999-12-03,0,0.43700000643730164,0.43700000643730164,0.43700000643730164,0.43700000643730164,0.13148650527000427
1999-12-02,0,0.43700000643730164,0.43700000643730164,0.43700000643730164,0.43700000643730164,0.13148650527000427
1999-12-01,0,0.43700000643730164,0.43700000643730164,0.43700000643730164,0.43700000643730164,0.13148650527000427
1999-11-30,0,0.43700000643730164,0.43700000643730164,0.43700000643730164,0.43700000643730164,0.13148650527000427
1999-11-29,0,0.43700000643730164,0.43700000643730164,0.43700000643730164,0.43700000643730164,0.13148650527000427
1999-11-26,0,0.43700000643730164,0.43700000643730164,0.43700000643730164,0.43700000643730164,0.13148650527000427
1999-11-24,0,0.43700000643730164,0.43700000643730164,0.43700000643730164,0.43700000643730164,0.13148650527000427
1999-11-23,0,0.43700000643730164,0.43700000643730164,0.43700000643730164,0.43700000643730164,0.13148650527000427
1999-11-22,0,0.43700000643730164,0.43700000643730164,0.43700000643730164,0.43700000643730164,0.13148650527000427
1999-11-19,0,0.43700000643730164,0.43700000643730164,0.43700000643730164,0.43700000643730164,0.13148650527000427
1999-11-18,1000,0.43700000643730164,0.43700000643730164,0.43700000643730164,0.43700000643730164,0.13148650527000427
1999-11-17,0,0.43700000643730164,0.43700000643730164,0.43700000643730164,0.43700000643730164,0.13148650527000427
1999-11-16,0,0.43700000643730164,0.43700000643730164,0.43700000643730164,0.43700000643730164,0.13148650527000427
1999-11-15,0,0.43700000643730164,0.43700000643730164,0.43700000643730164,0.43700000643730164,0.13148650527000427
1999-11-12,3200,0.43700000643730164,0.43700000643730164,0.43700000643730164,0.43700000643730164,0.13148650527000427
1999-11-11,300,0.43700000643730164,0.43700000643730164,0.43700000643730164,0.43700000643730164,0.13148650527000427
1999-11-10,9200,0.4059999883174896,0.4059999883174896,0.4059999883174896,0.4059999883174896,0.12215907871723175
1999-11-09,0,0.31200000643730164,0.31200000643730164,0.31200000643730164,0.31200000643730164,0.093875952064991
1999-11-08,300,0.31200000643730164,0.31200000643730164,0.31200000643730164,0.31200000643730164,0.093875952064991
1999-11-05,0,0.375,0.375,0.375,0.375,0.11283166706562042
1999-11-04,0,0.375,0.375,0.375,0.375,0.11283166706562042
1999-11-03,5000,0.375,0.375,0.375,0.375,0.11283166706562042
1999-11-02,25700,0.375,0.375,0.375,0.375,0.11283166706562042
1999-11-01,38100,0.34299999475479126,0.31200000643730164,0.34299999475479126,0.31200000643730164,0.093875952064991
1999-10-29,0,0.531000018119812,0.531000018119812,0.531000018119812,0.531000018119812,0.15976965427398682
1999-10-28,0,0.531000018119812,0.531000018119812,0.531000018119812,0.531000018119812,0.15976965427398682
1999-10-27,0,0.531000018119812,0.531000018119812,0.531000018119812,0.531000018119812,0.15976965427398682
1999-10-26,0,0.531000018119812,0.531000018119812,0.531000018119812,0.531000018119812,0.15976965427398682
1999-10-25,0,0.531000018119812,0.531000018119812,0.531000018119812,0.531000018119812,0.15976965427398682
1999-10-22,1000,0.531000018119812,0.531000018119812,0.531000018119812,0.531000018119812,0.15976965427398682
1999-10-21,0,0.531000018119812,0.531000018119812,0.531000018119812,0.531000018119812,0.15976965427398682
1999-10-20,11300,0.531000018119812,0.531000018119812,0.531000018119812,0.43700000643730164,0.15976965427398682
1999-10-19,0,0.375,0.375,0.375,0.375,0.11283166706562042
1999-10-18,0,0.375,0.375,0.375,0.375,0.11283166706562042
1999-10-15,0,0.375,0.375,0.375,0.375,0.11283166706562042
1999-10-14,0,0.375,0.375,0.375,0.375,0.11283166706562042
1999-10-13,0,0.375,0.375,0.375,0.375,0.11283166706562042
1999-10-12,5500,0.375,0.375,0.375,0.375,0.11283166706562042
1999-10-11,0,0.531000018119812,0.531000018119812,0.531000018119812,0.531000018119812,0.15976965427398682
1999-10-08,0,0.531000018119812,0.531000018119812,0.531000018119812,0.531000018119812,0.15976965427398682
1999-10-07,100,0.531000018119812,0.531000018119812,0.531000018119812,0.531000018119812,0.15976965427398682
1999-10-06,2100,0.5,0.5,0.5,0.5,0.1504422277212143
1999-10-05,0,0.375,0.375,0.375,0.375,0.11283166706562042
1999-10-04,5000,0.375,0.375,0.375,0.375,0.11283166706562042
1999-10-01,0,0.5,0.5,0.5,0.5,0.1504422277212143
1999-09-30,800,0.5,0.5,0.5,0.5,0.1504422277212143
1999-09-29,0,0.375,0.375,0.375,0.375,0.11283166706562042
1999-09-28,0,0.375,0.375,0.375,0.375,0.11283166706562042
1999-09-27,0,0.375,0.375,0.375,0.375,0.11283166706562042
1999-09-24,0,0.375,0.375,0.375,0.375,0.11283166706562042
1999-09-23,200,0.375,0.375,0.375,0.375,0.11283166706562042
1999-09-22,0,0.375,0.375,0.375,0.375,0.11283166706562042
1999-09-21,0,0.375,0.375,0.375,0.375,0.11283166706562042
1999-09-20,0,0.375,0.375,0.375,0.375,0.11283166706562042
1999-09-17,400,0.375,0.375,0.375,0.375,0.11283166706562042
1999-09-16,800,0.4059999883174896,0.5,0.5,0.4059999883174896,0.1504422277212143
1999-09-15,0,0.5,0.5,0.5,0.5,0.1504422277212143
1999-09-14,0,0.5,0.5,0.5,0.5,0.1504422277212143
1999-09-13,0,0.5,0.5,0.5,0.5,0.1504422277212143
1999-09-10,0,0.5,0.5,0.5,0.5,0.1504422277212143
1999-09-09,10000,0.5,0.5,0.5,0.5,0.1504422277212143
1999-09-08,0,0.5619999766349792,0.5619999766349792,0.5619999766349792,0.5619999766349792,0.16909705102443695
1999-09-07,0,0.5619999766349792,0.5619999766349792,0.5619999766349792,0.5619999766349792,0.16909705102443695
1999-09-03,0,0.5619999766349792,0.5619999766349792,0.5619999766349792,0.5619999766349792,0.16909705102443695
1999-09-02,1000,0.5619999766349792,0.5619999766349792,0.5619999766349792,0.5619999766349792,0.16909705102443695
1999-09-01,5000,0.5619999766349792,0.5619999766349792,0.5619999766349792,0.5619999766349792,0.16909705102443695
1999-08-31,0,0.5,0.5,0.5,0.5,0.1504422277212143
1999-08-30,500,0.5,0.5,0.5,0.5,0.1504422277212143
1999-08-27,10600,0.531000018119812,0.531000018119812,0.531000018119812,0.531000018119812,0.15976965427398682
1999-08-26,0,0.5619999766349792,0.5619999766349792,0.5619999766349792,0.5619999766349792,0.16909705102443695
1999-08-25,0,0.5619999766349792,0.5619999766349792,0.5619999766349792,0.5619999766349792,0.16909705102443695
1999-08-24,0,0.5619999766349792,0.5619999766349792,0.5619999766349792,0.5619999766349792,0.16909705102443695
1999-08-23,970000,0.5,0.5619999766349792,0.5619999766349792,0.5,0.16909705102443695
1999-08-20,0,0.5619999766349792,0.5619999766349792,0.5619999766349792,0.5619999766349792,0.16909705102443695
1999-08-19,0,0.5619999766349792,0.5619999766349792,0.5619999766349792,0.5619999766349792,0.16909705102443695
1999-08-18,0,0.5619999766349792,0.5619999766349792,0.5619999766349792,0.5619999766349792,0.16909705102443695
1999-08-17,2000,0.5619999766349792,0.5619999766349792,0.5619999766349792,0.5619999766349792,0.16909705102443695
1999-08-16,0,0.5619999766349792,0.5619999766349792,0.5619999766349792,0.5619999766349792,0.16909705102443695
1999-08-13,0,0.5619999766349792,0.5619999766349792,0.5619999766349792,0.5619999766349792,0.16909705102443695
1999-08-12,0,0.5619999766349792,0.5619999766349792,0.5619999766349792,0.5619999766349792,0.16909705102443695
1999-08-11,2000,0.5619999766349792,0.5619999766349792,0.5619999766349792,0.5619999766349792,0.16909705102443695
1999-08-10,1000,0.5,0.5,0.5,0.5,0.1504422277212143
1999-08-09,5100,0.531000018119812,0.531000018119812,0.531000018119812,0.531000018119812,0.15976965427398682
1999-08-06,0,0.625,0.625,0.625,0.625,0.18805277347564697
1999-08-05,0,0.625,0.625,0.625,0.625,0.18805277347564697
1999-08-04,2500,0.625,0.625,0.625,0.625,0.18805277347564697
1999-08-03,3600,0.5,0.5,0.531000018119812,0.5,0.1504422277212143
1999-08-02,0,0.625,0.625,0.625,0.625,0.18805277347564697
1999-07-30,10000,0.625,0.625,0.625,0.625,0.18805277347564697
1999-07-29,0,0.5929999947547913,0.5929999947547913,0.5929999947547913,0.5929999947547913,0.17842447757720947
1999-07-28,0,0.5929999947547913,0.5929999947547913,0.5929999947547913,0.5929999947547913,0.17842447757720947
1999-07-27,5000,0.5929999947547913,0.5929999947547913,0.5929999947547913,0.5929999947547913,0.17842447757720947
1999-07-26,17100,0.5619999766349792,0.5619999766349792,0.5619999766349792,0.5,0.16909705102443695
1999-07-23,0,0.5619999766349792,0.5619999766349792,0.5619999766349792,0.5619999766349792,0.16909705102443695
1999-07-22,6000,0.5619999766349792,0.5619999766349792,0.5619999766349792,0.5619999766349792,0.16909705102443695
1999-07-21,0,0.5619999766349792,0.5619999766349792,0.5619999766349792,0.5619999766349792,0.16909705102443695
1999-07-20,0,0.5619999766349792,0.5619999766349792,0.5619999766349792,0.5619999766349792,0.16909705102443695
1999-07-19,0,0.5619999766349792,0.5619999766349792,0.5619999766349792,0.5619999766349792,0.16909705102443695
1999-07-16,0,0.5619999766349792,0.5619999766349792,0.5619999766349792,0.5619999766349792,0.16909705102443695
1999-07-15,10000,0.5619999766349792,0.5619999766349792,0.5619999766349792,0.5619999766349792,0.16909705102443695
1999-07-14,5300,0.531000018119812,0.531000018119812,0.531000018119812,0.5,0.15976965427398682
1999-07-13,2000,0.5929999947547913,0.5929999947547913,0.5929999947547913,0.5929999947547913,0.17842447757720947
1999-07-12,1100,0.5,0.5,0.5,0.5,0.1504422277212143
1999-07-09,0,0.5619999766349792,0.5619999766349792,0.5619999766349792,0.5619999766349792,0.16909705102443695
1999-07-08,0,0.5619999766349792,0.5619999766349792,0.5619999766349792,0.5619999766349792,0.16909705102443695
1999-07-07,1100,0.5619999766349792,0.5619999766349792,0.5619999766349792,0.5,0.16909705102443695
1999-07-06,3300,0.5,0.5,0.5,0.5,0.1504422277212143
1999-07-02,1300,0.5,0.5,0.5,0.5,0.1504422277212143
1999-07-01,40000,0.5619999766349792,0.5619999766349792,0.5619999766349792,0.5,0.16909705102443695
1999-06-30,0,0.5,0.5,0.5,0.5,0.1504422277212143
1999-06-29,28600,0.5,0.5,0.550000011920929,0.5,0.1504422277212143
1999-06-28,0,0.5619999766349792,0.5619999766349792,0.5619999766349792,0.5619999766349792,0.16909705102443695
1999-06-25,0,0.5619999766349792,0.5619999766349792,0.5619999766349792,0.5619999766349792,0.16909705102443695
1999-06-24,1000,0.5619999766349792,0.5619999766349792,0.5619999766349792,0.5619999766349792,0.16909705102443695
1999-06-23,2800,0.531000018119812,0.531000018119812,0.531000018119812,0.531000018119812,0.15976965427398682
1999-06-22,100,0.656000018119812,0.656000018119812,0.656000018119812,0.656000018119812,0.1973802000284195
1999-06-21,100,0.531000018119812,0.531000018119812,0.531000018119812,0.531000018119812,0.15976965427398682
1999-06-18,2100,0.656000018119812,0.656000018119812,0.656000018119812,0.531000018119812,0.1973802000284195
1999-06-17,300,0.531000018119812,0.531000018119812,0.531000018119812,0.531000018119812,0.15976965427398682
1999-06-16,0,0.531000018119812,0.531000018119812,0.531000018119812,0.531000018119812,0.15976965427398682
1999-06-15,0,0.531000018119812,0.531000018119812,0.531000018119812,0.531000018119812,0.15976965427398682
1999-06-14,0,0.531000018119812,0.531000018119812,0.531000018119812,0.531000018119812,0.15976965427398682
1999-06-11,10000,0.531000018119812,0.531000018119812,0.531000018119812,0.531000018119812,0.15976965427398682
1999-06-10,10300,0.5929999947547913,0.5929999947547913,0.5929999947547913,0.531000018119812,0.17842447757720947
1999-06-09,0,0.531000018119812,0.531000018119812,0.531000018119812,0.531000018119812,0.15976965427398682
1999-06-08,0,0.531000018119812,0.531000018119812,0.531000018119812,0.531000018119812,0.15976965427398682
1999-06-07,500,0.531000018119812,0.531000018119812,0.531000018119812,0.531000018119812,0.15976965427398682
1999-06-04,0,0.531000018119812,0.531000018119812,0.531000018119812,0.531000018119812,0.15976965427398682
1999-06-03,0,0.531000018119812,0.531000018119812,0.531000018119812,0.531000018119812,0.15976965427398682
1999-06-02,800,0.531000018119812,0.531000018119812,0.531000018119812,0.531000018119812,0.15976965427398682
1999-06-01,0,0.5929999947547913,0.5929999947547913,0.5929999947547913,0.5929999947547913,0.17842447757720947
1999-05-28,100,0.5929999947547913,0.5929999947547913,0.5929999947547913,0.5929999947547913,0.17842447757720947
1999-05-27,0,0.531000018119812,0.531000018119812,0.531000018119812,0.531000018119812,0.15976965427398682
1999-05-26,100,0.531000018119812,0.531000018119812,0.531000018119812,0.531000018119812,0.15976965427398682
1999-05-25,0,0.5929999947547913,0.5929999947547913,0.5929999947547913,0.5929999947547913,0.17842447757720947
1999-05-24,0,0.5929999947547913,0.5929999947547913,0.5929999947547913,0.5929999947547913,0.17842447757720947
1999-05-21,1000,0.5929999947547913,0.5929999947547913,0.5929999947547913,0.5929999947547913,0.17842447757720947
1999-05-20,0,0.531000018119812,0.531000018119812,0.531000018119812,0.531000018119812,0.15976965427398682
1999-05-19,2000,0.531000018119812,0.531000018119812,0.531000018119812,0.531000018119812,0.15976965427398682
1999-05-18,0,0.5929999947547913,0.5929999947547913,0.5929999947547913,0.5929999947547913,0.17842447757720947
1999-05-17,500,0.5929999947547913,0.5929999947547913,0.5929999947547913,0.5929999947547913,0.17842447757720947
1999-05-14,0,0.5929999947547913,0.5929999947547913,0.5929999947547913,0.5929999947547913,0.17842447757720947
1999-05-13,300,0.5929999947547913,0.5929999947547913,0.5929999947547913,0.5929999947547913,0.17842447757720947
1999-05-12,2000,0.5929999947547913,0.5929999947547913,0.5929999947547913,0.5929999947547913,0.17842447757720947
1999-05-11,200,0.531000018119812,0.531000018119812,0.531000018119812,0.531000018119812,0.15976965427398682
1999-05-10,2900,0.531000018119812,0.531000018119812,0.531000018119812,0.531000018119812,0.15976965427398682
1999-05-07,0,0.5929999947547913,0.5929999947547913,0.5929999947547913,0.5929999947547913,0.17842447757720947
1999-05-06,6100,0.5929999947547913,0.5929999947547913,0.5929999947547913,0.5929999947547913,0.17842447757720947
1999-05-05,8900,0.531000018119812,0.531000018119812,0.5929999947547913,0.531000018119812,0.15976965427398682
1999-05-04,4000,0.531000018119812,0.531000018119812,0.531000018119812,0.531000018119812,0.15976965427398682
1999-05-03,0,0.531000018119812,0.531000018119812,0.531000018119812,0.531000018119812,0.15976965427398682
1999-04-30,0,0.531000018119812,0.531000018119812,0.531000018119812,0.531000018119812,0.15976965427398682
1999-04-29,7200,0.531000018119812,0.531000018119812,0.531000018119812,0.531000018119812,0.15976965427398682
1999-04-28,0,0.625,0.625,0.625,0.625,0.18805277347564697
1999-04-27,2000,0.625,0.625,0.625,0.625,0.18805277347564697
1999-04-26,3000,0.625,0.625,0.625,0.625,0.18805277347564697
1999-04-23,0,0.625,0.625,0.625,0.625,0.18805277347564697
1999-04-22,5900,0.625,0.625,0.625,0.625,0.18805277347564697
1999-04-21,10000,0.625,0.625,0.625,0.625,0.18805277347564697
1999-04-20,10000,0.5619999766349792,0.5619999766349792,0.6499999761581421,0.5619999766349792,0.16909705102443695
1999-04-19,7600,0.5619999766349792,0.5619999766349792,0.6869999766349792,0.5619999766349792,0.16909705102443695
1999-04-16,1000,0.5619999766349792,0.5619999766349792,0.5619999766349792,0.5619999766349792,0.16909705102443695
1999-04-15,300,0.531000018119812,0.531000018119812,0.531000018119812,0.531000018119812,0.15976965427398682
1999-04-14,2400,0.531000018119812,0.531000018119812,0.531000018119812,0.531000018119812,0.15976965427398682
1999-04-13,11000,0.531000018119812,0.531000018119812,0.6869999766349792,0.531000018119812,0.15976965427398682
1999-04-12,3600,0.5619999766349792,0.5619999766349792,0.5619999766349792,0.531000018119812,0.16909705102443695
1999-04-09,0,0.6869999766349792,0.6869999766349792,0.6869999766349792,0.6869999766349792,0.20670759677886963
1999-04-08,0,0.6869999766349792,0.6869999766349792,0.6869999766349792,0.6869999766349792,0.20670759677886963
1999-04-07,15000,0.6869999766349792,0.6869999766349792,0.6869999766349792,0.625,0.20670759677886963
1999-04-06,40000,0.531000018119812,0.531000018119812,0.6869999766349792,0.531000018119812,0.15976965427398682
1999-04-05,16500,0.625,0.625,0.6869999766349792,0.531000018119812,0.18805277347564697
1999-04-01,0,0.531000018119812,0.531000018119812,0.531000018119812,0.531000018119812,0.15976965427398682
1999-03-31,0,0.531000018119812,0.531000018119812,0.531000018119812,0.531000018119812,0.15976965427398682
1999-03-30,5000,0.531000018119812,0.531000018119812,0.531000018119812,0.531000018119812,0.15976965427398682
1999-03-29,1000,0.6869999766349792,0.6869999766349792,0.6869999766349792,0.6869999766349792,0.20670759677886963
1999-03-26,3000,0.5,0.5,0.5,0.5,0.1504422277212143
1999-03-25,200,0.46799999475479126,0.46799999475479126,0.46799999475479126,0.46799999475479126,0.1408139169216156
1999-03-24,0,0.46799999475479126,0.46799999475479126,0.46799999475479126,0.46799999475479126,0.1408139169216156
1999-03-23,2000,0.46799999475479126,0.46799999475479126,0.46799999475479126,0.46799999475479126,0.1408139169216156
1999-03-22,900,0.7179999947547913,0.7179999947547913,0.7179999947547913,0.7179999947547913,0.21603502333164215
1999-03-19,100,0.43700000643730164,0.43700000643730164,0.43700000643730164,0.43700000643730164,0.13148650527000427
1999-03-18,900,0.43700000643730164,0.43700000643730164,0.625,0.43700000643730164,0.13148650527000427
1999-03-17,16500,0.46799999475479126,0.46799999475479126,0.625,0.46799999475479126,0.1408139169216156
1999-03-16,10000,0.5929999947547913,0.5929999947547913,0.5929999947547913,0.5929999947547913,0.17842447757720947
1999-03-15,9600,0.5929999947547913,0.5929999947547913,0.75,0.46799999475479126,0.17842447757720947
1999-03-12,10600,0.550000011920929,0.550000011920929,0.625,0.5,0.16548645496368408
1999-03-11,3000,0.625,0.625,0.625,0.625,0.18805277347564697
1999-03-10,0,0.5,0.5,0.5,0.5,0.1504422277212143
1999-03-09,200,0.5,0.5,0.5,0.5,0.1504422277212143
1999-03-08,1000,0.625,0.625,0.625,0.625,0.18805277347564697
1999-03-05,0,0.5299999713897705,0.5299999713897705,0.5299999713897705,0.5299999713897705,0.15946874022483826
1999-03-04,0,0.5299999713897705,0.5299999713897705,0.5299999713897705,0.5299999713897705,0.15946874022483826
1999-03-03,500,0.5299999713897705,0.5299999713897705,0.5299999713897705,0.5299999713897705,0.15946874022483826
1999-03-02,800,0.46799999475479126,0.46799999475479126,0.46799999475479126,0.46799999475479126,0.1408139169216156
1999-03-01,500,0.5,0.5,0.5,0.5,0.1504422277212143
1999-02-26,2000,0.46799999475479126,0.46799999475479126,0.46799999475479126,0.46799999475479126,0.1408139169216156
1999-02-25,0,0.5619999766349792,0.5619999766349792,0.5619999766349792,0.5619999766349792,0.16909705102443695
1999-02-24,0,0.5619999766349792,0.5619999766349792,0.5619999766349792,0.5619999766349792,0.16909705102443695
1999-02-23,0,0.5619999766349792,0.5619999766349792,0.5619999766349792,0.5619999766349792,0.16909705102443695
1999-02-22,6000,0.5619999766349792,0.5619999766349792,0.6869999766349792,0.5619999766349792,0.16909705102443695
1999-02-19,0,0.6869999766349792,0.6869999766349792,0.6869999766349792,0.6869999766349792,0.20670759677886963
1999-02-18,0,0.6869999766349792,0.6869999766349792,0.6869999766349792,0.6869999766349792,0.20670759677886963
1999-02-17,1000,0.6869999766349792,0.6869999766349792,0.6869999766349792,0.6869999766349792,0.20670759677886963
1999-02-16,0,0.6869999766349792,0.6869999766349792,0.6869999766349792,0.6869999766349792,0.20670759677886963
1999-02-12,3000,0.6869999766349792,0.6869999766349792,0.6869999766349792,0.5929999947547913,0.20670759677886963
1999-02-11,600,0.5929999947547913,0.5929999947547913,0.5929999947547913,0.5929999947547913,0.17842447757720947
1999-02-10,9000,0.531000018119812,0.531000018119812,0.531000018119812,0.531000018119812,0.15976965427398682
1999-02-09,0,0.5929999947547913,0.5929999947547913,0.5929999947547913,0.5929999947547913,0.17842447757720947
1999-02-08,0,0.5929999947547913,0.5929999947547913,0.5929999947547913,0.5929999947547913,0.17842447757720947
1999-02-05,0,0.5929999947547913,0.5929999947547913,0.5929999947547913,0.5929999947547913,0.17842447757720947
1999-02-04,0,0.5929999947547913,0.5929999947547913,0.5929999947547913,0.5929999947547913,0.17842447757720947
1999-02-03,0,0.5929999947547913,0.5929999947547913,0.5929999947547913,0.5929999947547913,0.17842447757720947
1999-02-02,900,0.5929999947547913,0.5929999947547913,0.5929999947547913,0.46799999475479126,0.17842447757720947
1999-02-01,0,0.5929999947547913,0.5929999947547913,0.5929999947547913,0.5929999947547913,0.17842447757720947
1999-01-29,0,0.5929999947547913,0.5929999947547913,0.5929999947547913,0.5929999947547913,0.17842447757720947
1999-01-28,0,0.5929999947547913,0.5929999947547913,0.5929999947547913,0.5929999947547913,0.17842447757720947
1999-01-27,200,0.5929999947547913,0.5929999947547913,0.5929999947547913,0.5929999947547913,0.17842447757720947
1999-01-26,2100,0.46799999475479126,0.46799999475479126,0.46799999475479126,0.46799999475479126,0.1408139169216156
1999-01-25,0,0.5,0.5,0.5,0.5,0.1504422277212143
1999-01-22,9000,0.5,0.5,0.5,0.5,0.1504422277212143
1999-01-21,0,0.46799999475479126,0.46799999475479126,0.46799999475479126,0.46799999475479126,0.1408139169216156
1999-01-20,0,0.46799999475479126,0.46799999475479126,0.46799999475479126,0.46799999475479126,0.1408139169216156
1999-01-19,4000,0.46799999475479126,0.46799999475479126,0.531000018119812,0.46799999475479126,0.1408139169216156
1999-01-15,400,0.46799999475479126,0.46799999475479126,0.46799999475479126,0.46799999475479126,0.1408139169216156
1999-01-14,0,0.47999998927116394,0.47999998927116394,0.47999998927116394,0.47999998927116394,0.14442452788352966
1999-01-13,10700,0.47999998927116394,0.47999998927116394,0.531000018119812,0.47999998927116394,0.14442452788352966
1999-01-12,700,0.46799999475479126,0.46799999475479126,0.46799999475479126,0.46799999475479126,0.1408139169216156
1999-01-11,2000,0.5,0.5,0.5,0.5,0.1504422277212143
1999-01-08,5400,0.5,0.5,0.5,0.5,0.1504422277212143
1999-01-07,5000,0.5,0.5,0.5,0.5,0.1504422277212143
1999-01-06,5000,0.5,0.5,0.5,0.5,0.1504422277212143
1999-01-05,0,0.5,0.5,0.5,0.5,0.1504422277212143
1999-01-04,0,0.5,0.5,0.5,0.5,0.1504422277212143
1998-12-31,14000,0.5,0.5,0.7179999947547913,0.46799999475479126,0.1504422277212143
1998-12-30,17000,0.531000018119812,0.531000018119812,0.531000018119812,0.43700000643730164,0.15976965427398682
1998-12-29,8100,0.5,0.5,0.5619999766349792,0.43700000643730164,0.1504422277212143
1998-12-28,700,0.625,0.625,0.625,0.43700000643730164,0.18805277347564697
1998-12-24,7400,0.625,0.625,0.625,0.46799999475479126,0.18805277347564697
1998-12-23,24300,0.5,0.5,0.5619999766349792,0.5,0.1504422277212143
1998-12-22,0,0.75,0.75,0.75,0.75,0.22566333413124084
1998-12-21,0,0.75,0.75,0.75,0.75,0.22566333413124084
1998-12-18,0,0.75,0.75,0.75,0.75,0.22566333413124084
1998-12-17,10000,0.75,0.75,0.75,0.75,0.22566333413124084
1998-12-16,15200,0.6869999766349792,0.6869999766349792,0.6869999766349792,0.5,0.20670759677886963
1998-12-15,5000,0.5619999766349792,0.5619999766349792,0.5619999766349792,0.5619999766349792,0.16909705102443695
1998-12-14,6400,0.5,0.5,0.5099999904632568,0.5,0.1504422277212143
1998-12-11,0,0.5099999904632568,0.5099999904632568,0.5099999904632568,0.5099999904632568,0.153451070189476
1998-12-10,0,0.5099999904632568,0.5099999904632568,0.5099999904632568,0.5099999904632568,0.153451070189476
1998-12-09,0,0.5099999904632568,0.5099999904632568,0.5099999904632568,0.5099999904632568,0.153451070189476
1998-12-08,8700,0.5099999904632568,0.5099999904632568,0.5099999904632568,0.5099999904632568,0.153451070189476
1998-12-07,0,0.5,0.5,0.5,0.5,0.1504422277212143
1998-12-04,0,0.5,0.5,0.5,0.5,0.1504422277212143
1998-12-03,14700,0.5,0.5,0.625,0.5,0.1504422277212143
1998-12-02,0,0.6869999766349792,0.6869999766349792,0.6869999766349792,0.6869999766349792,0.20670759677886963
1998-12-01,18000,0.6869999766349792,0.6869999766349792,0.6869999766349792,0.625,0.20670759677886963
1998-11-30,600,0.5,0.5,0.5,0.5,0.1504422277212143
1998-11-27,0,0.531000018119812,0.531000018119812,0.531000018119812,0.531000018119812,0.15976965427398682
1998-11-25,13300,0.531000018119812,0.531000018119812,0.5619999766349792,0.531000018119812,0.15976965427398682
1998-11-24,15400,0.5619999766349792,0.5619999766349792,0.6869999766349792,0.5619999766349792,0.16909705102443695
1998-11-23,7500,0.625,0.625,0.75,0.625,0.18805277347564697
1998-11-20,21100,0.75,0.75,0.75,0.5619999766349792,0.22566333413124084
1998-11-19,200,0.5619999766349792,0.5619999766349792,0.5619999766349792,0.5619999766349792,0.16909705102443695
1998-11-18,0,0.5619999766349792,0.5619999766349792,0.5619999766349792,0.5619999766349792,0.16909705102443695
1998-11-17,3000,0.5619999766349792,0.5619999766349792,0.75,0.5619999766349792,0.16909705102443695
1998-11-16,0,0.5619999766349792,0.5619999766349792,0.5619999766349792,0.5619999766349792,0.16909705102443695
1998-11-13,0,0.5619999766349792,0.5619999766349792,0.5619999766349792,0.5619999766349792,0.16909705102443695
1998-11-12,0,0.5619999766349792,0.5619999766349792,0.5619999766349792,0.5619999766349792,0.16909705102443695
1998-11-11,9100,0.5619999766349792,0.5619999766349792,0.75,0.5619999766349792,0.16909705102443695
1998-11-10,0,0.7179999947547913,0.7179999947547913,0.7179999947547913,0.7179999947547913,0.21603502333164215
1998-11-09,3500,0.7179999947547913,0.7179999947547913,0.7179999947547913,0.5619999766349792,0.21603502333164215
1998-11-06,0,0.7179999947547913,0.7179999947547913,0.7179999947547913,0.7179999947547913,0.21603502333164215
1998-11-05,0,0.7179999947547913,0.7179999947547913,0.7179999947547913,0.7179999947547913,0.21603502333164215
1998-11-04,0,0.7179999947547913,0.7179999947547913,0.7179999947547913,0.7179999947547913,0.21603502333164215
1998-11-03,0,0.7179999947547913,0.7179999947547913,0.7179999947547913,0.7179999947547913,0.21603502333164215
1998-11-02,0,0.7179999947547913,0.7179999947547913,0.7179999947547913,0.7179999947547913,0.21603502333164215
1998-10-30,0,0.7179999947547913,0.7179999947547913,0.7179999947547913,0.7179999947547913,0.21603502333164215
1998-10-29,0,0.7179999947547913,0.7179999947547913,0.7179999947547913,0.7179999947547913,0.21603502333164215
1998-10-28,200,0.7179999947547913,0.7179999947547913,0.7179999947547913,0.7179999947547913,0.21603502333164215
1998-10-27,0,0.7099999785423279,0.7099999785423279,0.7099999785423279,0.7099999785423279,0.21362794935703278
1998-10-26,1000,0.7099999785423279,0.7099999785423279,0.7099999785423279,0.7099999785423279,0.21362794935703278
1998-10-23,0,0.625,0.625,0.625,0.625,0.18805277347564697
1998-10-22,700,0.625,0.625,0.625,0.625,0.18805277347564697
1998-10-21,2800,0.5619999766349792,0.5619999766349792,0.5619999766349792,0.5619999766349792,0.16909705102443695
1998-10-20,10000,0.5619999766349792,0.5619999766349792,0.5619999766349792,0.5619999766349792,0.16909705102443695
1998-10-19,0,0.625,0.625,0.625,0.625,0.18805277347564697
1998-10-16,0,0.625,0.625,0.625,0.625,0.18805277347564697
1998-10-15,5500,0.625,0.625,0.625,0.625,0.18805277347564697
1998-10-14,100,0.625,0.625,0.625,0.625,0.18805277347564697
1998-10-13,0,0.625,0.625,0.625,0.625,0.18805277347564697
1998-10-12,3200,0.625,0.625,0.625,0.625,0.18805277347564697
1998-10-09,0,0.75,0.75,0.75,0.75,0.22566333413124084
1998-10-08,0,0.75,0.75,0.75,0.75,0.22566333413124084
1998-10-07,2500,0.75,0.75,0.75,0.75,0.22566333413124084
1998-10-06,600,0.75,0.75,0.75,0.75,0.22566333413124084
1998-10-05,0,0.7179999947547913,0.7179999947547913,0.7179999947547913,0.7179999947547913,0.21603502333164215
1998-10-02,0,0.7179999947547913,0.7179999947547913,0.7179999947547913,0.7179999947547913,0.21603502333164215
1998-10-01,0,0.7179999947547913,0.7179999947547913,0.7179999947547913,0.7179999947547913,0.21603502333164215
1998-09-30,0,0.7179999947547913,0.7179999947547913,0.7179999947547913,0.7179999947547913,0.21603502333164215
1998-09-29,1700,0.7179999947547913,0.7179999947547913,0.7179999947547913,0.7179999947547913,0.21603502333164215
1998-09-28,0,0.550000011920929,0.550000011920929,0.550000011920929,0.550000011920929,0.16548645496368408
1998-09-25,0,0.550000011920929,0.550000011920929,0.550000011920929,0.550000011920929,0.16548645496368408
1998-09-24,0,0.550000011920929,0.550000011920929,0.550000011920929,0.550000011920929,0.16548645496368408
1998-09-23,1500,0.550000011920929,0.550000011920929,0.550000011920929,0.550000011920929,0.16548645496368408
1998-09-22,0,0.6869999766349792,0.6869999766349792,0.6869999766349792,0.6869999766349792,0.20670759677886963
1998-09-21,0,0.6869999766349792,0.6869999766349792,0.6869999766349792,0.6869999766349792,0.20670759677886963
1998-09-18,0,0.6869999766349792,0.6869999766349792,0.6869999766349792,0.6869999766349792,0.20670759677886963
1998-09-17,0,0.6869999766349792,0.6869999766349792,0.6869999766349792,0.6869999766349792,0.20670759677886963
1998-09-16,10100,0.6869999766349792,0.6869999766349792,0.6869999766349792,0.5,0.20670759677886963
1998-09-15,0,0.625,0.625,0.625,0.625,0.18805277347564697
1998-09-14,0,0.625,0.625,0.625,0.625,0.18805277347564697
1998-09-11,0,0.625,0.625,0.625,0.625,0.18805277347564697
1998-09-10,0,0.625,0.625,0.625,0.625,0.18805277347564697
1998-09-09,0,0.625,0.625,0.625,0.625,0.18805277347564697
1998-09-08,1000,0.625,0.625,0.625,0.625,0.18805277347564697
1998-09-04,20000,0.46799999475479126,0.46799999475479126,0.46799999475479126,0.46799999475479126,0.1408139169216156
1998-09-03,0,0.625,0.625,0.625,0.625,0.18805277347564697
1998-09-02,21000,0.625,0.625,0.875,0.625,0.18805277347564697
1998-09-01,7500,0.75,0.75,0.75,0.6869999766349792,0.22566333413124084
1998-08-31,0,0.875,0.875,0.875,0.875,0.2632738947868347
1998-08-28,1000,0.875,0.875,0.875,0.875,0.2632738947868347
1998-08-27,9200,0.875,0.875,0.875,0.8119999766349792,0.2632738947868347
1998-08-26,0,0.875,0.875,0.875,0.875,0.2632738947868347
1998-08-25,0,0.875,0.875,0.875,0.875,0.2632738947868347
1998-08-24,0,0.875,0.875,0.875,0.875,0.2632738947868347
1998-08-21,0,0.875,0.875,0.875,0.875,0.2632738947868347
1998-08-20,0,0.875,0.875,0.875,0.875,0.2632738947868347
1998-08-19,28500,0.875,0.875,0.9369999766349792,0.875,0.2632738947868347
1998-08-18,0,0.9369999766349792,0.9369999766349792,0.9369999766349792,0.9369999766349792,0.2819287180900574
1998-08-17,4000,0.9369999766349792,0.9369999766349792,0.9369999766349792,0.9369999766349792,0.2819287180900574
1998-08-14,1000,1.031000018119812,1.031000018119812,1.031000018119812,1.031000018119812,0.3102118670940399
1998-08-13,0,1.0,1.0,1.0,1.0,0.3008844554424286
1998-08-12,1500,1.0,1.0,1.0,1.0,0.3008844554424286
1998-08-11,4100,1.0,1.0,1.0,0.875,0.3008844554424286
1998-08-10,0,0.875,0.875,0.875,0.875,0.2632738947868347
1998-08-07,0,0.875,0.875,0.875,0.875,0.2632738947868347
1998-08-06,400,0.875,0.875,0.875,0.875,0.2632738947868347
1998-08-05,1300,0.875,0.875,0.875,0.875,0.2632738947868347
1998-08-04,24900,0.9369999766349792,0.9369999766349792,1.031000018119812,0.875,0.2819287180900574
1998-08-03,0,1.093000054359436,1.093000054359436,1.093000054359436,1.093000054359436,0.32886672019958496
1998-07-31,6000,1.093000054359436,1.093000054359436,1.093000054359436,1.062000036239624,0.32886672019958496
1998-07-30,4000,1.031000018119812,1.031000018119812,1.031000018119812,1.031000018119812,0.3102118670940399
1998-07-29,0,1.031000018119812,1.031000018119812,1.031000018119812,1.031000018119812,0.3102118670940399
1998-07-28,2400,1.031000018119812,1.031000018119812,1.093000054359436,1.031000018119812,0.3102118670940399
1998-07-27,0,0.9679999947547913,0.9679999947547913,0.9679999947547913,0.9679999947547913,0.2912561297416687
1998-07-24,0,0.9679999947547913,0.9679999947547913,0.9679999947547913,0.9679999947547913,0.2912561297416687
1998-07-23,1000,0.9679999947547913,0.9679999947547913,1.093000054359436,0.9679999947547913,0.2912561297416687
1998-07-22,12200,1.0,1.0,1.093000054359436,0.9679999947547913,0.3008844554424286
1998-07-21,6000,1.0,1.0,1.031000018119812,0.9679999947547913,0.3008844554424286
1998-07-20,1300,1.0,1.0,1.0,1.0,0.3008844554424286
1998-07-17,4700,1.0,1.0,1.0,0.9679999947547913,0.3008844554424286
1998-07-16,0,1.0,1.0,1.0,1.0,0.3008844554424286
1998-07-15,8200,1.0,1.0,1.031000018119812,1.0,0.3008844554424286
1998-07-14,0,1.0,1.0,1.0,1.0,0.3008844554424286
1998-07-13,14600,1.0,1.0,1.093000054359436,1.0,0.3008844554424286
1998-07-10,4100,1.156000018119812,1.156000018119812,1.156000018119812,1.093000054359436,0.3478223979473114
1998-07-09,1000,1.090000033378601,1.090000033378601,1.090000033378601,1.090000033378601,0.32796403765678406
1998-07-08,7600,1.125,1.125,1.125,1.125,0.33849501609802246
1998-07-07,7400,1.25,1.25,1.25,1.125,0.37610554695129395
1998-07-06,500,1.125,1.125,1.125,1.125,0.33849501609802246
1998-07-02,0,1.125,1.125,1.125,1.125,0.33849501609802246
1998-07-01,900,1.125,1.125,1.2000000476837158,1.125,0.33849501609802246
1998-06-30,1000,1.25,1.25,1.25,1.25,0.37610554695129395
1998-06-29,1600,1.25,1.25,1.25,1.093000054359436,0.37610554695129395
1998-06-26,0,1.187000036239624,1.187000036239624,1.187000036239624,1.187000036239624,0.3571498394012451
1998-06-25,0,1.187000036239624,1.187000036239624,1.187000036239624,1.187000036239624,0.3571498394012451
1998-06-24,0,1.187000036239624,1.187000036239624,1.187000036239624,1.187000036239624,0.3571498394012451
1998-06-23,6000,1.187000036239624,1.187000036239624,1.187000036239624,1.187000036239624,0.3571498394012451
1998-06-22,11300,1.156000018119812,1.156000018119812,1.187000036239624,1.062000036239624,0.3478223979473114
1998-06-19,43700,1.156000018119812,1.156000018119812,1.156000018119812,1.031000018119812,0.3478223979473114
1998-06-18,38900,1.125,1.125,1.187000036239624,1.0,0.33849501609802246
1998-06-17,14900,1.062000036239624,1.062000036239624,1.062000036239624,0.9369999766349792,0.31953930854797363
1998-06-16,48500,1.0,1.0,1.062000036239624,0.9369999766349792,0.3008844554424286
1998-06-15,22700,1.0,1.0,1.062000036239624,0.9369999766349792,0.3008844554424286
1998-06-12,39500,1.0,1.0,1.062000036239624,0.9369999766349792,0.3008844554424286
1998-06-11,20000,0.875,0.875,1.0,0.875,0.2632738947868347
1998-06-10,0,0.875,0.875,0.875,0.875,0.2632738947868347
1998-06-09,2400,0.875,0.875,0.9679999947547913,0.8119999766349792,0.2632738947868347
1998-06-08,1600,0.9679999947547913,0.9679999947547913,0.9679999947547913,0.8119999766349792,0.2912561297416687
1998-06-05,2700,0.9679999947547913,0.9679999947547913,0.9679999947547913,0.9679999947547913,0.2912561297416687
1998-06-04,11500,0.9679999947547913,0.9679999947547913,0.9679999947547913,0.8119999766349792,0.2912561297416687
1998-06-03,26700,0.875,0.875,0.9679999947547913,0.875,0.2632738947868347
1998-06-02,71100,1.031000018119812,1.031000018119812,1.062000036239624,0.75,0.3102118670940399
1998-06-01,12800,0.75,0.75,0.75,0.5929999947547913,0.22566333413124084
1998-05-29,36000,0.5929999947547913,0.5929999947547913,0.6869999766349792,0.5929999947547913,0.17842447757720947
1998-05-28,0,0.625,0.625,0.625,0.625,0.18805277347564697
1998-05-27,2200,0.625,0.625,0.625,0.625,0.18805277347564697
1998-05-26,2800,0.625,0.625,0.625,0.625,0.18805277347564697
1998-05-22,2500,0.6869999766349792,0.6869999766349792,0.6869999766349792,0.6869999766349792,0.20670759677886963
1998-05-21,3000,0.625,0.625,0.625,0.625,0.18805277347564697
1998-05-20,1000,0.5929999947547913,0.5929999947547913,0.5929999947547913,0.5929999947547913,0.17842447757720947
1998-05-19,400,0.5929999947547913,0.5929999947547913,0.5929999947547913,0.5929999947547913,0.17842447757720947
1998-05-18,7500,0.6299999952316284,0.6299999952316284,0.6299999952316284,0.6299999952316284,0.18955719470977783
1998-05-15,12800,0.5929999947547913,0.5929999947547913,0.6000000238418579,0.5929999947547913,0.17842447757720947
1998-05-14,0,0.6299999952316284,0.6299999952316284,0.6299999952316284,0.6299999952316284,0.18955719470977783
1998-05-13,200,0.6299999952316284,0.6299999952316284,0.6299999952316284,0.6299999952316284,0.18955719470977783
1998-05-12,4400,0.5929999947547913,0.5929999947547913,0.6299999952316284,0.5929999947547913,0.17842447757720947
1998-05-11,32700,0.6000000238418579,0.6000000238418579,0.699999988079071,0.6000000238418579,0.18053066730499268
1998-05-08,2000,0.699999988079071,0.699999988079071,0.699999988079071,0.699999988079071,0.21061910688877106
1998-05-07,13400,0.699999988079071,0.699999988079071,0.75,0.6000000238418579,0.21061910688877106
1998-05-06,12000,0.699999988079071,0.699999988079071,0.699999988079071,0.550000011920929,0.21061910688877106
1998-05-05,74800,0.6499999761581421,0.6499999761581421,0.6499999761581421,0.3499999940395355,0.19557487964630127
1998-05-04,20000,0.3700000047683716,0.3700000047683716,0.4000000059604645,0.3700000047683716,0.11132724583148956
1998-05-01,0,0.31200000643730164,0.31200000643730164,0.31200000643730164,0.31200000643730164,0.093875952064991
1998-04-30,0,0.31200000643730164,0.31200000643730164,0.31200000643730164,0.31200000643730164,0.093875952064991
1998-04-29,0,0.31200000643730164,0.31200000643730164,0.31200000643730164,0.31200000643730164,0.093875952064991
1998-04-28,52900,0.31200000643730164,0.31200000643730164,0.33000001311302185,0.30000001192092896,0.093875952064991
1998-04-27,55000,0.3199999928474426,0.3199999928474426,0.3799999952316284,0.3199999928474426,0.09628301858901978
1998-04-24,5000,0.44999998807907104,0.44999998807907104,0.4699999988079071,0.44999998807907104,0.1353980004787445
1998-04-23,0,0.4699999988079071,0.4699999988079071,0.4699999988079071,0.4699999988079071,0.14141568541526794
1998-04-22,1000,0.4699999988079071,0.4699999988079071,0.4699999988079071,0.4699999988079071,0.14141568541526794
1998-04-21,0,0.36000001430511475,0.36000001430511475,0.36000001430511475,0.36000001430511475,0.10831840336322784
1998-04-20,0,0.36000001430511475,0.36000001430511475,0.36000001430511475,0.36000001430511475,0.10831840336322784
1998-04-17,1900,0.36000001430511475,0.36000001430511475,0.36000001430511475,0.36000001430511475,0.10831840336322784
1998-04-16,600,0.5,0.5,0.5,0.5,0.1504422277212143
1998-04-15,3300,0.4000000059604645,0.4000000059604645,0.4000000059604645,0.3499999940395355,0.12035378068685532
1998-04-14,4000,0.4000000059604645,0.4000000059604645,0.4000000059604645,0.4000000059604645,0.12035378068685532
1998-04-13,6000,0.4000000059604645,0.4000000059604645,0.4000000059604645,0.4000000059604645,0.12035378068685532
1998-04-09,0,0.5,0.5,0.5,0.5,0.1504422277212143
1998-04-08,1000,0.5,0.5,0.5,0.5,0.1504422277212143
1998-04-07,0,0.4000000059604645,0.4000000059604645,0.4000000059604645,0.4000000059604645,0.12035378068685532
1998-04-06,0,0.4000000059604645,0.4000000059604645,0.4000000059604645,0.4000000059604645,0.12035378068685532
1998-04-03,400,0.4000000059604645,0.4000000059604645,0.4000000059604645,0.4000000059604645,0.12035378068685532
1998-04-02,5100,0.550000011920929,0.550000011920929,0.550000011920929,0.550000011920929,0.16548645496368408
1998-04-01,200,0.38999998569488525,0.38999998569488525,0.38999998569488525,0.38999998569488525,0.1173449233174324
1998-03-31,0,0.5,0.5,0.5,0.5,0.1504422277212143
1998-03-30,0,0.5,0.5,0.5,0.5,0.1504422277212143
1998-03-27,0,0.5,0.5,0.5,0.5,0.1504422277212143
1998-03-26,2400,0.5,0.5,0.5,0.3700000047683716,0.1504422277212143
1998-03-25,0,0.5,0.5,0.5,0.5,0.1504422277212143
1998-03-24,1000,0.5,0.5,0.5,0.5,0.1504422277212143
1998-03-23,0,0.5,0.5,0.5,0.5,0.1504422277212143
1998-03-20,0,0.5,0.5,0.5,0.5,0.1504422277212143
1998-03-19,0,0.5,0.5,0.5,0.5,0.1504422277212143
1998-03-18,1000,0.5,0.5,0.5,0.5,0.1504422277212143
1998-03-17,2700,0.3700000047683716,0.3700000047683716,0.3700000047683716,0.3700000047683716,0.11132724583148956
1998-03-16,1200,0.5,0.5,0.5,0.3700000047683716,0.1504422277212143
1998-03-13,400,0.4000000059604645,0.4000000059604645,0.4000000059604645,0.4000000059604645,0.12035378068685532
1998-03-12,0,0.4000000059604645,0.4000000059604645,0.4000000059604645,0.4000000059604645,0.12035378068685532
1998-03-11,0,0.4000000059604645,0.4000000059604645,0.4000000059604645,0.4000000059604645,0.12035378068685532
1998-03-10,1000,0.4000000059604645,0.4000000059604645,0.4000000059604645,0.4000000059604645,0.12035378068685532
1998-03-09,0,0.4000000059604645,0.4000000059604645,0.4000000059604645,0.4000000059604645,0.12035378068685532
1998-03-06,1100,0.4000000059604645,0.4000000059604645,0.4000000059604645,0.4000000059604645,0.12035378068685532
1998-03-05,1700,0.4000000059604645,0.4000000059604645,0.4000000059604645,0.4000000059604645,0.12035378068685532
1998-03-04,0,0.44999998807907104,0.44999998807907104,0.44999998807907104,0.44999998807907104,0.1353980004787445
1998-03-03,3000,0.44999998807907104,0.44999998807907104,0.44999998807907104,0.44999998807907104,0.1353980004787445
1998-03-02,0,0.5199999809265137,0.5199999809265137,0.5199999809265137,0.5199999809265137,0.15645989775657654
1998-02-27,0,0.5199999809265137,0.5199999809265137,0.5199999809265137,0.5199999809265137,0.15645989775657654
1998-02-26,26500,0.5199999809265137,0.5199999809265137,0.5199999809265137,0.47999998927116394,0.15645989775657654
1998-02-25,0,0.41999998688697815,0.41999998688697815,0.41999998688697815,0.41999998688697815,0.12637145817279816
1998-02-24,0,0.41999998688697815,0.41999998688697815,0.41999998688697815,0.41999998688697815,0.12637145817279816
1998-02-23,15000,0.41999998688697815,0.41999998688697815,0.43700000643730164,0.41999998688697815,0.12637145817279816
1998-02-20,0,0.43700000643730164,0.43700000643730164,0.43700000643730164,0.43700000643730164,0.13148650527000427
1998-02-19,500,0.43700000643730164,0.43700000643730164,0.43700000643730164,0.43700000643730164,0.13148650527000427
1998-02-18,2500,0.46799999475479126,0.46799999475479126,0.46799999475479126,0.46799999475479126,0.1408139169216156
1998-02-17,56900,0.5199999809265137,0.5199999809265137,0.5199999809265137,0.41999998688697815,0.15645989775657654
1998-02-13,17000,0.38999998569488525,0.38999998569488525,0.38999998569488525,0.375,0.1173449233174324
1998-02-12,0,0.4000000059604645,0.4000000059604645,0.4000000059604645,0.4000000059604645,0.12035378068685532
1998-02-11,1000,0.4000000059604645,0.4000000059604645,0.4000000059604645,0.4000000059604645,0.12035378068685532
1998-02-10,0,0.375,0.375,0.375,0.375,0.11283166706562042
1998-02-09,18100,0.375,0.375,0.4000000059604645,0.3199999928474426,0.11283166706562042
1998-02-06,0,0.38999998569488525,0.38999998569488525,0.38999998569488525,0.38999998569488525,0.1173449233174324
1998-02-05,17000,0.38999998569488525,0.38999998569488525,0.4000000059604645,0.3700000047683716,0.1173449233174324
1998-02-04,20000,0.4000000059604645,0.4000000059604645,0.4000000059604645,0.4000000059604645,0.12035378068685532
1998-02-03,0,0.3700000047683716,0.3700000047683716,0.3700000047683716,0.3700000047683716,0.11132724583148956
1998-02-02,10000,0.3700000047683716,0.3700000047683716,0.3700000047683716,0.3700000047683716,0.11132724583148956
1998-01-30,2000,0.3700000047683716,0.3700000047683716,0.3700000047683716,0.3700000047683716,0.11132724583148956
1998-01-29,0,0.3499999940395355,0.3499999940395355,0.3499999940395355,0.3499999940395355,0.10530955344438553
1998-01-28,0,0.3499999940395355,0.3499999940395355,0.3499999940395355,0.3499999940395355,0.10530955344438553
1998-01-27,0,0.3499999940395355,0.3499999940395355,0.3499999940395355,0.3499999940395355,0.10530955344438553
1998-01-26,0,0.3499999940395355,0.3499999940395355,0.3499999940395355,0.3499999940395355,0.10530955344438553
1998-01-23,10900,0.3499999940395355,0.3499999940395355,0.3499999940395355,0.2199999988079071,0.10530955344438553
1998-01-22,2000,0.30000001192092896,0.30000001192092896,0.30000001192092896,0.30000001192092896,0.09026533365249634
1998-01-21,6000,0.30000001192092896,0.30000001192092896,0.30000001192092896,0.30000001192092896,0.09026533365249634
1998-01-20,0,0.30000001192092896,0.30000001192092896,0.30000001192092896,0.30000001192092896,0.09026533365249634
1998-01-16,0,0.30000001192092896,0.30000001192092896,0.30000001192092896,0.30000001192092896,0.09026533365249634
1998-01-15,0,0.30000001192092896,0.30000001192092896,0.30000001192092896,0.30000001192092896,0.09026533365249634
1998-01-14,0,0.30000001192092896,0.30000001192092896,0.30000001192092896,0.30000001192092896,0.09026533365249634
1998-01-13,2000,0.30000001192092896,0.30000001192092896,0.30000001192092896,0.30000001192092896,0.09026533365249634
1998-01-12,31500,0.22300000488758087,0.22300000488758087,0.23999999463558197,0.22300000488758087,0.06709723174571991
1998-01-09,20000,0.25,0.25,0.25,0.23000000417232513,0.07522111386060715
1998-01-08,5000,0.25,0.25,0.25,0.25,0.07522111386060715
1998-01-07,5000,0.2199999988079071,0.2199999988079071,0.2199999988079071,0.2199999988079071,0.0661945790052414
1998-01-06,14000,0.23999999463558197,0.23999999463558197,0.25,0.23999999463558197,0.07221226394176483
1998-01-05,0,0.5220000147819519,0.5220000147819519,0.5220000147819519,0.5220000147819519,0.15706169605255127
1998-01-02,0,0.5220000147819519,0.5220000147819519,0.5220000147819519,0.5220000147819519,0.15706169605255127
1997-12-31,116300,0.43700000643730164,0.5220000147819519,0.5220000147819519,0.25,0.15706169605255127
1997-12-30,500,0.375,0.375,0.375,0.375,0.11283166706562042
1997-12-29,10000,0.43700000643730164,0.43700000643730164,0.43700000643730164,0.43700000643730164,0.13148650527000427
1997-12-26,5200,0.43700000643730164,0.43700000643730164,0.46799999475479126,0.43700000643730164,0.13148650527000427
1997-12-24,6300,0.46799999475479126,0.46799999475479126,0.6000000238418579,0.46799999475479126,0.1408139169216156
1997-12-23,800,0.46799999475479126,0.46799999475479126,0.46799999475479126,0.46799999475479126,0.1408139169216156
1997-12-22,5000,0.5,0.5,0.5,0.5,0.1504422277212143
1997-12-19,0,0.656000018119812,0.656000018119812,0.656000018119812,0.656000018119812,0.1973802000284195
1997-12-18,7700,0.656000018119812,0.656000018119812,0.656000018119812,0.656000018119812,0.1973802000284195
1997-12-17,14700,0.656000018119812,0.656000018119812,0.781000018119812,0.656000018119812,0.1973802000284195
1997-12-16,7300,0.800000011920929,0.800000011920929,0.800000011920929,0.75,0.24070756137371063
1997-12-15,14500,0.75,0.75,0.8399999737739563,0.75,0.22566333413124084
1997-12-12,2000,0.875,0.875,0.875,0.875,0.2632738947868347
1997-12-11,13800,0.8429999947547913,0.8429999947547913,0.906000018119812,0.75,0.2536455988883972
1997-12-10,2400,0.75,0.75,0.75,0.75,0.22566333413124084
1997-12-09,50400,0.8429999947547913,0.8429999947547913,0.906000018119812,0.75,0.2536455988883972
1997-12-08,63500,0.875,0.875,1.031000018119812,0.8119999766349792,0.2632738947868347
1997-12-05,1100,0.75,0.75,0.75,0.75,0.22566333413124084
1997-12-04,40500,0.75,0.75,0.9369999766349792,0.75,0.22566333413124084
1997-12-03,31300,0.75,0.75,0.8119999766349792,0.75,0.22566333413124084
1997-12-02,12000,0.75,0.75,0.75,0.75,0.22566333413124084
1997-12-01,18800,0.75,0.75,1.0,0.75,0.22566333413124084
1997-11-28,1400,1.0,1.0,1.0,1.0,0.3008844554424286
1997-11-26,53400,1.0,1.0,1.062000036239624,0.875,0.3008844554424286
1997-11-25,13700,0.75,0.75,1.0,0.75,0.22566333413124084
1997-11-24,7500,0.8119999766349792,0.8119999766349792,0.8119999766349792,0.8119999766349792,0.2443181574344635
1997-11-21,31200,0.75,0.75,0.8119999766349792,0.6499999761581421,0.22566333413124084
1997-11-20,150000,0.6499999761581421,0.6499999761581421,0.6499999761581421,0.6499999761581421,0.19557487964630127
1997-11-19,92600,0.75,0.75,1.0499999523162842,0.6700000166893005,0.22566333413124084
1997-11-18,109000,0.5799999833106995,0.5799999833106995,0.5899999737739563,0.4099999964237213,0.17451296746730804
1997-11-17,52600,0.3799999952316284,0.3799999952316284,0.4099999964237213,0.3700000047683716,0.11433608084917068
1997-11-14,23600,0.33000001311302185,0.33000001311302185,0.3700000047683716,0.33000001311302185,0.09929186850786209
1997-11-13,55100,0.33000001311302185,0.33000001311302185,0.33000001311302185,0.27000001072883606,0.09929186850786209
1997-11-12,0,0.23000000417232513,0.23000000417232513,0.23000000417232513,0.23000000417232513,0.06920342147350311
1997-11-11,0,0.23000000417232513,0.23000000417232513,0.23000000417232513,0.23000000417232513,0.06920342147350311
1997-11-10,0,0.23000000417232513,0.23000000417232513,0.23000000417232513,0.23000000417232513,0.06920342147350311
1997-11-07,0,0.23000000417232513,0.23000000417232513,0.23000000417232513,0.23000000417232513,0.06920342147350311
1997-11-06,0,0.23000000417232513,0.23000000417232513,0.23000000417232513,0.23000000417232513,0.06920342147350311
1997-11-05,1300,0.23000000417232513,0.23000000417232513,0.23000000417232513,0.23000000417232513,0.06920342147350311
1997-11-04,0,0.28999999165534973,0.28999999165534973,0.28999999165534973,0.28999999165534973,0.08725648373365402
1997-11-03,0,0.28999999165534973,0.28999999165534973,0.28999999165534973,0.28999999165534973,0.08725648373365402
1997-10-31,0,0.28999999165534973,0.28999999165534973,0.28999999165534973,0.28999999165534973,0.08725648373365402
1997-10-30,18000,0.28999999165534973,0.28999999165534973,0.28999999165534973,0.28999999165534973,0.08725648373365402
1997-10-29,0,0.30000001192092896,0.30000001192092896,0.30000001192092896,0.30000001192092896,0.09026533365249634
1997-10-28,0,0.30000001192092896,0.30000001192092896,0.30000001192092896,0.30000001192092896,0.09026533365249634
1997-10-27,0,0.30000001192092896,0.30000001192092896,0.30000001192092896,0.30000001192092896,0.09026533365249634
1997-10-24,20000,0.30000001192092896,0.30000001192092896,0.30000001192092896,0.23000000417232513,0.09026533365249634
1997-10-23,9000,0.28999999165534973,0.28999999165534973,0.28999999165534973,0.25999999046325684,0.08725648373365402
1997-10-22,15100,0.30000001192092896,0.30000001192092896,0.30000001192092896,0.2199999988079071,0.09026533365249634
1997-10-21,0,0.2199999988079071,0.2199999988079071,0.2199999988079071,0.2199999988079071,0.0661945790052414
1997-10-20,1600,0.2199999988079071,0.2199999988079071,0.2199999988079071,0.2199999988079071,0.0661945790052414
1997-10-17,2000,0.2199999988079071,0.2199999988079071,0.2199999988079071,0.2199999988079071,0.0661945790052414
1997-10-16,0,0.2800000011920929,0.2800000011920929,0.2800000011920929,0.2800000011920929,0.0842476412653923
1997-10-15,14000,0.2800000011920929,0.2800000011920929,0.2800000011920929,0.2800000011920929,0.0842476412653923
1997-10-14,0,0.22499999403953552,0.22499999403953552,0.22499999403953552,0.22499999403953552,0.06769900023937225
1997-10-13,25000,0.22499999403953552,0.22499999403953552,0.22499999403953552,0.22499999403953552,0.06769900023937225
1997-10-10,0,0.25999999046325684,0.25999999046325684,0.25999999046325684,0.25999999046325684,0.07822994887828827
1997-10-09,0,0.25999999046325684,0.25999999046325684,0.25999999046325684,0.25999999046325684,0.07822994887828827
1997-10-08,0,0.25999999046325684,0.25999999046325684,0.25999999046325684,0.25999999046325684,0.07822994887828827
1997-10-07,0,0.25999999046325684,0.25999999046325684,0.25999999046325684,0.25999999046325684,0.07822994887828827
1997-10-06,0,0.25999999046325684,0.25999999046325684,0.25999999046325684,0.25999999046325684,0.07822994887828827
1997-10-03,0,0.25999999046325684,0.25999999046325684,0.25999999046325684,0.25999999046325684,0.07822994887828827
1997-10-02,0,0.25999999046325684,0.25999999046325684,0.25999999046325684,0.25999999046325684,0.07822994887828827
1997-10-01,0,0.25999999046325684,0.25999999046325684,0.25999999046325684,0.25999999046325684,0.07822994887828827
1997-09-30,0,0.25999999046325684,0.25999999046325684,0.25999999046325684,0.25999999046325684,0.07822994887828827
1997-09-29,40000,0.25999999046325684,0.25999999046325684,0.25999999046325684,0.20000000298023224,0.07822994887828827
1997-09-26,0,0.17000000178813934,0.17000000178813934,0.17000000178813934,0.17000000178813934,0.051150355488061905
1997-09-25,0,0.17000000178813934,0.17000000178813934,0.17000000178813934,0.17000000178813934,0.051150355488061905
1997-09-24,10000,0.17000000178813934,0.17000000178813934,0.17000000178813934,0.17000000178813934,0.051150355488061905
1997-09-23,32700,0.15600000321865082,0.15600000321865082,0.15600000321865082,0.14000000059604645,0.0469379760324955
1997-09-22,0,0.11999999731779099,0.11999999731779099,0.11999999731779099,0.11999999731779099,0.036106131970882416
1997-09-19,0,0.11999999731779099,0.11999999731779099,0.11999999731779099,0.11999999731779099,0.036106131970882416
1997-09-18,30000,0.11999999731779099,0.11999999731779099,0.11999999731779099,0.11999999731779099,0.036106131970882416
1997-09-17,0,0.11999999731779099,0.11999999731779099,0.11999999731779099,0.11999999731779099,0.036106131970882416
1997-09-16,0,0.11999999731779099,0.11999999731779099,0.11999999731779099,0.11999999731779099,0.036106131970882416
1997-09-15,0,0.11999999731779099,0.11999999731779099,0.11999999731779099,0.11999999731779099,0.036106131970882416
1997-09-12,73000,0.11999999731779099,0.11999999731779099,0.11999999731779099,0.11999999731779099,0.036106131970882416
1997-09-11,81700,0.11500000208616257,0.11500000208616257,0.125,0.07999999821186066,0.034601710736751556
1997-09-10,1600,0.125,0.125,0.125,0.125,0.037610556930303574
1997-09-09,0,0.125,0.125,0.125,0.125,0.037610556930303574
1997-09-08,0,0.125,0.125,0.125,0.125,0.037610556930303574
1997-09-05,0,0.125,0.125,0.125,0.125,0.037610556930303574
1997-09-04,800,0.125,0.125,0.125,0.125,0.037610556930303574
1997-09-03,0,0.15000000596046448,0.15000000596046448,0.15000000596046448,0.15000000596046448,0.04513266682624817
1997-09-02,0,0.15000000596046448,0.15000000596046448,0.15000000596046448,0.15000000596046448,0.04513266682624817
1997-08-29,0,0.15000000596046448,0.15000000596046448,0.15000000596046448,0.15000000596046448,0.04513266682624817
1997-08-28,0,0.15000000596046448,0.15000000596046448,0.15000000596046448,0.15000000596046448,0.04513266682624817
1997-08-27,0,0.15000000596046448,0.15000000596046448,0.15000000596046448,0.15000000596046448,0.04513266682624817
1997-08-26,0,0.15000000596046448,0.15000000596046448,0.15000000596046448,0.15000000596046448,0.04513266682624817
1997-08-25,0,0.15000000596046448,0.15000000596046448,0.15000000596046448,0.15000000596046448,0.04513266682624817
1997-08-22,0,0.15000000596046448,0.15000000596046448,0.15000000596046448,0.15000000596046448,0.04513266682624817
1997-08-21,0,0.15000000596046448,0.15000000596046448,0.15000000596046448,0.15000000596046448,0.04513266682624817
1997-08-20,0,0.15000000596046448,0.15000000596046448,0.15000000596046448,0.15000000596046448,0.04513266682624817
1997-08-19,1000,0.15000000596046448,0.15000000596046448,0.15000000596046448,0.15000000596046448,0.04513266682624817
1997-08-18,0,0.125,0.125,0.125,0.125,0.037610556930303574
1997-08-15,0,0.125,0.125,0.125,0.125,0.037610556930303574
1997-08-14,0,0.125,0.125,0.125,0.125,0.037610556930303574
1997-08-13,3800,0.125,0.125,0.125,0.125,0.037610556930303574
1997-08-12,73300,0.1550000011920929,0.1550000011920929,0.1599999964237213,0.1550000011920929,0.04663708806037903
1997-08-11,38700,0.15600000321865082,0.15600000321865082,0.15600000321865082,0.125,0.0469379760324955
1997-08-08,0,0.07000000029802322,0.07000000029802322,0.07000000029802322,0.07000000029802322,0.021061910316348076
1997-08-07,0,0.07000000029802322,0.07000000029802322,0.07000000029802322,0.07000000029802322,0.021061910316348076
1997-08-06,0,0.07000000029802322,0.07000000029802322,0.07000000029802322,0.07000000029802322,0.021061910316348076
1997-08-05,0,0.07000000029802322,0.07000000029802322,0.07000000029802322,0.07000000029802322,0.021061910316348076
1997-08-04,0,0.07000000029802322,0.07000000029802322,0.07000000029802322,0.07000000029802322,0.021061910316348076
1997-08-01,0,0.07000000029802322,0.07000000029802322,0.07000000029802322,0.07000000029802322,0.021061910316348076
1997-07-31,0,0.07000000029802322,0.07000000029802322,0.07000000029802322,0.07000000029802322,0.021061910316348076
1997-07-30,0,0.07000000029802322,0.07000000029802322,0.07000000029802322,0.07000000029802322,0.021061910316348076
1997-07-29,0,0.07000000029802322,0.07000000029802322,0.07000000029802322,0.07000000029802322,0.021061910316348076
1997-07-28,0,0.07000000029802322,0.07000000029802322,0.07000000029802322,0.07000000029802322,0.021061910316348076
1997-07-25,0,0.07000000029802322,0.07000000029802322,0.07000000029802322,0.07000000029802322,0.021061910316348076
1997-07-24,400,0.07000000029802322,0.07000000029802322,0.07000000029802322,0.07000000029802322,0.021061910316348076
1997-07-23,0,0.15000000596046448,0.15000000596046448,0.15000000596046448,0.15000000596046448,0.04513266682624817
1997-07-22,0,0.15000000596046448,0.15000000596046448,0.15000000596046448,0.15000000596046448,0.04513266682624817
1997-07-21,0,0.15000000596046448,0.15000000596046448,0.15000000596046448,0.15000000596046448,0.04513266682624817
1997-07-18,0,0.15000000596046448,0.15000000596046448,0.15000000596046448,0.15000000596046448,0.04513266682624817
1997-07-17,0,0.15000000596046448,0.15000000596046448,0.15000000596046448,0.15000000596046448,0.04513266682624817
1997-07-16,1600,0.15000000596046448,0.15000000596046448,0.15000000596046448,0.15000000596046448,0.04513266682624817
1997-07-15,0,0.07000000029802322,0.07000000029802322,0.07000000029802322,0.07000000029802322,0.021061910316348076
1997-07-14,0,0.07000000029802322,0.07000000029802322,0.07000000029802322,0.07000000029802322,0.021061910316348076
1997-07-11,0,0.07000000029802322,0.07000000029802322,0.07000000029802322,0.07000000029802322,0.021061910316348076
1997-07-10,0,0.07000000029802322,0.07000000029802322,0.07000000029802322,0.07000000029802322,0.021061910316348076
1997-07-09,0,0.07000000029802322,0.07000000029802322,0.07000000029802322,0.07000000029802322,0.021061910316348076
1997-07-08,0,0.07000000029802322,0.07000000029802322,0.07000000029802322,0.07000000029802322,0.021061910316348076
1997-07-07,0,0.07000000029802322,0.07000000029802322,0.07000000029802322,0.07000000029802322,0.021061910316348076
1997-07-03,0,0.07000000029802322,0.07000000029802322,0.07000000029802322,0.07000000029802322,0.021061910316348076
1997-07-02,0,0.07000000029802322,0.07000000029802322,0.07000000029802322,0.07000000029802322,0.021061910316348076
1997-07-01,2100,0.07000000029802322,0.07000000029802322,0.07000000029802322,0.05999999865889549,0.021061910316348076
1997-06-30,0,0.05999999865889549,0.05999999865889549,0.05999999865889549,0.05999999865889549,0.018053065985441208
1997-06-27,5000,0.05999999865889549,0.05999999865889549,0.05999999865889549,0.05999999865889549,0.018053065985441208
1997-06-26,0,0.03999999910593033,0.03999999910593033,0.03999999910593033,0.03999999910593033,0.012035377323627472
1997-06-25,0,0.03999999910593033,0.03999999910593033,0.03999999910593033,0.03999999910593033,0.012035377323627472
1997-06-24,0,0.03999999910593033,0.03999999910593033,0.03999999910593033,0.03999999910593033,0.012035377323627472
1997-06-23,0,0.03999999910593033,0.03999999910593033,0.03999999910593033,0.03999999910593033,0.012035377323627472
1997-06-20,0,0.03999999910593033,0.03999999910593033,0.03999999910593033,0.03999999910593033,0.012035377323627472
1997-06-19,0,0.03999999910593033,0.03999999910593033,0.03999999910593033,0.03999999910593033,0.012035377323627472
1997-06-18,0,0.03999999910593033,0.03999999910593033,0.03999999910593033,0.03999999910593033,0.012035377323627472
1997-06-17,0,0.03999999910593033,0.03999999910593033,0.03999999910593033,0.03999999910593033,0.012035377323627472
1997-06-16,0,0.03999999910593033,0.03999999910593033,0.03999999910593033,0.03999999910593033,0.012035377323627472
1997-06-13,0,0.03999999910593033,0.03999999910593033,0.03999999910593033,0.03999999910593033,0.012035377323627472
1997-06-12,0,0.03999999910593033,0.03999999910593033,0.03999999910593033,0.03999999910593033,0.012035377323627472
1997-06-11,0,0.03999999910593033,0.03999999910593033,0.03999999910593033,0.03999999910593033,0.012035377323627472
1997-06-10,0,0.03999999910593033,0.03999999910593033,0.03999999910593033,0.03999999910593033,0.012035377323627472
1997-06-09,0,0.03999999910593033,0.03999999910593033,0.03999999910593033,0.03999999910593033,0.012035377323627472
1997-06-06,0,0.03999999910593033,0.03999999910593033,0.03999999910593033,0.03999999910593033,0.012035377323627472
1997-06-05,0,0.03999999910593033,0.03999999910593033,0.03999999910593033,0.03999999910593033,0.012035377323627472
1997-06-04,0,0.03999999910593033,0.03999999910593033,0.03999999910593033,0.03999999910593033,0.012035377323627472
1997-06-03,0,0.03999999910593033,0.03999999910593033,0.03999999910593033,0.03999999910593033,0.012035377323627472
1997-06-02,0,0.03999999910593033,0.03999999910593033,0.03999999910593033,0.03999999910593033,0.012035377323627472
1997-05-30,0,0.03999999910593033,0.03999999910593033,0.03999999910593033,0.03999999910593033,0.012035377323627472
1997-05-29,0,0.03999999910593033,0.03999999910593033,0.03999999910593033,0.03999999910593033,0.012035377323627472
1997-05-28,0,0.03999999910593033,0.03999999910593033,0.03999999910593033,0.03999999910593033,0.012035377323627472
1997-05-27,0,0.03999999910593033,0.03999999910593033,0.03999999910593033,0.03999999910593033,0.012035377323627472
1997-05-23,0,0.03999999910593033,0.03999999910593033,0.03999999910593033,0.03999999910593033,0.012035377323627472
1997-05-22,0,0.03999999910593033,0.03999999910593033,0.03999999910593033,0.03999999910593033,0.012035377323627472
1997-05-21,0,0.03999999910593033,0.03999999910593033,0.03999999910593033,0.03999999910593033,0.012035377323627472
1997-05-20,0,0.03999999910593033,0.03999999910593033,0.03999999910593033,0.03999999910593033,0.012035377323627472
1997-05-19,0,0.03999999910593033,0.03999999910593033,0.03999999910593033,0.03999999910593033,0.012035377323627472
1997-05-16,0,0.03999999910593033,0.03999999910593033,0.03999999910593033,0.03999999910593033,0.012035377323627472
1997-05-15,0,0.03999999910593033,0.03999999910593033,0.03999999910593033,0.03999999910593033,0.012035377323627472
1997-05-14,0,0.03999999910593033,0.03999999910593033,0.03999999910593033,0.03999999910593033,0.012035377323627472
1997-05-13,20000,0.03999999910593033,0.03999999910593033,0.03999999910593033,0.03999999910593033,0.012035377323627472
1997-05-12,0,0.03999999910593033,0.03999999910593033,0.03999999910593033,0.03999999910593033,0.012035377323627472
1997-05-09,0,0.03999999910593033,0.03999999910593033,0.03999999910593033,0.03999999910593033,0.012035377323627472
1997-05-08,0,0.03999999910593033,0.03999999910593033,0.03999999910593033,0.03999999910593033,0.012035377323627472
1997-05-07,0,0.03999999910593033,0.03999999910593033,0.03999999910593033,0.03999999910593033,0.012035377323627472
1997-05-06,0,0.03999999910593033,0.03999999910593033,0.03999999910593033,0.03999999910593033,0.012035377323627472
1997-05-05,0,0.03999999910593033,0.03999999910593033,0.03999999910593033,0.03999999910593033,0.012035377323627472
1997-05-02,0,0.03999999910593033,0.03999999910593033,0.03999999910593033,0.03999999910593033,0.012035377323627472
1997-05-01,0,0.03999999910593033,0.03999999910593033,0.03999999910593033,0.03999999910593033,0.012035377323627472
1997-04-30,0,0.03999999910593033,0.03999999910593033,0.03999999910593033,0.03999999910593033,0.012035377323627472
1997-04-29,0,0.03999999910593033,0.03999999910593033,0.03999999910593033,0.03999999910593033,0.012035377323627472
1997-04-28,0,0.03999999910593033,0.03999999910593033,0.03999999910593033,0.03999999910593033,0.012035377323627472
1997-04-25,0,0.03999999910593033,0.03999999910593033,0.03999999910593033,0.03999999910593033,0.012035377323627472
1997-04-24,0,0.03999999910593033,0.03999999910593033,0.03999999910593033,0.03999999910593033,0.012035377323627472
1997-04-23,0,0.03999999910593033,0.03999999910593033,0.03999999910593033,0.03999999910593033,0.012035377323627472
1997-04-22,11000,0.03999999910593033,0.03999999910593033,0.03999999910593033,0.03999999910593033,0.012035377323627472
1997-04-21,0,0.11999999731779099,0.11999999731779099,0.11999999731779099,0.11999999731779099,0.036106131970882416
1997-04-18,0,0.11999999731779099,0.11999999731779099,0.11999999731779099,0.11999999731779099,0.036106131970882416
1997-04-17,0,0.11999999731779099,0.11999999731779099,0.11999999731779099,0.11999999731779099,0.036106131970882416
1997-04-16,0,0.11999999731779099,0.11999999731779099,0.11999999731779099,0.11999999731779099,0.036106131970882416
1997-04-15,0,0.11999999731779099,0.11999999731779099,0.11999999731779099,0.11999999731779099,0.036106131970882416
1997-04-14,0,0.11999999731779099,0.11999999731779099,0.11999999731779099,0.11999999731779099,0.036106131970882416
1997-04-11,0,0.11999999731779099,0.11999999731779099,0.11999999731779099,0.11999999731779099,0.036106131970882416
1997-04-10,0,0.11999999731779099,0.11999999731779099,0.11999999731779099,0.11999999731779099,0.036106131970882416
1997-04-09,0,0.11999999731779099,0.11999999731779099,0.11999999731779099,0.11999999731779099,0.036106131970882416
1997-04-08,0,0.11999999731779099,0.11999999731779099,0.11999999731779099,0.11999999731779099,0.036106131970882416
1997-04-07,0,0.11999999731779099,0.11999999731779099,0.11999999731779099,0.11999999731779099,0.036106131970882416
1997-04-04,0,0.11999999731779099,0.11999999731779099,0.11999999731779099,0.11999999731779099,0.036106131970882416
1997-04-03,200,0.11999999731779099,0.11999999731779099,0.11999999731779099,0.11999999731779099,0.036106131970882416
1997-04-02,0,0.03999999910593033,0.03999999910593033,0.03999999910593033,0.03999999910593033,0.012035377323627472
1997-04-01,1100,0.03999999910593033,0.03999999910593033,0.03999999910593033,0.03999999910593033,0.012035377323627472
1997-03-31,0,0.03999999910593033,0.03999999910593033,0.03999999910593033,0.03999999910593033,0.012035377323627472
1997-03-27,0,0.03999999910593033,0.03999999910593033,0.03999999910593033,0.03999999910593033,0.012035377323627472
1997-03-26,0,0.03999999910593033,0.03999999910593033,0.03999999910593033,0.03999999910593033,0.012035377323627472
1997-03-25,0,0.03999999910593033,0.03999999910593033,0.03999999910593033,0.03999999910593033,0.012035377323627472
1997-03-24,0,0.03999999910593033,0.03999999910593033,0.03999999910593033,0.03999999910593033,0.012035377323627472
1997-03-21,10000,0.03999999910593033,0.03999999910593033,0.03999999910593033,0.03999999910593033,0.012035377323627472
1997-03-20,0,0.03999999910593033,0.03999999910593033,0.03999999910593033,0.03999999910593033,0.012035377323627472
1997-03-19,0,0.03999999910593033,0.03999999910593033,0.03999999910593033,0.03999999910593033,0.012035377323627472
1997-03-18,0,0.03999999910593033,0.03999999910593033,0.03999999910593033,0.03999999910593033,0.012035377323627472
1997-03-17,0,0.03999999910593033,0.03999999910593033,0.03999999910593033,0.03999999910593033,0.012035377323627472
1997-03-14,0,0.03999999910593033,0.03999999910593033,0.03999999910593033,0.03999999910593033,0.012035377323627472
1997-03-13,0,0.03999999910593033,0.03999999910593033,0.03999999910593033,0.03999999910593033,0.012035377323627472
1997-03-12,0,0.03999999910593033,0.03999999910593033,0.03999999910593033,0.03999999910593033,0.012035377323627472
1997-03-11,20000,0.03999999910593033,0.03999999910593033,0.03999999910593033,0.03999999910593033,0.012035377323627472
1997-03-10,0,0.03999999910593033,0.03999999910593033,0.03999999910593033,0.03999999910593033,0.012035377323627472
1997-03-07,0,0.03999999910593033,0.03999999910593033,0.03999999910593033,0.03999999910593033,0.012035377323627472
1997-03-06,0,0.03999999910593033,0.03999999910593033,0.03999999910593033,0.03999999910593033,0.012035377323627472
1997-03-05,0,0.03999999910593033,0.03999999910593033,0.03999999910593033,0.03999999910593033,0.012035377323627472
1997-03-04,20000,0.03999999910593033,0.03999999910593033,0.05000000074505806,0.03999999910593033,0.012035377323627472
1997-03-03,0,0.05000000074505806,0.05000000074505806,0.05000000074505806,0.05000000074505806,0.015044222585856915
1997-02-28,0,0.05000000074505806,0.05000000074505806,0.05000000074505806,0.05000000074505806,0.015044222585856915
1997-02-27,0,0.05000000074505806,0.05000000074505806,0.05000000074505806,0.05000000074505806,0.015044222585856915
1997-02-26,0,0.05000000074505806,0.05000000074505806,0.05000000074505806,0.05000000074505806,0.015044222585856915
1997-02-25,0,0.05000000074505806,0.05000000074505806,0.05000000074505806,0.05000000074505806,0.015044222585856915
1997-02-24,0,0.05000000074505806,0.05000000074505806,0.05000000074505806,0.05000000074505806,0.015044222585856915
1997-02-21,0,0.05000000074505806,0.05000000074505806,0.05000000074505806,0.05000000074505806,0.015044222585856915
1997-02-20,2000,0.05000000074505806,0.05000000074505806,0.05000000074505806,0.05000000074505806,0.015044222585856915
1997-02-19,1000,0.03999999910593033,0.03999999910593033,0.03999999910593033,0.03999999910593033,0.012035377323627472
1997-02-18,0,0.03999999910593033,0.03999999910593033,0.03999999910593033,0.03999999910593033,0.012035377323627472
1997-02-14,10000,0.03999999910593033,0.03999999910593033,0.03999999910593033,0.03999999910593033,0.012035377323627472
1997-02-13,1000,0.03999999910593033,0.03999999910593033,0.03999999910593033,0.03999999910593033,0.012035377323627472
1997-02-12,0,0.14000000059604645,0.14000000059604645,0.14000000059604645,0.14000000059604645,0.04212382063269615
1997-02-11,0,0.14000000059604645,0.14000000059604645,0.14000000059604645,0.14000000059604645,0.04212382063269615
1997-02-10,0,0.14000000059604645,0.14000000059604645,0.14000000059604645,0.14000000059604645,0.04212382063269615
1997-02-07,25000,0.14000000059604645,0.14000000059604645,0.14000000059604645,0.03999999910593033,0.04212382063269615
1997-02-06,0,0.03099999949336052,0.03099999949336052,0.03099999949336052,0.03099999949336052,0.00932741817086935
1997-02-05,0,0.03099999949336052,0.03099999949336052,0.03099999949336052,0.03099999949336052,0.00932741817086935
1997-02-04,0,0.03099999949336052,0.03099999949336052,0.03099999949336052,0.03099999949336052,0.00932741817086935
1997-02-03,0,0.03099999949336052,0.03099999949336052,0.03099999949336052,0.03099999949336052,0.00932741817086935
1997-01-31,0,0.03099999949336052,0.03099999949336052,0.03099999949336052,0.03099999949336052,0.00932741817086935
1997-01-30,0,0.03099999949336052,0.03099999949336052,0.03099999949336052,0.03099999949336052,0.00932741817086935
1997-01-29,0,0.03099999949336052,0.03099999949336052,0.03099999949336052,0.03099999949336052,0.00932741817086935
1997-01-28,0,0.03099999949336052,0.03099999949336052,0.03099999949336052,0.03099999949336052,0.00932741817086935
1997-01-27,0,0.03099999949336052,0.03099999949336052,0.03099999949336052,0.03099999949336052,0.00932741817086935
1997-01-24,0,0.03099999949336052,0.03099999949336052,0.03099999949336052,0.03099999949336052,0.00932741817086935
1997-01-23,0,0.03099999949336052,0.03099999949336052,0.03099999949336052,0.03099999949336052,0.00932741817086935
1997-01-22,0,0.03099999949336052,0.03099999949336052,0.03099999949336052,0.03099999949336052,0.00932741817086935
1997-01-21,0,0.03099999949336052,0.03099999949336052,0.03099999949336052,0.03099999949336052,0.00932741817086935
1997-01-20,0,0.03099999949336052,0.03099999949336052,0.03099999949336052,0.03099999949336052,0.00932741817086935
1997-01-17,0,0.03099999949336052,0.03099999949336052,0.03099999949336052,0.03099999949336052,0.00932741817086935
1997-01-16,100,0.03099999949336052,0.03099999949336052,0.03099999949336052,0.03099999949336052,0.00932741817086935
1997-01-15,0,0.03099999949336052,0.03099999949336052,0.03099999949336052,0.03099999949336052,0.00932741817086935
1997-01-14,0,0.03099999949336052,0.03099999949336052,0.03099999949336052,0.03099999949336052,0.00932741817086935
1997-01-13,0,0.03099999949336052,0.03099999949336052,0.03099999949336052,0.03099999949336052,0.00932741817086935
1997-01-10,2000,0.03099999949336052,0.03099999949336052,0.03099999949336052,0.03099999949336052,0.00932741817086935
1997-01-09,0,0.03099999949336052,0.03099999949336052,0.03099999949336052,0.03099999949336052,0.00932741817086935
1997-01-08,800,0.03099999949336052,0.03099999949336052,0.03099999949336052,0.03099999949336052,0.00932741817086935
