date,volume,open,close,high,low,adjclose
2018-11-16,5218,120.0199966430664,120.56539916992188,120.56539916992188,119.88999938964844,120.56539916992188
2018-11-15,6500,118.61000061035156,120.37999725341797,120.69000244140625,118.36000061035156,120.37999725341797
2018-11-14,6200,121.13999938964844,119.27999877929688,121.16000366210938,118.47000122070312,119.27999877929688
2018-11-13,7100,120.58999633789062,120.05000305175781,120.93000030517578,120.04000091552734,120.05000305175781
2018-11-12,9400,121.80000305175781,120.01000213623047,121.9000015258789,119.86000061035156,120.01000213623047
2018-11-09,5000,122.01000213623047,121.94999694824219,122.05999755859375,121.26000213623047,121.94999694824219
2018-11-08,6100,123.0199966430664,122.5999984741211,123.2699966430664,122.36000061035156,122.5999984741211
2018-11-07,15400,122.36000061035156,123.33999633789062,123.33999633789062,121.88999938964844,123.33999633789062
2018-11-06,3200,120.44000244140625,121.43000030517578,121.43000030517578,120.44000244140625,121.43000030517578
2018-11-05,9900,120.0,120.44000244140625,121.0,120.0,120.44000244140625
2018-11-02,15300,119.9800033569336,119.16999816894531,120.19999694824219,118.58000183105469,119.16999816894531
2018-11-01,9300,117.77999877929688,119.38999938964844,119.38999938964844,117.69999694824219,119.38999938964844
2018-10-31,17700,118.04000091552734,117.30999755859375,118.30000305175781,117.30999755859375,117.30999755859375
2018-10-30,16300,115.19000244140625,117.11000061035156,117.12999725341797,115.19000244140625,117.11000061035156
2018-10-29,7100,116.55999755859375,115.26000213623047,117.56999969482422,114.19999694824219,115.26000213623047
2018-10-26,10000,115.5,115.37999725341797,116.43000030517578,113.80000305175781,115.37999725341797
2018-10-25,10700,115.7699966430664,116.5999984741211,117.16000366210938,115.7699966430664,116.5999984741211
2018-10-24,26300,118.8499984741211,115.26000213623047,118.8499984741211,115.26000213623047,115.26000213623047
2018-10-23,12300,118.37999725341797,118.83999633789062,119.37000274658203,117.13999938964844,118.83999633789062
2018-10-22,5400,121.2699966430664,120.1500015258789,121.2699966430664,120.12999725341797,120.1500015258789
2018-10-19,5900,121.93000030517578,121.04000091552734,121.93000030517578,120.87000274658203,121.04000091552734
2018-10-18,14800,123.06999969482422,121.66999816894531,123.08000183105469,121.2699966430664,121.66999816894531
2018-10-17,15200,123.47000122070312,123.22000122070312,123.47000122070312,122.0199966430664,123.22000122070312
2018-10-16,20000,122.19000244140625,123.56999969482422,123.58999633789062,121.33000183105469,123.56999969482422
2018-10-15,7900,120.5199966430664,121.75,122.11000061035156,120.5199966430664,121.75
2018-10-12,25300,122.29000091552734,120.79000091552734,122.29000091552734,119.01000213623047,120.79000091552734
2018-10-11,30200,122.88999938964844,120.83000183105469,123.13999938964844,120.83000183105469,120.83000183105469
2018-10-10,13600,126.5,123.75,126.5,123.75,123.75
2018-10-09,9400,126.7300033569336,126.58000183105469,127.37000274658203,126.58000183105469,126.58000183105469
2018-10-08,12800,126.23999786376953,127.22000122070312,127.2699966430664,126.20999908447266,127.22000122070312
2018-10-05,10600,127.36000061035156,126.58000183105469,127.47000122070312,126.22000122070312,126.58000183105469
2018-10-04,18200,127.97000122070312,127.1500015258789,127.97000122070312,126.66000366210938,127.1500015258789
2018-10-03,20000,128.05999755859375,128.1999969482422,128.47000122070312,127.61000061035156,128.1999969482422
2018-10-02,5000,127.94000244140625,127.54000091552734,128.02000427246094,127.3499984741211,127.54000091552734
2018-10-01,7600,129.4199981689453,127.94000244140625,129.4199981689453,127.75,127.94000244140625
2018-09-28,7100,127.81999969482422,128.82000732421875,129.16000366210938,127.81999969482422,128.82000732421875
2018-09-27,13900,128.60000610351562,128.30999755859375,128.8800048828125,128.24000549316406,128.30999755859375
2018-09-26,6700,129.49000549316406,129.07000732421875,129.49000549316406,128.8699951171875,129.07000732421875
2018-09-25,4700,130.07000732421875,129.5500030517578,130.07000732421875,129.5500030517578,129.5500030517578
2018-09-24,12000,130.38999938964844,129.66000366210938,130.38999938964844,129.27999877929688,129.66000366210938
2018-09-21,6300,130.72000122070312,130.57000732421875,130.91000366210938,130.55999755859375,130.57000732421875
2018-09-20,13200,130.2899932861328,130.5,130.6999969482422,129.9199981689453,130.5
2018-09-19,7800,129.77999877929688,129.42999267578125,130.1999969482422,129.39999389648438,129.42999267578125
2018-09-18,9500,129.19000244140625,129.52999877929688,129.75999450683594,129.07000732421875,129.52999877929688
2018-09-17,14000,129.8300018310547,129.07000732421875,129.8300018310547,129.07000732421875,129.07000732421875
2018-09-14,6600,129.39999389648438,129.92999267578125,130.16000366210938,129.33999633789062,129.92999267578125
2018-09-13,12100,129.7100067138672,129.39999389648438,129.7100067138672,129.13999938964844,129.39999389648438
2018-09-12,13000,129.14999389648438,129.22999572753906,129.22999572753906,128.77999877929688,129.22999572753906
2018-09-11,6700,128.42999267578125,129.10000610351562,129.27999877929688,128.2899932861328,129.10000610351562
2018-09-10,5600,129.1699981689453,128.6300048828125,129.1699981689453,128.6300048828125,128.6300048828125
2018-09-07,20400,128.5800018310547,128.36000061035156,129.02999877929688,127.9800033569336,128.36000061035156
2018-09-06,13400,130.02000427246094,129.13999938964844,130.02000427246094,128.85000610351562,129.13999938964844
2018-09-05,11200,129.41000366210938,129.69000244140625,129.86000061035156,128.9199981689453,129.69000244140625
2018-09-04,12700,129.85000610351562,129.49000549316406,130.16000366210938,129.1999969482422,129.49000549316406
2018-08-31,4400,129.75999450683594,130.14999389648438,130.14999389648438,129.5,130.14999389648438
2018-08-30,3500,130.6300048828125,130.3000030517578,130.6300048828125,129.99000549316406,130.3000030517578
2018-08-29,6400,130.3000030517578,130.75999450683594,130.8800048828125,130.00999450683594,130.75999450683594
2018-08-28,13200,130.63999938964844,130.27999877929688,130.7100067138672,130.0,130.27999877929688
2018-08-27,11900,131.0,130.44000244140625,131.08999633789062,130.3000030517578,130.44000244140625
2018-08-24,8600,129.94000244140625,130.17999267578125,130.36000061035156,129.94000244140625,130.17999267578125
2018-08-23,5700,130.10000610351562,129.6699981689453,130.10000610351562,129.50999450683594,129.6699981689453
2018-08-22,13600,130.0800018310547,130.10000610351562,130.38999938964844,130.0800018310547,130.10000610351562
2018-08-21,14200,129.4499969482422,130.22999572753906,130.52000427246094,129.4499969482422,130.22999572753906
2018-08-20,7100,128.7899932861328,129.1300048828125,129.25,128.7899932861328,129.1300048828125
2018-08-17,12400,127.51000213623047,128.42999267578125,128.52999877929688,127.51000213623047,128.42999267578125
2018-08-16,9500,127.0199966430664,127.55000305175781,127.93000030517578,127.0,127.55000305175781
2018-08-15,11400,127.2699966430664,126.23999786376953,127.4000015258789,125.94000244140625,126.23999786376953
2018-08-14,10200,127.13999938964844,127.83999633789062,128.05999755859375,127.13999938964844,127.83999633789062
2018-08-13,12800,127.30000305175781,126.68000030517578,127.5199966430664,126.30999755859375,126.68000030517578
2018-08-10,9200,127.29000091552734,127.4000015258789,127.93000030517578,127.0,127.4000015258789
2018-08-09,24900,128.22999572753906,128.22999572753906,128.50999450683594,128.0,128.22999572753906
2018-08-08,11600,128.22000122070312,128.27999877929688,128.33999633789062,127.55999755859375,128.27999877929688
2018-08-07,16600,128.55999755859375,128.52000427246094,128.99000549316406,128.52000427246094,128.52000427246094
2018-08-06,20500,127.66999816894531,128.0800018310547,128.3000030517578,127.58999633789062,128.0800018310547
2018-08-03,26600,127.0,127.45999908447266,127.5999984741211,126.98999786376953,127.45999908447266
2018-08-02,7800,125.62999725341797,126.91999816894531,127.19000244140625,125.62999725341797,126.91999816894531
2018-08-01,8000,126.72000122070312,126.31999969482422,126.72000122070312,126.20999908447266,126.31999969482422
2018-07-31,10100,126.0,126.79000091552734,127.08000183105469,125.83000183105469,126.79000091552734
2018-07-30,5700,126.02999877929688,126.01000213623047,126.62000274658203,126.01000213623047,126.01000213623047
2018-07-27,8500,127.16000366210938,125.87999725341797,127.16000366210938,125.75,125.87999725341797
2018-07-26,8400,126.36000061035156,127.08999633789062,127.44999694824219,126.36000061035156,127.08999633789062
2018-07-25,3400,126.2699966430664,126.41999816894531,126.41999816894531,125.66999816894531,126.41999816894531
2018-07-24,10700,127.38999938964844,126.2699966430664,127.38999938964844,126.0199966430664,126.2699966430664
2018-07-23,4700,126.61000061035156,126.87999725341797,127.08000183105469,126.37000274658203,126.87999725341797
2018-07-20,8000,127.08999633789062,126.69999694824219,127.19999694824219,126.69999694824219,126.69999694824219
2018-07-19,5000,126.29000091552734,127.26000213623047,127.47000122070312,126.29000091552734,127.26000213623047
2018-07-18,4500,126.16999816894531,126.62000274658203,126.62000274658203,125.81999969482422,126.62000274658203
2018-07-17,10300,126.20999908447266,126.18000030517578,126.36000061035156,126.04000091552734,126.18000030517578
2018-07-16,7900,126.68000030517578,125.88999938964844,126.68000030517578,125.70999908447266,125.88999938964844
2018-07-13,8700,126.54000091552734,126.62000274658203,127.33999633789062,126.54000091552734,126.62000274658203
2018-07-12,7300,127.5199966430664,126.62000274658203,127.5199966430664,126.16999816894531,126.62000274658203
2018-07-11,7400,127.06999969482422,126.7699966430664,127.44999694824219,126.5199966430664,126.7699966430664
2018-07-10,10900,128.1199951171875,127.80000305175781,128.39999389648438,127.68000030517578,127.80000305175781
2018-07-09,8400,127.22000122070312,127.91999816894531,127.98999786376953,127.22000122070312,127.91999816894531
2018-07-06,11100,125.58000183105469,126.5,126.83999633789062,125.52999877929688,126.5
2018-07-05,12300,125.25,125.5199966430664,125.5199966430664,124.52999877929688,125.5199966430664
2018-07-03,5500,124.54000091552734,124.61000061035156,125.30000305175781,124.54000091552734,124.61000061035156
2018-07-02,6400,123.54000091552734,124.1500015258789,124.1500015258789,123.30000305175781,124.1500015258789
2018-06-29,10900,124.70999908447266,124.2300033569336,125.31999969482422,124.2300033569336,124.2300033569336
2018-06-28,7100,123.94000244140625,124.18000030517578,124.41999816894531,123.38999938964844,124.18000030517578
2018-06-27,8900,125.25,124.0,125.76000213623047,124.0,124.0
2018-06-26,12500,124.4000015258789,124.98999786376953,125.41999816894531,124.33000183105469,124.98999786376953
2018-06-25,6600,125.80999755859375,124.7300033569336,125.80999755859375,124.19999694824219,124.7300033569336
2018-06-22,6500,126.51000213623047,126.30000305175781,126.75,126.18000030517578,126.30000305175781
2018-06-21,5900,126.5199966430664,125.55000305175781,126.5199966430664,125.55000305175781,125.55000305175781
2018-06-20,6300,126.33000183105469,126.69000244140625,126.69000244140625,125.7300033569336,126.69000244140625
2018-06-19,6000,124.81999969482422,125.7300033569336,125.83999633789062,124.77999877929688,125.7300033569336
2018-06-18,11400,124.86000061035156,125.87000274658203,126.05999755859375,124.86000061035156,125.87000274658203
2018-06-15,6500,125.18000030517578,125.36000061035156,125.7300033569336,124.91999816894531,125.36000061035156
2018-06-14,4100,125.9000015258789,125.69000244140625,125.97000122070312,125.33999633789062,125.69000244140625
2018-06-13,7200,126.55000305175781,126.0999984741211,126.55000305175781,125.83999633789062,126.0999984741211
2018-06-12,4600,126.76000213623047,126.41000366210938,126.87000274658203,126.11000061035156,126.41000366210938
2018-06-11,10100,126.5,126.5999984741211,126.86000061035156,126.37000274658203,126.5999984741211
2018-06-08,14400,125.93000030517578,126.37999725341797,126.37999725341797,125.80000305175781,126.37999725341797
2018-06-07,8700,125.83000183105469,125.93000030517578,126.26000213623047,125.5999984741211,125.93000030517578
2018-06-06,12900,125.0199966430664,125.5,125.5,124.72000122070312,125.5
2018-06-05,7200,124.33000183105469,124.69999694824219,124.86000061035156,124.1500015258789,124.69999694824219
2018-06-04,18700,124.62999725341797,124.4000015258789,124.69000244140625,124.0,124.4000015258789
2018-06-01,8100,124.6500015258789,124.18000030517578,124.6500015258789,123.9800033569336,124.18000030517578
2018-05-31,10100,124.97000122070312,123.77999877929688,124.97000122070312,123.62000274658203,123.77999877929688
2018-05-30,3500,123.47000122070312,125.2300033569336,125.38999938964844,123.47000122070312,125.2300033569336
2018-05-29,6500,122.51000213623047,122.79000091552734,123.2699966430664,122.25,122.79000091552734
2018-05-25,6300,123.1500015258789,123.08999633789062,123.33000183105469,122.86000061035156,123.08999633789062
2018-05-24,5900,123.3499984741211,123.69000244140625,123.72000122070312,122.88999938964844,123.69000244140625
2018-05-23,8400,123.25,123.58999633789062,123.58999633789062,123.0999984741211,123.58999633789062
2018-05-22,7000,124.91999816894531,123.69999694824219,124.94000244140625,123.69999694824219,123.69999694824219
2018-05-21,7200,123.7699966430664,124.38999938964844,124.48999786376953,123.7699966430664,124.38999938964844
2018-05-18,3900,123.41000366210938,123.18000030517578,123.44999694824219,123.18000030517578,123.18000030517578
2018-05-17,6600,123.16999816894531,123.62999725341797,124.0,123.16999816894531,123.62999725341797
2018-05-16,7500,122.36000061035156,123.05999755859375,123.45999908447266,122.36000061035156,123.05999755859375
2018-05-15,10000,122.02999877929688,122.33000183105469,122.5199966430664,121.9000015258789,122.33000183105469
2018-05-14,12500,122.9800033569336,122.41000366210938,123.12999725341797,122.37000274658203,122.41000366210938
2018-05-11,6300,122.55000305175781,122.70999908447266,122.98999786376953,122.41000366210938,122.70999908447266
2018-05-10,5600,122.04000091552734,122.52999877929688,122.8499984741211,121.83000183105469,122.52999877929688
2018-05-09,6100,121.08000183105469,121.70999908447266,122.01000213623047,121.08000183105469,121.70999908447266
2018-05-08,7900,120.69000244140625,120.94000244140625,120.95999908447266,120.31999969482422,120.94000244140625
2018-05-07,7400,120.19999694824219,120.51000213623047,121.19000244140625,120.19999694824219,120.51000213623047
2018-05-04,6600,118.0,119.8499984741211,120.33000183105469,118.0,119.8499984741211
2018-05-03,5900,118.4800033569336,118.36000061035156,118.86000061035156,117.6500015258789,118.36000061035156
2018-05-02,7300,118.76000213623047,119.06999969482422,119.73999786376953,118.69999694824219,119.06999969482422
2018-05-01,8700,118.4800033569336,118.94999694824219,119.01000213623047,117.5,118.94999694824219
2018-04-30,13700,120.05999755859375,119.05000305175781,120.4000015258789,118.95999908447266,119.05000305175781
2018-04-27,4600,120.12000274658203,120.0999984741211,120.18000030517578,120.0,120.0999984741211
2018-04-26,7200,120.16000366210938,120.12000274658203,120.3499984741211,119.55999755859375,120.12000274658203
2018-04-25,5500,119.33999633789062,119.69999694824219,119.81999969482422,119.16000366210938,119.69999694824219
2018-04-24,6100,120.43000030517578,119.0999984741211,120.76000213623047,118.83999633789062,119.0999984741211
2018-04-23,5800,119.80000305175781,120.0,120.02999877929688,119.66000366210938,120.0
2018-04-20,6000,120.62999725341797,119.66000366210938,120.62999725341797,119.56999969482422,119.66000366210938
2018-04-19,11600,120.87000274658203,120.5,121.16999816894531,120.12000274658203,120.5
2018-04-18,5700,120.93000030517578,121.19000244140625,121.69999694824219,120.93000030517578,121.19000244140625
2018-04-17,6600,120.5999984741211,120.62000274658203,120.76000213623047,120.2300033569336,120.62000274658203
2018-04-16,7600,119.36000061035156,119.93000030517578,120.08999633789062,119.36000061035156,119.93000030517578
2018-04-13,12700,119.37999725341797,118.44000244140625,119.37999725341797,118.33000183105469,118.44000244140625
2018-04-12,24700,118.9800033569336,118.98999786376953,119.19999694824219,118.76000213623047,118.98999786376953
2018-04-11,4500,117.94000244140625,118.52999877929688,118.7699966430664,117.94000244140625,118.52999877929688
2018-04-10,13000,118.22000122070312,118.55000305175781,118.73999786376953,117.8499984741211,118.55000305175781
2018-04-09,4700,117.18000030517578,116.51000213623047,117.55999755859375,116.51000213623047,116.51000213623047
2018-04-06,10100,118.13999938964844,116.7300033569336,118.13999938964844,115.83999633789062,116.7300033569336
2018-04-05,5600,118.44000244140625,119.06999969482422,119.06999969482422,118.25,119.06999969482422
2018-04-04,4100,115.26000213623047,117.66999816894531,117.66999816894531,115.26000213623047,117.66999816894531
2018-04-03,8700,115.75,116.66999816894531,117.12000274658203,115.5,116.66999816894531
2018-04-02,14600,117.5199966430664,115.25,117.58000183105469,114.29000091552734,115.25
2018-03-29,5600,117.27999877929688,117.98999786376953,118.16999816894531,117.2300033569336,117.98999786376953
2018-03-28,5400,115.95999908447266,116.41000366210938,116.87999725341797,115.88999938964844,116.41000366210938
2018-03-27,8200,117.58999633789062,115.79000091552734,117.58999633789062,115.41999816894531,115.79000091552734
2018-03-26,7900,116.01000213623047,117.19000244140625,117.19000244140625,115.4000015258789,117.19000244140625
2018-03-23,14500,117.22000122070312,115.01000213623047,117.22000122070312,114.91999816894531,115.01000213623047
2018-03-22,6900,119.52999877929688,117.72000122070312,119.55999755859375,117.72000122070312,117.72000122070312
2018-03-21,14500,119.80999755859375,120.44999694824219,121.08999633789062,119.80999755859375,120.44999694824219
2018-03-20,5900,120.3499984741211,119.75,120.58000183105469,119.5,119.75
2018-03-19,9600,121.06999969482422,120.0999984741211,121.06999969482422,119.12000274658203,120.0999984741211
2018-03-16,6500,120.30000305175781,121.56999969482422,121.61000061035156,120.30000305175781,121.56999969482422
2018-03-15,7200,121.04000091552734,120.3499984741211,121.12999725341797,120.08000183105469,120.3499984741211
2018-03-14,3900,121.97000122070312,120.86000061035156,121.97000122070312,120.86000061035156,120.86000061035156
2018-03-13,7900,122.66999816894531,121.66000366210938,122.66999816894531,121.62000274658203,121.66000366210938
2018-03-12,11300,122.08000183105469,122.27999877929688,122.52999877929688,121.83999633789062,122.27999877929688
2018-03-09,3900,120.9000015258789,121.94000244140625,121.9800033569336,120.80000305175781,121.94000244140625
2018-03-08,5100,121.05999755859375,120.12000274658203,121.05999755859375,119.58000183105469,120.12000274658203
2018-03-07,14100,119.88999938964844,120.80000305175781,120.91000366210938,119.88999938964844,120.80000305175781
2018-03-06,7400,120.19000244140625,120.56999969482422,120.56999969482422,119.43000030517578,120.56999969482422
2018-03-05,17600,117.7300033569336,119.69000244140625,119.69000244140625,117.7300033569336,119.69000244140625
2018-03-02,5000,116.02999877929688,118.12999725341797,118.19999694824219,115.79000091552734,118.12999725341797
2018-03-01,7000,117.0,116.83999633789062,117.91999816894531,116.55000305175781,116.83999633789062
2018-02-28,9200,118.97000122070312,117.0,119.04000091552734,117.0,117.0
2018-02-27,13400,120.54000091552734,118.68000030517578,120.93000030517578,118.68000030517578,118.68000030517578
2018-02-26,10200,120.0,120.22000122070312,120.23999786376953,119.51000213623047,120.22000122070312
2018-02-23,6300,118.8499984741211,119.55000305175781,119.55000305175781,118.66999816894531,119.55000305175781
2018-02-22,9500,118.54000091552734,118.0,119.41000366210938,118.0,118.0
2018-02-21,7700,118.58999633789062,118.01000213623047,119.76000213623047,118.0,118.01000213623047
2018-02-20,12100,119.22000122070312,118.55000305175781,119.55000305175781,118.5199966430664,118.55000305175781
2018-02-16,12700,118.83999633789062,119.68000030517578,119.93000030517578,118.83999633789062,119.68000030517578
2018-02-15,20300,119.16999816894531,118.97000122070312,119.16999816894531,117.91999816894531,118.97000122070312
2018-02-14,7600,115.12999725341797,117.94999694824219,118.0,115.12999725341797,117.94999694824219
2018-02-13,9800,115.27999877929688,116.0,116.02999877929688,115.19000244140625,116.0
2018-02-12,15200,115.2300033569336,115.9800033569336,116.37000274658203,114.5199966430664,115.9800033569336
2018-02-09,18500,114.48999786376953,114.7300033569336,114.73999786376953,111.76000213623047,114.7300033569336
2018-02-08,16000,117.12000274658203,113.45999908447266,117.12000274658203,113.45999908447266,113.45999908447266
2018-02-07,16600,117.2300033569336,117.3499984741211,118.06999969482422,117.1500015258789,117.3499984741211
2018-02-06,60000,113.95999908447266,117.0999984741211,117.77999877929688,110.0,117.0999984741211
2018-02-05,26100,119.70999908447266,116.41000366210938,120.30000305175781,116.26000213623047,116.41000366210938
2018-02-02,19400,122.45999908447266,120.52999877929688,122.45999908447266,120.52999877929688,120.52999877929688
2018-02-01,13200,122.91000366210938,122.98999786376953,123.4800033569336,122.48999786376953,122.98999786376953
2018-01-31,12000,123.91000366210938,123.19000244140625,124.18000030517578,122.75,123.19000244140625
2018-01-30,17500,124.0,123.41000366210938,124.33999633789062,123.1500015258789,123.41000366210938
2018-01-29,18900,125.31999969482422,124.70999908447266,125.5,124.70999908447266,124.70999908447266
2018-01-26,14300,125.66000366210938,125.68000030517578,125.68000030517578,124.94999694824219,125.68000030517578
2018-01-25,15600,125.91000366210938,125.30000305175781,125.91000366210938,124.87999725341797,125.30000305175781
2018-01-24,13500,126.1500015258789,125.44000244140625,126.33000183105469,124.98999786376953,125.44000244140625
2018-01-23,12000,125.76000213623047,125.80999755859375,125.94000244140625,125.30999755859375,125.80999755859375
2018-01-22,21200,124.98999786376953,125.58000183105469,125.58000183105469,124.88999938964844,125.58000183105469
2018-01-19,26500,123.93000030517578,125.0,125.0,123.93000030517578,125.0
2018-01-18,12100,124.51000213623047,124.05000305175781,124.51000213623047,123.94999694824219,124.05000305175781
2018-01-17,17700,124.52999877929688,124.70999908447266,124.83999633789062,124.19999694824219,124.70999908447266
2018-01-16,18500,125.55999755859375,123.94999694824219,125.66000366210938,123.83000183105469,123.94999694824219
2018-01-12,12400,125.05000305175781,125.06999969482422,125.0999984741211,124.87000274658203,125.06999969482422
2018-01-11,13500,123.19000244140625,124.69000244140625,124.7699966430664,123.12999725341797,124.69000244140625
2018-01-10,12700,123.06999969482422,122.88999938964844,123.38999938964844,122.87000274658203,122.88999938964844
2018-01-09,14000,124.08000183105469,123.33999633789062,124.08000183105469,123.33999633789062,123.33999633789062
2018-01-08,22400,122.95999908447266,123.87999725341797,123.9800033569336,122.83999633789062,123.87999725341797
2018-01-05,22500,123.13999938964844,123.2300033569336,123.2300033569336,122.66999816894531,123.2300033569336
2018-01-04,17700,123.19999694824219,123.0199966430664,123.36000061035156,122.9800033569336,123.0199966430664
2018-01-03,14500,122.98999786376953,122.86000061035156,123.08999633789062,122.5999984741211,122.86000061035156
2018-01-02,55700,122.05000305175781,122.7300033569336,122.81999969482422,121.86000061035156,122.7300033569336
2017-12-29,17200,122.76000213623047,121.76000213623047,122.76000213623047,121.69000244140625,121.76000213623047
2017-12-28,19700,122.0999984741211,122.38999938964844,122.38999938964844,121.87000274658203,122.38999938964844
2017-12-27,51300,122.16000366210938,121.95999908447266,122.33999633789062,121.8499984741211,121.95999908447266
2017-12-26,13300,121.73999786376953,121.93000030517578,122.2300033569336,121.73999786376953,121.93000030517578
2017-12-22,9500,121.80999755859375,121.7300033569336,121.80999755859375,121.5,121.7300033569336
2017-12-21,7500,121.44999694824219,121.80999755859375,121.93000030517578,121.29000091552734,121.80999755859375
2017-12-20,8400,123.23999786376953,123.05999755859375,123.26000213623047,122.91999816894531,123.05999755859375
2017-12-19,7200,123.62999725341797,122.80000305175781,123.62999725341797,122.69000244140625,122.80000305175781
2017-12-18,12600,122.7300033569336,123.25,123.48999786376953,122.7300033569336,123.25
2017-12-15,17600,121.08999633789062,121.86000061035156,122.55999755859375,121.08999633789062,121.86000061035156
2017-12-14,7700,122.05000305175781,120.83000183105469,122.05000305175781,120.55999755859375,120.83000183105469
2017-12-13,10900,122.08000183105469,121.9000015258789,122.44000244140625,121.88999938964844,121.9000015258789
2017-12-12,5600,122.5,122.11000061035156,122.5999984741211,122.11000061035156,122.11000061035156
2017-12-11,7100,122.3499984741211,122.26000213623047,122.5999984741211,122.26000213623047,122.26000213623047
2017-12-08,4900,122.54000091552734,122.55000305175781,122.69000244140625,122.08999633789062,122.55000305175781
2017-12-07,9700,121.4000015258789,121.9800033569336,122.30999755859375,121.4000015258789,121.9800033569336
2017-12-06,6400,121.55000305175781,121.37999725341797,121.91999816894531,121.33000183105469,121.37999725341797
2017-12-05,17700,123.08000183105469,121.91999816894531,123.08000183105469,121.91999816894531,121.91999816894531
2017-12-04,17700,123.7699966430664,123.04000091552734,124.19999694824219,122.97000122070312,123.04000091552734
2017-12-01,10800,123.04000091552734,122.51000213623047,123.1500015258789,120.86000061035156,122.51000213623047
2017-11-30,12300,122.72000122070312,122.97000122070312,123.33999633789062,122.5,122.97000122070312
2017-11-29,9900,121.52999877929688,122.36000061035156,122.36000061035156,121.52999877929688,122.36000061035156
2017-11-28,21100,119.9800033569336,121.36000061035156,121.36000061035156,119.94999694824219,121.36000061035156
2017-11-27,11600,119.76000213623047,119.55999755859375,119.80999755859375,119.55999755859375,119.55999755859375
2017-11-24,5900,120.06999969482422,119.66000366210938,120.06999969482422,119.47000122070312,119.66000366210938
2017-11-22,4800,119.61000061035156,119.7300033569336,120.0,119.61000061035156,119.7300033569336
2017-11-21,8100,119.4800033569336,119.66999816894531,119.66999816894531,119.33999633789062,119.66999816894531
2017-11-20,4900,118.7300033569336,118.98999786376953,118.98999786376953,118.51000213623047,118.98999786376953
2017-11-17,10400,118.08999633789062,118.70999908447266,118.79000091552734,118.0,118.70999908447266
2017-11-16,10100,117.5,118.30000305175781,118.63999938964844,117.5,118.30000305175781
2017-11-15,19900,117.04000091552734,117.16000366210938,117.61000061035156,116.80999755859375,117.16000366210938
2017-11-14,3600,117.48999786376953,117.69000244140625,117.72000122070312,117.48999786376953,117.69000244140625
2017-11-13,12800,117.51000213623047,118.01000213623047,118.04000091552734,117.51000213623047,118.01000213623047
2017-11-10,4700,117.7300033569336,117.79000091552734,117.87000274658203,117.51000213623047,117.79000091552734
2017-11-09,10800,117.41000366210938,117.86000061035156,118.18000030517578,117.25,117.86000061035156
2017-11-08,12200,117.81999969482422,118.08999633789062,118.08999633789062,117.41000366210938,118.08999633789062
2017-11-07,5000,118.33999633789062,117.83999633789062,118.37999725341797,117.79000091552734,117.83999633789062
2017-11-06,7900,118.5199966430664,118.95999908447266,118.95999908447266,118.44999694824219,118.95999908447266
2017-11-03,12400,117.98999786376953,118.41000366210938,118.41000366210938,117.98999786376953,118.41000366210938
2017-11-02,16200,118.12999725341797,118.08000183105469,118.52999877929688,117.76000213623047,118.08000183105469
2017-11-01,11700,119.08999633789062,118.1500015258789,119.08999633789062,117.79000091552734,118.1500015258789
2017-10-31,7500,118.19000244140625,118.41000366210938,118.54000091552734,118.08999633789062,118.41000366210938
2017-10-30,6900,118.12999725341797,117.98999786376953,118.63999938964844,117.80000305175781,117.98999786376953
2017-10-27,6600,118.12999725341797,118.68000030517578,118.7699966430664,117.75,118.68000030517578
2017-10-26,15400,118.27999877929688,118.22000122070312,118.27999877929688,117.95999908447266,118.22000122070312
2017-10-25,16000,118.38999938964844,117.87999725341797,118.62999725341797,117.12999725341797,117.87999725341797
2017-10-24,12200,118.44999694824219,118.63999938964844,118.87000274658203,118.44999694824219,118.63999938964844
2017-10-23,17300,119.13999938964844,118.29000091552734,119.13999938964844,118.23999786376953,118.29000091552734
2017-10-20,8300,119.0,118.94999694824219,119.0199966430664,118.73999786376953,118.94999694824219
2017-10-19,8800,117.69000244140625,118.5,118.5,117.56999969482422,118.5
2017-10-18,7800,118.22000122070312,118.41999816894531,118.5199966430664,118.08999633789062,118.41999816894531
2017-10-17,8900,118.25,117.94000244140625,118.36000061035156,117.83000183105469,117.94000244140625
2017-10-16,11300,118.58999633789062,118.26000213623047,118.76000213623047,118.19000244140625,118.26000213623047
2017-10-13,8500,118.6500015258789,118.30000305175781,118.93000030517578,118.20999908447266,118.30000305175781
2017-10-12,12300,118.2699966430664,118.26000213623047,118.5,117.94999694824219,118.26000213623047
2017-10-11,12300,118.41999816894531,118.41000366210938,118.48999786376953,118.23999786376953,118.41000366210938
2017-10-10,7800,118.37000274658203,118.31999969482422,118.5,118.1500015258789,118.31999969482422
2017-10-09,10700,118.48999786376953,117.87999725341797,118.63999938964844,117.81999969482422,117.87999725341797
2017-10-06,4200,118.30999755859375,118.2699966430664,118.4000015258789,118.13999938964844,118.2699966430664
2017-10-05,4400,118.48999786376953,118.69000244140625,118.98999786376953,118.48999786376953,118.69000244140625
2017-10-04,7800,118.37999725341797,118.31999969482422,118.6500015258789,118.16999816894531,118.31999969482422
2017-10-03,11800,118.68000030517578,118.5,118.68000030517578,118.05000305175781,118.5
2017-10-02,34100,117.30999755859375,118.33000183105469,118.33000183105469,117.30999755859375,118.33000183105469
2017-09-29,7000,117.2300033569336,117.19000244140625,117.45999908447266,117.0999984741211,117.19000244140625
2017-09-28,14000,116.86000061035156,117.13999938964844,117.16000366210938,116.38999938964844,117.13999938964844
2017-09-27,6000,116.33999633789062,116.80999755859375,116.88999938964844,115.55000305175781,116.80999755859375
2017-09-26,10700,115.69999694824219,115.81999969482422,116.12000274658203,115.69999694824219,115.81999969482422
2017-09-25,14000,115.08000183105469,115.55999755859375,115.66000366210938,115.08000183105469,115.55999755859375
2017-09-22,9200,114.62999725341797,114.9800033569336,115.05999755859375,114.62999725341797,114.9800033569336
2017-09-21,7800,114.98999786376953,114.62999725341797,114.98999786376953,114.62999725341797,114.62999725341797
2017-09-20,10100,114.68000030517578,115.0199966430664,115.04000091552734,114.62999725341797,115.0199966430664
2017-09-19,7800,114.91999816894531,114.6500015258789,114.91999816894531,114.6500015258789,114.6500015258789
2017-09-18,12400,114.33999633789062,114.68000030517578,114.88999938964844,114.33999633789062,114.68000030517578
2017-09-15,12400,113.43000030517578,114.06999969482422,114.1500015258789,113.43000030517578,114.06999969482422
2017-09-14,7400,113.69999694824219,113.66000366210938,113.8499984741211,113.5,113.66000366210938
2017-09-13,5800,113.75,113.7300033569336,114.0,113.62000274658203,113.7300033569336
2017-09-12,16700,113.05000305175781,113.76000213623047,113.9000015258789,113.05000305175781,113.76000213623047
2017-09-11,11300,112.16999816894531,112.80999755859375,113.12000274658203,112.16999816894531,112.80999755859375
2017-09-08,13500,110.7300033569336,111.37999725341797,111.61000061035156,110.58999633789062,111.37999725341797
2017-09-07,11800,111.52999877929688,110.91999816894531,111.52999877929688,110.66999816894531,110.91999816894531
2017-09-06,14100,111.55999755859375,111.41999816894531,111.7300033569336,111.33999633789062,111.41999816894531
2017-09-05,25000,112.81999969482422,111.20999908447266,112.81999969482422,111.01000213623047,111.20999908447266
2017-09-01,10800,112.43000030517578,112.77999877929688,112.94999694824219,112.43000030517578,112.77999877929688
2017-08-31,10600,111.9000015258789,112.29000091552734,112.33999633789062,111.9000015258789,112.29000091552734
2017-08-30,16700,111.11000061035156,111.58999633789062,111.66000366210938,110.87999725341797,111.58999633789062
2017-08-29,17900,110.27999877929688,111.01000213623047,111.1500015258789,110.27999877929688,111.01000213623047
2017-08-28,11100,111.55999755859375,111.06999969482422,111.55999755859375,110.7699966430664,111.06999969482422
2017-08-25,5700,110.80999755859375,111.33999633789062,111.45999908447266,110.80999755859375,111.33999633789062
2017-08-24,9700,110.83000183105469,110.4800033569336,110.9800033569336,110.47000122070312,110.4800033569336
2017-08-23,5300,110.16000366210938,110.61000061035156,110.81999969482422,110.16000366210938,110.61000061035156
2017-08-22,13600,109.83000183105469,110.69000244140625,110.77999877929688,109.83000183105469,110.69000244140625
2017-08-21,17100,109.52999877929688,109.58000183105469,109.80000305175781,109.33000183105469,109.58000183105469
2017-08-18,11900,109.48999786376953,109.70999908447266,110.08000183105469,109.0,109.70999908447266
2017-08-17,13000,111.58999633789062,109.77999877929688,111.76000213623047,109.77999877929688,109.77999877929688
2017-08-16,12900,111.91999816894531,111.86000061035156,112.30000305175781,111.69999694824219,111.86000061035156
2017-08-15,8700,112.43000030517578,111.70999908447266,112.43000030517578,111.62999725341797,111.70999908447266
2017-08-14,17400,111.79000091552734,112.30999755859375,112.5199966430664,111.70999908447266,112.30999755859375
2017-08-11,13500,110.8499984741211,111.08000183105469,111.13999938964844,110.77999877929688,111.08000183105469
2017-08-10,13700,112.44000244140625,111.05000305175781,112.44000244140625,111.04000091552734,111.05000305175781
2017-08-09,10800,113.29000091552734,112.75,113.29000091552734,112.44000244140625,112.75
2017-08-08,6100,113.87999725341797,113.69000244140625,114.75,113.69000244140625,113.69000244140625
2017-08-07,10900,114.19000244140625,113.9800033569336,114.33000183105469,113.81999969482422,113.9800033569336
2017-08-04,16500,113.97000122070312,114.12999725341797,114.30000305175781,113.83000183105469,114.12999725341797
2017-08-03,27700,114.0999984741211,113.69999694824219,114.12000274658203,113.56999969482422,113.69999694824219
2017-08-02,8600,114.68000030517578,114.1500015258789,114.8499984741211,113.83000183105469,114.1500015258789
2017-08-01,13600,115.1500015258789,114.80000305175781,115.1500015258789,114.3499984741211,114.80000305175781
2017-07-31,37300,114.80999755859375,114.6500015258789,114.9000015258789,114.18000030517578,114.6500015258789
2017-07-28,11800,115.05000305175781,114.63999938964844,115.05000305175781,114.31999969482422,114.63999938964844
2017-07-27,15500,115.63999938964844,115.13999938964844,115.63999938964844,114.66999816894531,115.13999938964844
2017-07-26,12100,116.83999633789062,115.41000366210938,116.83999633789062,115.31999969482422,115.41000366210938
2017-07-25,18500,116.08000183105469,116.77999877929688,116.94000244140625,116.08000183105469,116.77999877929688
2017-07-24,7100,115.5,115.36000061035156,115.5,115.12000274658203,115.36000061035156
2017-07-21,7600,115.66999816894531,115.54000091552734,115.66999816894531,115.0,115.54000091552734
2017-07-20,12800,115.83000183105469,115.69000244140625,115.9800033569336,115.5,115.69000244140625
2017-07-19,10900,114.68000030517578,115.7699966430664,115.77999877929688,114.55999755859375,115.7699966430664
2017-07-18,9500,114.55000305175781,114.47000122070312,114.66999816894531,114.2300033569336,114.47000122070312
2017-07-17,13500,114.55999755859375,114.83999633789062,115.0199966430664,114.41999816894531,114.83999633789062
2017-07-14,8400,114.19999694824219,114.55000305175781,114.91000366210938,114.19999694824219,114.55000305175781
2017-07-13,11200,114.02999877929688,114.33999633789062,114.33999633789062,113.69000244140625,114.33999633789062
2017-07-12,13900,113.79000091552734,113.95999908447266,114.6500015258789,113.79000091552734,113.95999908447266
2017-07-11,6600,113.13999938964844,113.2300033569336,113.38999938964844,112.79000091552734,113.2300033569336
2017-07-10,15900,113.2300033569336,113.22000122070312,113.62999725341797,113.16999816894531,113.22000122070312
2017-07-07,22900,112.73999786376953,113.41000366210938,113.5199966430664,112.4000015258789,113.41000366210938
2017-07-06,15700,113.3499984741211,112.47000122070312,113.55999755859375,112.41000366210938,112.47000122070312
2017-07-05,19100,114.3499984741211,113.87000274658203,114.3499984741211,113.63999938964844,113.87000274658203
2017-07-03,11900,113.83000183105469,114.5,114.95999908447266,113.83000183105469,114.5
2017-06-30,9400,113.80999755859375,113.94999694824219,114.08999633789062,113.47000122070312,113.94999694824219
2017-06-29,20800,114.37000274658203,113.63999938964844,114.37000274658203,112.9000015258789,113.63999938964844
2017-06-28,19200,113.36000061035156,114.0999984741211,114.4000015258789,113.36000061035156,114.0999984741211
2017-06-27,14300,113.44000244140625,112.7699966430664,113.77999877929688,112.7699966430664,112.7699966430664
2017-06-26,15100,113.05000305175781,113.44999694824219,113.69999694824219,112.94000244140625,113.44999694824219
2017-06-23,11500,112.41000366210938,112.75,113.06999969482422,112.41000366210938,112.75
2017-06-22,8800,112.16999816894531,112.37999725341797,112.62000274658203,111.88999938964844,112.37999725341797
2017-06-21,11800,113.13999938964844,112.0999984741211,113.13999938964844,111.9800033569336,112.0999984741211
2017-06-20,9400,113.86000061035156,112.98999786376953,113.86000061035156,112.9800033569336,112.98999786376953
2017-06-19,15600,114.04000091552734,114.26000213623047,114.43000030517578,113.91000366210938,114.26000213623047
2017-06-16,8000,113.48999786376953,113.69000244140625,113.69000244140625,113.05999755859375,113.69000244140625
2017-06-15,13300,113.5,113.54000091552734,114.08000183105469,113.3499984741211,113.54000091552734
2017-06-14,10100,115.01000213623047,114.37000274658203,115.01000213623047,113.87000274658203,114.37000274658203
2017-06-13,16200,114.54000091552734,115.04000091552734,115.1500015258789,114.54000091552734,115.04000091552734
2017-06-12,14800,114.12000274658203,114.08000183105469,114.69000244140625,113.98999786376953,114.08000183105469
2017-06-09,20800,113.16999816894531,114.08000183105469,114.4000015258789,113.05000305175781,114.08000183105469
2017-06-08,20700,111.87999725341797,112.93000030517578,113.29000091552734,111.87999725341797,112.93000030517578
2017-06-07,21300,112.31999969482422,111.93000030517578,112.41999816894531,111.76000213623047,111.93000030517578
2017-06-06,13100,112.04000091552734,112.04000091552734,112.47000122070312,111.58000183105469,112.04000091552734
2017-06-05,17500,113.20999908447266,112.58000183105469,113.20999908447266,112.48999786376953,112.58000183105469
2017-06-02,28100,113.2300033569336,113.08999633789062,113.72000122070312,112.91000366210938,113.08999633789062
2017-06-01,24500,111.61000061035156,113.04000091552734,113.04000091552734,111.27999877929688,113.04000091552734
2017-05-31,45200,111.41000366210938,111.11000061035156,111.41000366210938,109.9800033569336,111.11000061035156
2017-05-30,21500,111.2300033569336,111.16999816894531,111.43000030517578,110.80999755859375,111.16999816894531
2017-05-26,39600,111.81999969482422,111.58999633789062,111.83999633789062,111.30999755859375,111.58999633789062
2017-05-25,22900,112.22000122070312,111.8499984741211,112.61000061035156,111.69999694824219,111.8499984741211
2017-05-24,13400,111.86000061035156,111.94000244140625,112.16999816894531,111.5999984741211,111.94000244140625
2017-05-23,47400,111.72000122070312,111.8499984741211,112.16000366210938,111.31999969482422,111.8499984741211
2017-05-22,20400,111.13999938964844,111.55999755859375,111.62999725341797,111.13999938964844,111.55999755859375
2017-05-19,17600,110.0999984741211,110.95999908447266,111.38999938964844,110.0999984741211,110.95999908447266
2017-05-18,24300,109.58000183105469,110.12999725341797,110.20999908447266,108.97000122070312,110.12999725341797
2017-05-17,40300,110.77999877929688,109.81999969482422,111.22000122070312,109.7699966430664,109.81999969482422
2017-05-16,27700,112.41999816894531,112.11000061035156,112.41999816894531,111.63999938964844,112.11000061035156
2017-05-15,27200,111.9000015258789,112.23999786376953,112.83999633789062,111.6500015258789,112.23999786376953
2017-05-12,21300,112.0999984741211,111.61000061035156,112.0999984741211,111.4800033569336,111.61000061035156
2017-05-11,14900,112.62000274658203,112.23999786376953,112.62000274658203,111.48999786376953,112.23999786376953
2017-05-10,24300,112.23999786376953,112.9800033569336,113.12999725341797,112.23999786376953,112.9800033569336
2017-05-09,31000,112.80999755859375,112.3499984741211,113.0,112.20999908447266,112.3499984741211
2017-05-08,51000,112.77999877929688,112.77999877929688,113.01000213623047,112.33999633789062,112.77999877929688
2017-05-05,44200,112.30000305175781,113.0,113.0,112.04000091552734,113.0
2017-05-04,35300,112.29000091552734,111.97000122070312,112.29000091552734,111.33999633789062,111.97000122070312
2017-05-03,46500,112.37000274658203,112.37999725341797,112.72000122070312,111.9800033569336,112.37999725341797
2017-05-02,62400,113.06999969482422,112.7699966430664,113.30999755859375,112.55000305175781,112.7699966430664
2017-05-01,102600,113.04000091552734,113.05000305175781,113.52999877929688,112.5,113.05000305175781
2017-04-28,207200,114.08999633789062,112.81999969482422,114.22000122070312,112.81999969482422,112.81999969482422
2017-04-27,15000,114.73999786376953,114.22000122070312,114.7699966430664,113.91999816894531,114.22000122070312
2017-04-26,18800,114.5199966430664,114.94999694824219,115.37999725341797,114.41000366210938,114.94999694824219
2017-04-25,17000,114.33999633789062,114.54000091552734,114.94999694824219,114.29000091552734,114.54000091552734
2017-04-24,15900,113.66999816894531,113.69999694824219,113.8499984741211,113.4000015258789,113.69999694824219
2017-04-21,18200,112.5,112.4000015258789,112.62999725341797,112.16000366210938,112.4000015258789
2017-04-20,16900,111.98999786376953,112.58999633789062,112.66000366210938,111.66000366210938,112.58999633789062
2017-04-19,12500,111.86000061035156,111.54000091552734,112.30000305175781,111.41000366210938,111.54000091552734
2017-04-18,22000,111.16999816894531,111.41999816894531,111.58000183105469,110.7699966430664,111.41999816894531
2017-04-17,13000,110.6500015258789,111.54000091552734,111.54000091552734,110.22000122070312,111.54000091552734
2017-04-13,26000,111.5999984741211,110.33999633789062,111.73999786376953,110.30999755859375,110.33999633789062
2017-04-12,14100,112.87000274658203,111.72000122070312,112.87000274658203,111.62999725341797,111.72000122070312
2017-04-11,23100,112.3499984741211,113.08000183105469,113.08000183105469,111.80000305175781,113.08000183105469
2017-04-10,20100,112.19999694824219,112.54000091552734,112.93000030517578,112.0199966430664,112.54000091552734
2017-04-07,7800,112.0199966430664,112.0999984741211,112.44000244140625,111.69000244140625,112.0999984741211
2017-04-06,14300,111.41999816894531,112.22000122070312,112.43000030517578,111.33000183105469,112.22000122070312
2017-04-05,33200,112.9000015258789,111.33999633789062,113.20999908447266,111.26000213623047,111.33999633789062
2017-04-04,19900,112.0199966430664,112.25,112.4000015258789,111.91999816894531,112.25
2017-04-03,79500,113.11000061035156,112.16000366210938,113.18000030517578,111.68000030517578,112.16000366210938
2017-03-31,17500,113.01000213623047,112.9800033569336,113.51000213623047,112.86000061035156,112.9800033569336
2017-03-30,15100,112.18000030517578,113.04000091552734,113.08999633789062,112.18000030517578,113.04000091552734
2017-03-29,11900,111.83000183105469,112.29000091552734,112.31999969482422,111.43000030517578,112.29000091552734
2017-03-28,35400,110.58000183105469,111.81999969482422,111.95999908447266,110.45999908447266,111.81999969482422
2017-03-27,43800,110.0,110.80000305175781,110.91000366210938,109.56999969482422,110.80000305175781
2017-03-24,12600,111.47000122070312,110.98999786376953,111.79000091552734,110.69000244140625,110.98999786376953
2017-03-23,28500,110.95999908447266,111.20999908447266,111.86000061035156,110.62999725341797,111.20999908447266
2017-03-22,20600,110.69999694824219,110.87000274658203,110.88999938964844,110.16000366210938,110.87000274658203
2017-03-21,20500,113.5,110.83999633789062,113.5,110.80999755859375,110.83999633789062
2017-03-20,19200,113.7300033569336,113.06999969482422,113.73999786376953,112.9000015258789,113.06999969482422
2017-03-17,17300,114.0199966430664,113.7300033569336,114.0199966430664,113.41000366210938,113.7300033569336
2017-03-16,15200,113.95999908447266,113.69000244140625,114.13999938964844,113.52999877929688,113.69000244140625
2017-03-15,11400,112.51000213623047,113.6500015258789,113.83000183105469,112.51000213623047,113.6500015258789
2017-03-14,17200,112.13999938964844,112.08999633789062,112.1500015258789,111.38999938964844,112.08999633789062
2017-03-13,14400,112.30999755859375,112.51000213623047,112.7699966430664,112.19000244140625,112.51000213623047
2017-03-10,27100,112.43000030517578,112.37000274658203,112.62000274658203,111.66000366210938,112.37000274658203
2017-03-09,14900,112.30000305175781,111.80999755859375,112.48999786376953,111.37000274658203,111.80999755859375
2017-03-08,15400,112.98999786376953,112.23999786376953,113.08999633789062,112.22000122070312,112.23999786376953
2017-03-07,25800,113.4000015258789,112.91000366210938,113.44999694824219,112.91000366210938,112.91000366210938
2017-03-06,28700,114.0199966430664,113.69000244140625,114.0199966430664,113.29000091552734,113.69000244140625
2017-03-03,21000,114.4000015258789,114.52999877929688,114.75,114.04000091552734,114.52999877929688
2017-03-02,34800,115.6500015258789,114.5,115.6500015258789,114.47000122070312,114.5
2017-03-01,31000,115.16000366210938,115.77999877929688,116.19000244140625,115.16000366210938,115.77999877929688
2017-02-28,23300,114.73999786376953,113.91000366210938,114.73999786376953,113.77999877929688,113.91000366210938
2017-02-27,28700,114.2699966430664,115.08000183105469,115.11000061035156,114.16000366210938,115.08000183105469
2017-02-24,18100,113.75,114.41000366210938,114.41000366210938,113.44999694824219,114.41000366210938
2017-02-23,17500,115.37000274658203,114.44999694824219,115.37000274658203,113.97000122070312,114.44999694824219
2017-02-22,22400,115.2699966430664,115.0,115.30000305175781,114.62000274658203,115.0
2017-02-21,27600,114.5999984741211,115.43000030517578,115.43000030517578,114.5999984741211,115.43000030517578
2017-02-17,13600,114.08000183105469,114.41000366210938,114.41000366210938,113.83999633789062,114.41000366210938
2017-02-16,25700,114.5999984741211,114.41999816894531,114.69999694824219,113.94999694824219,114.41999816894531
2017-02-15,21200,114.16000366210938,114.62999725341797,114.70999908447266,114.0,114.62999725341797
2017-02-14,24400,113.87999725341797,114.44000244140625,114.45999908447266,113.62000274658203,114.44000244140625
2017-02-13,20900,114.11000061035156,114.08000183105469,114.29000091552734,113.98999786376953,114.08000183105469
2017-02-10,32700,113.5199966430664,113.72000122070312,113.81999969482422,113.2300033569336,113.72000122070312
2017-02-09,23100,112.20999908447266,113.04000091552734,113.12999725341797,112.20999908447266,113.04000091552734
2017-02-08,39600,111.72000122070312,111.9800033569336,111.9800033569336,111.16000366210938,111.9800033569336
2017-02-07,16500,112.55000305175781,111.94000244140625,112.66999816894531,111.62000274658203,111.94000244140625
2017-02-06,26700,112.7699966430664,112.3499984741211,112.80999755859375,112.1500015258789,112.3499984741211
2017-02-03,36300,112.27999877929688,113.06999969482422,113.08000183105469,112.2300033569336,113.06999969482422
2017-02-02,52200,111.56999969482422,111.55999755859375,111.88999938964844,111.20999908447266,111.55999755859375
2017-02-01,27500,112.41000366210938,111.47000122070312,112.5999984741211,110.98999786376953,111.47000122070312
2017-01-31,13300,110.91999816894531,111.75,111.75,110.4800033569336,111.75
2017-01-30,42000,111.63999938964844,111.16999816894531,111.63999938964844,110.05000305175781,111.16999816894531
2017-01-27,28700,112.91000366210938,112.27999877929688,113.05999755859375,112.02999877929688,112.27999877929688
2017-01-26,38400,113.48999786376953,112.94000244140625,113.5,112.69999694824219,112.94000244140625
2017-01-25,28500,113.06999969482422,113.23999786376953,113.33999633789062,112.88999938964844,113.23999786376953
2017-01-24,37200,111.16999816894531,112.36000061035156,112.68000030517578,111.16999816894531,112.36000061035156
2017-01-23,27600,110.69999694824219,110.56999969482422,110.9800033569336,109.94999694824219,110.56999969482422
2017-01-20,27000,110.81999969482422,110.9800033569336,111.25,110.61000061035156,110.9800033569336
2017-01-19,46500,111.44000244140625,110.5199966430664,111.6500015258789,110.05000305175781,110.5199966430664
2017-01-18,35700,111.25,111.4000015258789,111.44000244140625,110.93000030517578,111.4000015258789
2017-01-17,33100,111.5999984741211,110.95999908447266,111.77999877929688,110.70999908447266,110.95999908447266
2017-01-13,158500,111.52999877929688,111.7699966430664,112.23999786376953,111.5,111.7699966430664
2017-01-12,42400,111.94999694824219,111.29000091552734,111.94999694824219,110.11000061035156,111.29000091552734
2017-01-11,55500,111.62000274658203,112.0,112.02999877929688,111.16000366210938,112.0
2017-01-10,34700,110.80999755859375,111.48999786376953,111.86000061035156,110.80000305175781,111.48999786376953
2017-01-09,48600,111.68000030517578,110.7300033569336,111.68000030517578,110.56999969482422,110.7300033569336
2017-01-06,45600,112.16000366210938,111.81999969482422,112.33000183105469,111.58999633789062,111.81999969482422
2017-01-05,41900,112.70999908447266,112.04000091552734,112.72000122070312,111.55000305175781,112.04000091552734
2017-01-04,37100,111.5,112.88999938964844,112.97000122070312,111.41999816894531,112.88999938964844
2017-01-03,102800,111.37999725341797,111.0999984741211,111.63999938964844,110.29000091552734,111.0999984741211
2016-12-30,20500,110.98999786376953,110.19999694824219,110.98999786376953,110.02999877929688,110.19999694824219
2016-12-29,30100,110.56999969482422,110.72000122070312,111.05000305175781,110.31999969482422,110.72000122070312
2016-12-28,33900,111.87000274658203,110.43000030517578,111.87999725341797,110.29000091552734,110.43000030517578
2016-12-27,51200,111.30000305175781,111.62999725341797,111.91999816894531,111.30000305175781,111.62999725341797
2016-12-23,21400,111.0999984741211,111.19999694824219,111.31999969482422,111.0,111.19999694824219
2016-12-22,18500,111.56999969482422,111.02999877929688,111.62999725341797,110.75,111.02999877929688
2016-12-21,46100,112.2699966430664,111.76000213623047,112.2699966430664,111.72000122070312,111.76000213623047
2016-12-20,25900,112.01000213623047,112.2300033569336,112.2300033569336,111.79000091552734,112.2300033569336
2016-12-19,31900,112.2699966430664,112.88999938964844,113.20999908447266,112.19999694824219,111.38899993896484
2016-12-16,25200,112.76000213623047,112.4000015258789,113.45999908447266,112.0999984741211,110.905517578125
2016-12-15,25800,112.30000305175781,112.63999938964844,113.22000122070312,111.75,111.14232635498047
2016-12-14,23100,113.9000015258789,112.19999694824219,113.9000015258789,112.05999755859375,110.70816802978516
2016-12-13,32000,114.25,113.83999633789062,114.27999877929688,113.12000274658203,112.32636260986328
2016-12-12,41100,114.69999694824219,113.7699966430664,114.93000030517578,113.58999633789062,112.25729370117188
2016-12-09,27900,114.91999816894531,114.5,114.91999816894531,114.23999786376953,112.97759246826172
2016-12-08,138600,113.91999816894531,114.72000122070312,114.94999694824219,113.5999984741211,113.19467163085938
2016-12-07,39800,112.20999908447266,113.5199966430664,113.5199966430664,112.1500015258789,112.0106201171875
2016-12-06,24200,111.19999694824219,112.16000366210938,112.16000366210938,110.88999938964844,110.66870880126953
2016-12-05,23500,110.41000366210938,111.01000213623047,111.05000305175781,110.41000366210938,109.53399658203125
2016-12-02,17200,110.08000183105469,109.77999877929688,110.11000061035156,109.45999908447266,108.32035064697266
2016-12-01,29500,110.20999908447266,109.69000244140625,110.37999725341797,109.38999938964844,108.23155212402344
2016-11-30,28100,110.01000213623047,109.58000183105469,110.18000030517578,109.55000305175781,108.12300872802734
2016-11-29,33200,109.16000366210938,109.19999694824219,109.55999755859375,108.83000183105469,107.74806213378906
2016-11-28,27500,110.05999755859375,109.22000122070312,110.0999984741211,109.13999938964844,107.7677993774414
2016-11-25,26700,110.23999786376953,110.0199966430664,110.23999786376953,109.86000061035156,108.55715942382812
2016-11-23,26800,109.12000274658203,109.75,109.80999755859375,108.9000015258789,108.2907485961914
2016-11-22,39900,108.6500015258789,109.31999969482422,109.31999969482422,108.5,107.86647033691406
2016-11-21,35100,107.87000274658203,108.26000213623047,108.30999755859375,107.68000030517578,106.82056427001953
2016-11-18,29200,107.4800033569336,107.4000015258789,107.54000091552734,107.20999908447266,105.97200012207031
2016-11-17,31700,107.2699966430664,107.31999969482422,107.58000183105469,107.06999969482422,105.89305877685547
2016-11-16,34500,107.0,106.86000061035156,107.0,106.43000030517578,105.43917846679688
2016-11-15,76600,106.5199966430664,106.98999786376953,107.12000274658203,106.13999938964844,105.56744384765625
2016-11-14,42500,105.33000183105469,106.47000122070312,106.47000122070312,105.06999969482422,105.05435943603516
2016-11-11,15700,103.12000274658203,104.44000244140625,104.44000244140625,103.12000274658203,103.05135345458984
2016-11-10,14800,103.2300033569336,103.30999755859375,103.75,102.62999725341797,101.9363784790039
2016-11-09,26500,98.87000274658203,102.41000366210938,102.80000305175781,98.87000274658203,101.04834747314453
2016-11-08,6100,99.93000030517578,100.01000213623047,100.18000030517578,99.23999786376953,98.68025970458984
2016-11-07,11000,100.23999786376953,99.87999725341797,100.23999786376953,99.33999633789062,98.5519790649414
2016-11-04,9400,97.76000213623047,97.73999786376953,98.5199966430664,97.62999725341797,96.44043731689453
2016-11-03,11400,97.73999786376953,97.54000091552734,98.12000274658203,97.51000213623047,96.24309539794922
2016-11-02,13200,98.25,97.6500015258789,98.48999786376953,97.6500015258789,96.35163116455078
2016-11-01,14400,100.06999969482422,98.62999725341797,100.06999969482422,98.19999694824219,97.318603515625
2016-10-31,13900,99.0999984741211,99.75,99.88999938964844,99.0999984741211,98.42371368408203
2016-10-28,6200,99.54000091552734,98.97000122070312,99.8499984741211,98.79000091552734,97.65408325195312
2016-10-27,5000,100.13999938964844,99.18000030517578,100.13999938964844,99.0,97.86128997802734
2016-10-26,15700,99.7699966430664,99.98999786376953,100.44999694824219,99.69999694824219,98.66051483154297
2016-10-25,16800,100.76000213623047,100.19000244140625,100.76000213623047,100.05999755859375,98.85786437988281
2016-10-24,12500,101.26000213623047,100.86000061035156,101.51000213623047,100.58000183105469,99.51895141601562
2016-10-21,17000,99.97000122070312,100.5199966430664,100.55000305175781,99.80000305175781,99.1834716796875
2016-10-20,6200,101.0,100.63999938964844,101.0,100.13999938964844,99.3018798828125
2016-10-19,12500,100.77999877929688,100.94000244140625,101.12999725341797,100.19999694824219,99.59789276123047
2016-10-18,5500,100.08000183105469,100.31999969482422,100.52999877929688,100.08000183105469,98.98612976074219
2016-10-17,12000,99.9000015258789,99.75,100.08000183105469,99.7300033569336,98.42371368408203
2016-10-14,10800,100.13999938964844,99.70999908447266,100.62999725341797,99.70999908447266,98.38423919677734
2016-10-13,15100,99.61000061035156,99.80000305175781,100.08000183105469,98.91000366210938,98.47305297851562
2016-10-12,13600,100.0,100.22000122070312,100.52999877929688,99.80000305175781,98.88746643066406
2016-10-11,14300,101.20999908447266,99.91000366210938,101.20999908447266,99.52999877929688,98.58158874511719
2016-10-10,9400,101.48999786376953,101.5199966430664,101.9000015258789,101.4800033569336,100.17017364501953
2016-10-07,26100,101.58999633789062,100.61000061035156,101.58999633789062,100.20999908447266,99.27227783203125
2016-10-06,6500,101.19999694824219,101.43000030517578,101.44000244140625,100.70999908447266,100.08137512207031
2016-10-05,5800,101.06999969482422,101.27999877929688,101.68000030517578,101.06999969482422,99.93336486816406
2016-10-04,15000,101.45999908447266,100.41999816894531,101.45999908447266,100.08000183105469,99.08480072021484
2016-10-03,4900,101.58999633789062,101.0999984741211,101.58999633789062,100.98999786376953,99.7557601928711
2016-09-30,13000,101.41999816894531,101.70999908447266,102.01000213623047,101.2300033569336,100.35765075683594
2016-09-29,10300,102.01000213623047,100.83000183105469,102.01000213623047,100.83000183105469,99.4893569946289
2016-09-28,6800,100.79000091552734,101.80000305175781,101.80000305175781,100.31999969482422,100.44645690917969
2016-09-27,7700,100.52999877929688,100.5199966430664,100.55000305175781,100.12999725341797,99.1834716796875
2016-09-26,19400,100.5,100.54000091552734,100.9000015258789,100.2300033569336,99.20320892333984
2016-09-23,9400,101.76000213623047,101.0,101.76000213623047,101.0,99.65708923339844
2016-09-22,14000,101.26000213623047,101.91000366210938,101.98999786376953,101.26000213623047,100.55499267578125
2016-09-21,21200,99.47000122070312,100.55999755859375,100.55999755859375,99.33000183105469,99.22293853759766
2016-09-20,12000,100.11000061035156,99.22000122070312,100.11000061035156,99.22000122070312,97.9007568359375
2016-09-19,9600,99.31999969482422,99.58999633789062,100.1500015258789,99.19000244140625,98.26583862304688
2016-09-16,5700,99.12000274658203,98.69999694824219,99.12000274658203,98.37999725341797,97.3876724243164
2016-09-15,9900,98.05000305175781,99.19999694824219,99.30000305175781,98.0199966430664,97.88101959228516
2016-09-14,12900,98.69999694824219,98.02999877929688,98.86000061035156,98.0,96.72657775878906
2016-09-13,35200,99.54000091552734,98.52999877929688,99.77999877929688,98.1500015258789,97.21993255615234
2016-09-12,21200,98.9800033569336,100.55000305175781,100.66000366210938,98.61000061035156,99.21307373046875
2016-09-09,23300,102.0,99.44999694824219,102.0,99.44999694824219,98.12770080566406
2016-09-08,8800,102.69999694824219,102.62999725341797,102.87999725341797,102.5199966430664,101.26541900634766
2016-09-07,13800,102.69000244140625,102.87999725341797,102.87999725341797,102.27999877929688,101.51209259033203
2016-09-06,25100,102.80000305175781,102.45999908447266,102.80000305175781,101.98999786376953,101.0976791381836
2016-09-02,11300,101.80999755859375,102.5199966430664,102.5199966430664,101.80999755859375,101.15687561035156
2016-09-01,14400,101.6500015258789,101.5,101.7699966430664,100.88999938964844,100.15044403076172
2016-08-31,20800,102.06999969482422,101.7300033569336,102.06999969482422,101.18000030517578,100.37738800048828
2016-08-30,20400,102.13999938964844,102.08000183105469,102.41999816894531,101.7300033569336,100.72273254394531
2016-08-29,46600,101.66000366210938,102.20999908447266,102.44000244140625,101.66000366210938,100.85100555419922
2016-08-26,18200,102.05999755859375,101.43000030517578,102.5199966430664,100.94999694824219,100.08137512207031
2016-08-25,16100,101.41999816894531,101.8499984741211,102.11000061035156,101.41999816894531,100.49578857421875
2016-08-24,36800,102.38999938964844,101.66000366210938,102.38999938964844,101.4800033569336,100.30831909179688
2016-08-23,103600,102.05000305175781,102.37999725341797,102.69999694824219,102.05000305175781,101.01873779296875
2016-08-22,40300,101.62999725341797,101.81999969482422,101.81999969482422,101.30999755859375,100.4661865234375
2016-08-19,22000,102.05999755859375,101.81999969482422,102.05999755859375,101.30000305175781,100.4661865234375
2016-08-18,10800,101.05999755859375,101.75,101.7699966430664,101.05999755859375,100.3971176147461
2016-08-17,19600,101.33999633789062,100.95999908447266,101.33999633789062,100.29000091552734,99.61762237548828
2016-08-16,9800,102.08999633789062,101.02999877929688,102.08999633789062,101.02999877929688,99.68669128417969
2016-08-15,12100,101.43000030517578,101.95999908447266,102.25,101.43000030517578,100.60432434082031
2016-08-12,5900,101.2699966430664,101.01000213623047,101.4000015258789,100.87000274658203,99.66696166992188
2016-08-11,8700,101.37999725341797,101.2699966430664,101.5,101.05000305175781,99.92350006103516
2016-08-10,13600,101.51000213623047,100.91000366210938,101.5199966430664,100.80000305175781,99.56829071044922
2016-08-09,24700,101.83999633789062,101.48999786376953,101.83999633789062,101.30000305175781,100.14057159423828
2016-08-08,15700,101.58999633789062,101.62999725341797,101.94999694824219,101.58999633789062,100.2787094116211
2016-08-05,12200,100.9000015258789,101.45999908447266,101.58000183105469,100.83000183105469,100.11097717285156
2016-08-04,11900,100.6500015258789,100.37000274658203,100.66000366210938,100.19999694824219,99.03546905517578
2016-08-03,15100,99.70999908447266,100.23999786376953,100.23999786376953,99.18000030517578,98.90719604492188
2016-08-02,35700,100.70999908447266,99.55000305175781,100.70999908447266,99.19000244140625,98.22637176513672
2016-08-01,15200,100.80000305175781,100.58000183105469,101.26000213623047,100.5,99.24267578125
2016-07-29,15000,101.0199966430664,101.36000061035156,101.5,100.62999725341797,100.0123062133789
2016-07-28,6300,100.52999877929688,101.08000183105469,101.08999633789062,100.4800033569336,99.73603057861328
2016-07-27,18400,100.98999786376953,100.63999938964844,101.30999755859375,100.31999969482422,99.3018798828125
2016-07-26,11900,100.30000305175781,101.0,101.08000183105469,100.30000305175781,99.65708923339844
2016-07-25,10400,100.95999908447266,100.41999816894531,100.95999908447266,100.25,99.08480072021484
2016-07-22,5100,100.44000244140625,100.80000305175781,100.88999938964844,100.06999969482422,99.45975494384766
2016-07-21,24200,100.70999908447266,100.2699966430664,101.08000183105469,100.1500015258789,98.9367904663086
2016-07-20,13800,100.6500015258789,100.7300033569336,100.87000274658203,99.87000274658203,99.39068603515625
2016-07-19,11700,100.58999633789062,100.26000213623047,100.58999633789062,100.0,98.92693328857422
2016-07-18,18700,100.55999755859375,100.72000122070312,100.7300033569336,100.26000213623047,99.38081359863281
2016-07-15,20400,101.0,100.62000274658203,101.0,100.36000061035156,99.28214263916016
2016-07-14,42300,101.16000366210938,100.5999984741211,101.16000366210938,100.55000305175781,99.26240539550781
2016-07-13,18900,100.98999786376953,100.2699966430664,100.98999786376953,99.83999633789062,98.9367904663086
2016-07-12,33500,100.04000091552734,100.44000244140625,100.72000122070312,99.97000122070312,99.10453796386719
2016-07-11,22100,99.13999938964844,99.22000122070312,99.4000015258789,98.94000244140625,97.9007568359375
2016-07-08,29600,97.62000274658203,98.5999984741211,98.70999908447266,97.62000274658203,97.28900146484375
2016-07-07,15700,96.94999694824219,96.62999725341797,97.56999969482422,96.27999877929688,95.3451919555664
2016-07-06,11900,96.11000061035156,96.66000366210938,96.68000030517578,95.48999786376953,95.37480163574219
2016-07-05,23900,97.54000091552734,96.25,97.54000091552734,95.68000030517578,94.97024536132812
2016-07-01,39700,97.4000015258789,97.75,98.12000274658203,97.30999755859375,96.45030212402344
2016-06-30,15200,95.68000030517578,97.36000061035156,97.36000061035156,95.51000213623047,96.06549072265625
2016-06-29,16800,95.05000305175781,95.51000213623047,95.58999633789062,94.94999694824219,94.2400894165039
2016-06-28,28500,93.26000213623047,93.83000183105469,93.94000244140625,93.02999877929688,92.58242797851562
2016-06-27,53000,94.13999938964844,92.25,94.13999938964844,91.9000015258789,91.02342987060547
2016-06-24,56900,96.19999694824219,95.19999694824219,96.86000061035156,95.06999969482422,93.9342041015625
2016-06-23,10800,98.66999816894531,99.2300033569336,99.2300033569336,98.52999877929688,97.91062927246094
2016-06-22,23300,98.02999877929688,97.5,98.18000030517578,97.5,96.20362854003906
2016-06-21,17000,97.91000366210938,97.76000213623047,98.05000305175781,97.3499984741211,96.46017456054688
2016-06-20,46100,98.33000183105469,97.79000091552734,98.51000213623047,97.77999877929688,96.4897689819336
2016-06-17,18700,96.4800033569336,96.83999633789062,97.22000122070312,96.37000274658203,95.55239868164062
2016-06-16,16700,95.98999786376953,96.33000183105469,96.37000274658203,95.08999633789062,95.04918670654297
2016-06-15,11100,96.8499984741211,96.56999969482422,97.20999908447266,96.45999908447266,95.28599548339844
2016-06-14,19000,96.44000244140625,96.37999725341797,96.87999725341797,95.7699966430664,95.09851837158203
2016-06-13,29000,97.73999786376953,96.69000244140625,97.87999725341797,96.61000061035156,95.4043960571289
2016-06-10,26100,98.44999694824219,97.7699966430664,98.44999694824219,97.55999755859375,96.47003173828125
2016-06-09,38900,99.29000091552734,99.33000183105469,99.36000061035156,98.7699966430664,98.0093002319336
2016-06-08,29800,99.4800033569336,99.63999938964844,99.72000122070312,99.27999877929688,98.31517028808594
2016-06-07,62700,98.94999694824219,99.18000030517578,99.41000366210938,98.7300033569336,97.86128997802734
2016-06-06,47700,98.5199966430664,98.6500015258789,98.83000183105469,97.88999938964844,97.33834075927734
2016-06-03,43300,97.91999816894531,97.58999633789062,97.94999694824219,96.94999694824219,96.29242706298828
2016-06-02,32100,97.19000244140625,97.81999969482422,97.81999969482422,96.83999633789062,96.51937103271484
2016-06-01,22100,96.54000091552734,97.29000091552734,97.33999633789062,96.20999908447266,95.99642181396484
2016-05-31,23300,97.12999725341797,96.93000030517578,97.37999725341797,96.61000061035156,95.64120483398438
2016-05-27,28500,96.2300033569336,96.68000030517578,96.68000030517578,96.08999633789062,95.39453125
2016-05-26,24800,96.3499984741211,96.08000183105469,96.5,95.95999908447266,94.8025131225586
2016-05-25,35200,95.7699966430664,96.16000366210938,96.16999816894531,95.58999633789062,94.8814468383789
2016-05-24,43100,94.20999908447266,94.9800033569336,95.16000366210938,94.19000244140625,93.7171401977539
2016-05-23,72800,94.05000305175781,93.6500015258789,94.05000305175781,93.44999694824219,92.40481567382812
2016-05-20,56700,93.12999725341797,93.8499984741211,93.9800033569336,93.0,92.60215759277344
2016-05-19,117000,92.5999984741211,92.62999725341797,93.02999877929688,91.83000183105469,91.39837646484375
2016-05-18,51600,93.13999938964844,92.87999725341797,93.9000015258789,92.5,91.64505004882812
2016-05-17,84000,94.02999877929688,93.26000213623047,94.51000213623047,93.0,92.02000427246094
2016-05-16,62000,93.5199966430664,94.1500015258789,94.43000030517578,93.5,92.8981704711914
2016-05-13,50600,93.95999908447266,93.20999908447266,94.19999694824219,92.86000061035156,91.97066497802734
2016-05-12,54500,94.80999755859375,94.1500015258789,94.9000015258789,93.61000061035156,92.8981704711914
2016-05-11,120200,94.91999816894531,94.2699966430664,95.18000030517578,94.2699966430664,93.01657104492188
2016-05-10,77900,94.44000244140625,95.13999938964844,95.16999816894531,94.25,93.87500762939453
2016-05-09,104100,94.52999877929688,93.98999786376953,94.52999877929688,93.58000183105469,92.74029541015625
2016-05-06,143500,93.72000122070312,94.3499984741211,94.41999816894531,93.48999786376953,93.09551239013672
2016-05-05,173300,94.56999969482422,93.91999816894531,94.83999633789062,93.66999816894531,92.67122650146484
2016-05-04,242500,94.31999969482422,94.06999969482422,95.12999725341797,93.87999725341797,92.8192367553711
2016-05-03,459800,95.80000305175781,94.69000244140625,95.83000183105469,94.16999816894531,93.43099212646484
2016-05-02,993100,96.0199966430664,96.2300033569336,96.30999755859375,95.18000030517578,94.95051574707031
2016-04-29,775400,95.81999969482422,95.5999984741211,96.12999725341797,94.87999725341797,94.32888793945312
2016-04-28,4000,96.51000213623047,95.8499984741211,97.01000213623047,95.83999633789062,94.5755615234375
2016-04-27,6400,96.69000244140625,97.08000183105469,97.12000274658203,96.30999755859375,95.78921508789062
2016-04-26,5100,95.69000244140625,96.33000183105469,96.33000183105469,95.69000244140625,95.04918670654297
2016-04-25,17200,95.76000213623047,95.30999755859375,95.76000213623047,95.04000091552734,94.0427474975586
2016-04-22,14600,95.19000244140625,95.80999755859375,96.22000122070312,95.19000244140625,94.53609466552734
2016-04-21,5100,96.20999908447266,94.9800033569336,96.20999908447266,94.88999938964844,93.7171401977539
2016-04-20,7800,95.88999938964844,95.97000122070312,96.38999938964844,95.6500015258789,94.6939697265625
2016-04-19,5800,95.63999938964844,95.9800033569336,96.37999725341797,95.63999938964844,94.70384216308594
2016-04-18,2900,94.55999755859375,95.31999969482422,95.33999633789062,94.55999755859375,94.0526123046875
2016-04-15,3900,94.51000213623047,94.97000122070312,95.02999877929688,94.5,93.70726776123047
2016-04-14,6300,95.0199966430664,94.72000122070312,95.0199966430664,94.70999908447266,93.4605941772461
2016-04-13,12900,94.94999694824219,95.06999969482422,95.0999984741211,94.0199966430664,93.80593872070312
2016-04-12,9000,92.56999969482422,93.58999633789062,93.62999725341797,92.56999969482422,92.34561157226562
2016-04-11,6900,92.80999755859375,92.3499984741211,93.33000183105469,92.3499984741211,91.12210083007812
2016-04-08,5100,92.48999786376953,92.13999938964844,92.75,92.13999938964844,90.9148941040039
2016-04-07,7400,92.4000015258789,91.55000305175781,92.47000122070312,91.08000183105469,90.3327407836914
2016-04-06,6200,92.4000015258789,92.7300033569336,92.7300033569336,91.7300033569336,91.49705505371094
2016-04-05,6500,92.52999877929688,92.23999786376953,92.75,92.16000366210938,91.01356506347656
2016-04-04,6900,94.30999755859375,93.2699966430664,94.30999755859375,93.22000122070312,92.02986907958984
2016-04-01,20400,92.75,94.19000244140625,94.19999694824219,92.75,92.93763732910156
2016-03-31,8100,93.88999938964844,93.98999786376953,94.23999786376953,93.87000274658203,92.74029541015625
2016-03-30,14700,94.63999938964844,93.9800033569336,94.63999938964844,93.80999755859375,92.73043060302734
2016-03-29,4900,92.61000061035156,93.86000061035156,93.87000274658203,92.5,92.61202239990234
2016-03-28,4100,92.54000091552734,92.29000091552734,92.54000091552734,91.7300033569336,91.06290435791016
2016-03-24,5100,91.19999694824219,92.04000091552734,92.04000091552734,91.19999694824219,90.81622314453125
2016-03-23,4800,93.1500015258789,91.80000305175781,93.1500015258789,91.80000305175781,90.57942199707031
2016-03-22,4500,93.04000091552734,93.16000366210938,93.41999816894531,93.04000091552734,91.92133331298828
2016-03-21,4600,93.08999633789062,93.2300033569336,93.30000305175781,92.94999694824219,91.99040222167969
2016-03-18,4700,92.87000274658203,93.08999633789062,93.20999908447266,92.87000274658203,91.85225677490234
2016-03-17,2600,91.62000274658203,92.80000305175781,92.80000305175781,91.62000274658203,91.56612396240234
2016-03-16,2000,90.62999725341797,91.44000244140625,91.5,90.55000305175781,90.22420501708984
2016-03-15,2800,90.2699966430664,90.30999755859375,90.30999755859375,89.86000061035156,89.10922241210938
2016-03-14,3100,90.88999938964844,91.02999877929688,91.08999633789062,90.54000091552734,89.81964874267578
2016-03-11,3100,90.58999633789062,91.26000213623047,91.26000213623047,90.58999633789062,90.04660034179688
2016-03-10,2500,89.7699966430664,89.44999694824219,89.7699966430664,88.55000305175781,88.26065826416016
2016-03-09,4200,89.70999908447266,89.5,89.83000183105469,89.4000015258789,88.30999755859375
2016-03-08,2100,89.77999877929688,89.43000030517578,89.79000091552734,89.3499984741211,88.24092864990234
2016-03-07,2200,89.72000122070312,90.75,90.75,89.72000122070312,89.54337310791016
2016-03-04,3000,89.58999633789062,90.16999816894531,90.61000061035156,89.44000244140625,88.97108459472656
2016-03-03,2300,88.5199966430664,89.38999938964844,89.38999938964844,88.5199966430664,88.20146179199219
2016-03-02,3500,87.06999969482422,88.0199966430664,88.0199966430664,86.8499984741211,86.84967041015625
2016-03-01,2000,85.70999908447266,86.95999908447266,86.95999908447266,85.69000244140625,85.80376434326172
2016-02-29,1500,85.56999969482422,85.58000183105469,86.12000274658203,85.56999969482422,84.4421157836914
2016-02-26,2300,85.62000274658203,85.33000183105469,85.91000366210938,85.33000183105469,84.19544219970703
2016-02-25,2200,84.3499984741211,85.02999877929688,85.04000091552734,84.19999694824219,83.89942932128906
2016-02-24,4200,82.7300033569336,83.51000213623047,83.52999877929688,82.5,82.39964294433594
2016-02-23,1700,84.2699966430664,83.75,84.36000061035156,83.75,82.6364517211914
2016-02-22,3400,84.27999877929688,84.83999633789062,84.87000274658203,84.27999877929688,83.71195220947266
2016-02-19,2300,83.26000213623047,83.44000244140625,83.44000244140625,82.81999969482422,82.33057403564453
2016-02-18,4400,83.54000091552734,83.7699966430664,83.8499984741211,83.4800033569336,82.65618133544922
2016-02-17,16400,82.75,83.47000122070312,83.98999786376953,82.75,82.36017608642578
2016-02-16,4600,81.41999816894531,82.29000091552734,82.29000091552734,81.38999938964844,81.19586181640625
2016-02-12,7200,79.8499984741211,80.58999633789062,80.66999816894531,79.8499984741211,79.51846313476562
2016-02-11,3000,79.12999725341797,79.12000274658203,79.70999908447266,78.4000015258789,78.0680160522461
2016-02-10,9500,80.91000366210938,80.47000122070312,81.30999755859375,80.47000122070312,79.40006256103516
2016-02-09,4300,79.77999877929688,80.47000122070312,80.5999984741211,79.77999877929688,79.40006256103516
2016-02-08,2600,81.06999969482422,80.1500015258789,81.11000061035156,79.68000030517578,79.08432006835938
2016-02-05,3300,82.94999694824219,82.0199966430664,83.08000183105469,81.94999694824219,80.92945098876953
2016-02-04,2400,82.98999786376953,83.29000091552734,83.55000305175781,82.83000183105469,82.18256378173828
2016-02-03,1500,82.05999755859375,82.20999908447266,82.20999908447266,80.2699966430664,81.11692810058594
2016-02-02,3300,81.91000366210938,81.52999877929688,81.91000366210938,81.1500015258789,80.44596862792969
2016-02-01,1800,83.0,83.2699966430664,83.44000244140625,82.44999694824219,82.16282653808594
2016-01-29,4400,81.63999938964844,83.5,83.5,81.63999938964844,82.3897705078125
2016-01-28,4600,81.30999755859375,80.88999938964844,81.41000366210938,80.69999694824219,79.8144760131836
2016-01-27,5000,80.5999984741211,80.44000244140625,81.70999908447266,80.37999725341797,79.3704605102539
2016-01-26,5300,79.33999633789062,81.06999969482422,81.06999969482422,79.33999633789062,79.99208068847656
2016-01-25,4300,80.33000183105469,78.93000030517578,80.33000183105469,78.93000030517578,77.88053894042969
2016-01-22,13900,80.30999755859375,80.69999694824219,80.69999694824219,79.91999816894531,79.62699890136719
2016-01-21,4100,78.45999908447266,78.86000061035156,79.87000274658203,78.45999908447266,77.81147003173828
2016-01-20,19400,77.95999908447266,78.5199966430664,79.26000213623047,76.29000091552734,77.47598266601562
2016-01-19,5100,80.63999938964844,79.4000015258789,80.63999938964844,78.80000305175781,78.34429168701172
2016-01-15,8100,79.30999755859375,79.83000183105469,80.0,78.47000122070312,78.76856994628906
2016-01-14,17300,80.48999786376953,81.51000213623047,81.69999694824219,79.8499984741211,80.42623138427734
2016-01-13,4200,82.69999694824219,80.18000030517578,82.72000122070312,80.0,79.1139144897461
2016-01-12,12100,83.12999725341797,82.38999938964844,83.13999938964844,81.30000305175781,81.2945327758789
2016-01-11,6500,82.79000091552734,82.36000061035156,82.80999755859375,81.66000366210938,81.26493072509766
2016-01-08,11300,84.22000122070312,82.9800033569336,84.22000122070312,82.9800033569336,81.87669372558594
2016-01-07,12900,84.3499984741211,83.66000366210938,84.91000366210938,83.6500015258789,82.54765319824219
2016-01-06,9800,86.27999877929688,85.87000274658203,86.5999984741211,85.86000061035156,84.72826385498047
2016-01-05,12600,87.98999786376953,87.51000213623047,87.98999786376953,86.9800033569336,86.3464584350586
2016-01-04,10900,87.04000091552734,87.55000305175781,87.55000305175781,86.68000030517578,86.38592529296875
2015-12-31,3200,89.08000183105469,88.41000366210938,89.4800033569336,88.41000366210938,87.23448944091797
2015-12-30,7500,90.16999816894531,89.30999755859375,90.16999816894531,89.30999755859375,88.12252044677734
2015-12-29,13900,89.66000366210938,90.0999984741211,90.41000366210938,89.5999984741211,88.90201568603516
2015-12-28,15400,89.56999969482422,89.3499984741211,89.56999969482422,88.61000061035156,88.1619873046875
2015-12-24,11200,89.91000366210938,90.16999816894531,90.16999816894531,89.5,88.97108459472656
2015-12-23,8400,88.80999755859375,89.88999938964844,89.88999938964844,88.80999755859375,88.69480895996094
2015-12-22,17100,87.81999969482422,88.18000030517578,88.54000091552734,87.12000274658203,87.0075454711914
2015-12-21,6600,87.2300033569336,87.30999755859375,87.30999755859375,86.69000244140625,86.14911651611328
2015-12-18,7700,87.30000305175781,86.69000244140625,87.30000305175781,86.69000244140625,85.53736114501953
2015-12-17,5300,89.19000244140625,88.41999816894531,89.19000244140625,88.25,87.24435424804688
2015-12-16,7800,89.66999816894531,90.79000091552734,90.80999755859375,89.66000366210938,88.13140106201172
2015-12-15,3300,89.26000213623047,89.61000061035156,89.88999938964844,89.26000213623047,86.98595428466797
2015-12-14,4700,89.4800033569336,88.58000183105469,89.4800033569336,88.11000061035156,85.98612213134766
2015-12-11,5500,89.98999786376953,89.27999877929688,90.12999725341797,89.26000213623047,86.66561889648438
2015-12-10,6800,90.63999938964844,90.97000122070312,91.23999786376953,90.41000366210938,88.30613708496094
2015-12-09,3000,91.37999725341797,90.79000091552734,91.81999969482422,90.41000366210938,88.13140106201172
2015-12-08,5500,91.56999969482422,91.62000274658203,91.7300033569336,91.1500015258789,88.93710327148438
2015-12-07,3800,92.83999633789062,92.43000030517578,92.88999938964844,92.13999938964844,89.72338104248047
2015-12-04,34200,92.88999938964844,93.75,93.75,92.75,91.00472259521484
2015-12-03,8400,93.58000183105469,92.73999786376953,93.58000183105469,92.55000305175781,90.02429962158203
2015-12-02,14100,95.37999725341797,94.12000274658203,95.37999725341797,94.12000274658203,91.3638916015625
2015-12-01,126400,95.05999755859375,95.22000122070312,95.22000122070312,94.87999725341797,92.43167877197266
2015-11-30,6500,95.18000030517578,94.70999908447266,95.18000030517578,94.70999908447266,91.93661499023438
2015-11-27,600,94.8499984741211,94.97000122070312,94.97000122070312,94.77999877929688,92.18900299072266
2015-11-25,800,94.7300033569336,94.81999969482422,94.91999816894531,94.7300033569336,92.04339599609375
2015-11-24,900,93.62000274658203,94.4800033569336,94.4800033569336,93.62000274658203,91.7133560180664
2015-11-23,2600,93.58999633789062,93.77999877929688,94.12000274658203,93.58999633789062,91.03385162353516
2015-11-20,7500,93.5,93.5999984741211,93.86000061035156,93.47000122070312,90.85912322998047
2015-11-19,2900,93.25,93.31999969482422,93.31999969482422,93.0199966430664,90.58731842041016
2015-11-18,600,92.19000244140625,92.08000183105469,92.19000244140625,92.08000183105469,89.38363647460938
2015-11-17,1800,92.16999816894531,92.01000213623047,92.16999816894531,91.9000015258789,89.31568145751953
2015-11-16,1900,90.9800033569336,91.05999755859375,91.37000274658203,90.9800033569336,88.39349365234375
2015-11-13,3800,91.62000274658203,91.06999969482422,91.62999725341797,91.06999969482422,88.40320587158203
2015-11-12,4200,93.30999755859375,91.93000030517578,93.30999755859375,91.93000030517578,89.23802185058594
2015-11-11,700,94.08000183105469,94.08000183105469,94.08000183105469,94.08000183105469,91.32506561279297
2015-11-10,1200,94.01000213623047,94.26000213623047,94.37000274658203,94.01000213623047,91.49979400634766
2015-11-09,3800,95.11000061035156,94.2699966430664,95.11000061035156,94.0,91.5094985961914
2015-11-06,3800,94.87000274658203,95.05000305175781,95.08999633789062,94.66000366210938,92.26665496826172
2015-11-05,3000,95.20999908447266,95.12999725341797,95.20999908447266,94.48999786376953,92.34431457519531
2015-11-04,3300,95.25,95.05000305175781,95.25,94.91999816894531,92.26665496826172
2015-11-03,1500,94.69999694824219,95.56999969482422,95.56999969482422,94.69999694824219,92.77143096923828
2015-11-02,2800,93.38999938964844,94.87000274658203,94.94999694824219,93.38999938964844,92.09193420410156
2015-10-30,1500,93.54000091552734,93.30000305175781,93.83000183105469,93.30000305175781,90.56790924072266
2015-10-29,6100,93.68000030517578,93.38999938964844,93.7300033569336,93.36000061035156,90.6552734375
2015-10-28,4300,92.30999755859375,93.3499984741211,93.66000366210938,92.30999755859375,90.61643981933594
2015-10-27,3100,92.62000274658203,91.63999938964844,92.62000274658203,91.48999786376953,88.95651245117188
2015-10-26,1700,93.26000213623047,92.91999816894531,93.26000213623047,92.87999725341797,90.19902801513672
2015-10-23,1000,93.33000183105469,93.30999755859375,93.48999786376953,93.30999755859375,90.5776138305664
2015-10-22,900,92.20999908447266,92.94999694824219,92.95999908447266,92.20999908447266,90.2281494140625
2015-10-21,2900,93.30000305175781,91.94999694824219,93.30999755859375,91.94999694824219,89.25743103027344
2015-10-20,4900,92.91000366210938,93.04000091552734,93.36000061035156,92.83000183105469,90.31552124023438
2015-10-19,2100,92.61000061035156,92.63999938964844,92.63999938964844,92.51000213623047,89.9272232055664
2015-10-16,2900,92.5999984741211,92.83000183105469,92.83999633789062,92.5999984741211,90.1116714477539
2015-10-15,2500,92.31999969482422,92.77999877929688,92.77999877929688,92.31999969482422,90.06312561035156
2015-10-14,4800,92.81999969482422,92.05999755859375,92.81999969482422,92.05000305175781,89.36421203613281
2015-10-13,3100,92.81999969482422,92.79000091552734,93.68000030517578,92.79000091552734,90.07283782958984
2015-10-12,1100,93.33999633789062,93.23999786376953,93.33999633789062,93.18000030517578,90.50965881347656
2015-10-09,1100,93.55000305175781,93.4800033569336,93.79000091552734,93.44000244140625,90.74263763427734
2015-10-08,14900,92.69000244140625,93.76000213623047,93.83000183105469,92.58999633789062,91.01443481445312
2015-10-07,6000,92.0,92.44999694824219,92.56999969482422,91.7300033569336,89.74279022216797
2015-10-06,6300,91.16999816894531,91.33999633789062,91.47000122070312,91.16999816894531,88.66529083251953
2015-10-05,1100,90.58000183105469,91.20999908447266,91.23999786376953,90.58000183105469,88.53910064697266
2015-10-02,2600,87.01000213623047,89.01000213623047,89.05000305175781,87.01000213623047,86.40352630615234
2015-10-01,2600,87.66999816894531,87.5199966430664,87.66999816894531,86.91999816894531,84.95716094970703
2015-09-30,2400,87.33000183105469,87.55999755859375,87.58999633789062,87.06999969482422,84.99598693847656
2015-09-29,5800,86.88999938964844,86.37000274658203,86.97000122070312,86.37000274658203,83.84083557128906
2015-09-28,4300,88.43000030517578,86.97000122070312,88.43000030517578,86.62000274658203,84.42327117919922
2015-09-25,600,89.45999908447266,88.69999694824219,89.45999908447266,88.69999694824219,86.10260772705078
2015-09-24,2800,88.38999938964844,88.80000305175781,89.11000061035156,88.0,86.19967651367188
2015-09-23,1500,89.62000274658203,88.9800033569336,89.66999816894531,88.95999908447266,86.3744125366211
2015-09-22,3600,89.44999694824219,89.29000091552734,89.88999938964844,88.9800033569336,86.67533111572266
2015-09-21,3700,90.5199966430664,90.58000183105469,91.44000244140625,90.5,87.92755126953125
2015-09-18,3100,90.83999633789062,90.11000061035156,90.9800033569336,90.02999877929688,87.4713134765625
2015-09-17,1600,92.08999633789062,91.76000213623047,92.98999786376953,91.76000213623047,89.072998046875
2015-09-16,900,91.27999877929688,92.22000122070312,92.22000122070312,91.27999877929688,89.51953125
2015-09-15,1300,90.66000366210938,91.01000213623047,91.01000213623047,90.66000366210938,88.34496307373047
2015-09-14,5800,90.77999877929688,90.06999969482422,90.77999877929688,89.95999908447266,87.43248748779297
2015-09-11,1300,89.58000183105469,90.30000305175781,90.30000305175781,89.4800033569336,87.65575408935547
2015-09-10,1300,90.01000213623047,90.77999877929688,90.91999816894531,90.01000213623047,88.12168884277344
2015-09-09,1400,91.83999633789062,91.16999816894531,91.87000274658203,91.16999816894531,88.50027465820312
2015-09-08,3200,90.41999816894531,91.12999725341797,91.12999725341797,90.12000274658203,88.46144104003906
2015-09-04,2600,89.29000091552734,89.05000305175781,89.30000305175781,88.94000244140625,86.4423599243164
2015-09-03,3800,89.66000366210938,90.23999786376953,90.63999938964844,89.66000366210938,87.59750366210938
2015-09-02,3800,89.44999694824219,89.58000183105469,89.62999725341797,88.41999816894531,86.95684051513672
2015-09-01,5900,90.62999725341797,88.5999984741211,90.62999725341797,88.47000122070312,86.00553131103516
2015-08-31,4300,91.30000305175781,91.44999694824219,91.7300033569336,90.72000122070312,88.77207946777344
2015-08-28,1900,91.08000183105469,91.37999725341797,91.56999969482422,90.94000244140625,88.7041244506836
2015-08-27,4000,89.47000122070312,90.16000366210938,91.1500015258789,89.45999908447266,87.51985168457031
2015-08-26,13200,87.56999969482422,88.47000122070312,88.56999969482422,86.6500015258789,85.87934112548828
2015-08-25,12900,88.33999633789062,86.37000274658203,90.29000091552734,86.37000274658203,83.84083557128906
2015-08-24,50800,86.12999725341797,87.37999725341797,87.37999725341797,53.689998626708984,84.82125854492188
2015-08-21,8400,92.33000183105469,90.93000030517578,92.45999908447266,90.93000030517578,88.26730346679688
2015-08-20,4400,93.9800033569336,93.23999786376953,94.36000061035156,93.23999786376953,90.50965881347656
2015-08-19,1100,95.91000366210938,95.18000030517578,95.91000366210938,94.79000091552734,92.39285278320312
2015-08-18,2100,96.51000213623047,96.19000244140625,96.51000213623047,96.05999755859375,93.37328338623047
2015-08-17,2700,95.5,96.66000366210938,96.66000366210938,95.5,93.82951354980469
2015-08-14,1900,95.25,95.87999725341797,95.87999725341797,95.25,93.07234954833984
2015-08-13,1000,95.51000213623047,95.43000030517578,95.51000213623047,95.43000030517578,92.63552856445312
2015-08-12,2200,95.33000183105469,95.2699966430664,95.33000183105469,94.72000122070312,92.48020935058594
2015-08-11,3400,96.0999984741211,95.75,96.16999816894531,95.4000015258789,92.94615936279297
2015-08-10,4900,96.04000091552734,96.69999694824219,96.69999694824219,96.01000213623047,93.86833953857422
2015-08-07,2700,95.02999877929688,94.9000015258789,95.27999877929688,94.79000091552734,92.12105560302734
2015-08-06,2700,95.5999984741211,95.08000183105469,95.5999984741211,95.08000183105469,92.29578399658203
2015-08-05,9200,95.72000122070312,95.66999816894531,96.51000213623047,95.43000030517578,92.86849975585938
2015-08-04,2900,95.45999908447266,95.16999816894531,95.87999725341797,95.16999816894531,92.38314819335938
2015-08-03,2500,95.83000183105469,95.0999984741211,95.83000183105469,95.0,92.31519317626953
2015-07-31,1600,96.01000213623047,95.91999816894531,96.12999725341797,95.91000366210938,93.1111831665039
2015-07-30,1400,95.81999969482422,95.77999877929688,95.8499984741211,95.77999877929688,92.97528076171875
2015-07-29,2600,94.80000305175781,95.79000091552734,95.79000091552734,94.5,92.98499298095703
2015-07-28,4500,93.91999816894531,94.5199966430664,94.5999984741211,93.83000183105469,91.7521743774414
2015-07-27,5300,94.08000183105469,93.4800033569336,94.08000183105469,93.41999816894531,90.74263763427734
2015-07-24,3700,95.62000274658203,94.5199966430664,95.62000274658203,94.44999694824219,91.7521743774414
2015-07-23,2200,96.18000030517578,95.7300033569336,96.36000061035156,95.33999633789062,92.92675018310547
2015-07-22,1500,96.16000366210938,96.19999694824219,96.19999694824219,96.01000213623047,93.38298034667969
2015-07-21,6900,96.91000366210938,96.02999877929688,96.94999694824219,96.0,93.21795654296875
2015-07-20,2900,97.30000305175781,96.76000213623047,97.30000305175781,96.66999816894531,93.92658996582031
2015-07-17,4900,98.01000213623047,97.05999755859375,98.01000213623047,96.9800033569336,94.2177963256836
2015-07-16,2000,98.5,97.93000030517578,98.5,97.91000366210938,95.06232452392578
2015-07-15,2700,98.41000366210938,97.95999908447266,98.41000366210938,97.95999908447266,95.09144592285156
2015-07-14,1200,98.05000305175781,98.55000305175781,98.55000305175781,98.05000305175781,95.66417694091797
2015-07-13,3700,98.18000030517578,98.08000183105469,98.18000030517578,97.80999755859375,95.20793914794922
2015-07-10,2300,97.80000305175781,97.25,97.80000305175781,97.19999694824219,94.40223693847656
2015-07-09,2500,97.12999725341797,96.69999694824219,97.43000030517578,96.36000061035156,93.86833953857422
2015-07-08,1600,96.66000366210938,96.16999816894531,96.66000366210938,95.93000030517578,93.3538589477539
2015-07-07,3200,97.25,96.95999908447266,97.25,95.94999694824219,94.1207275390625
2015-07-06,2600,97.2699966430664,97.2699966430664,97.73999786376953,96.76000213623047,94.42164611816406
2015-07-02,3700,98.11000061035156,98.01000213623047,98.3499984741211,97.80999755859375,95.13998413085938
2015-07-01,3300,98.66000366210938,97.98999786376953,98.66000366210938,97.94999694824219,95.12056732177734
2015-06-30,7400,98.79000091552734,97.94000244140625,98.79000091552734,97.9000015258789,95.07203674316406
2015-06-29,7000,99.19999694824219,98.06999969482422,99.52999877929688,98.06999969482422,95.19822692871094
2015-06-26,1100,100.41000366210938,100.16999816894531,100.41000366210938,100.0199966430664,97.23672485351562
2015-06-25,900,100.37999725341797,99.95999908447266,100.37999725341797,99.87999725341797,97.03287506103516
2015-06-24,1800,101.2699966430664,100.44999694824219,101.2699966430664,100.44999694824219,97.50852966308594
2015-06-23,1900,101.25,101.31999969482422,101.37000274658203,101.04000091552734,98.3530502319336
2015-06-22,2700,101.19999694824219,101.05999755859375,101.19999694824219,100.88999938964844,98.10066223144531
2015-06-19,4200,100.88999938964844,100.66999816894531,100.95999908447266,100.66999816894531,97.72209167480469
2015-06-18,2600,100.5,100.9800033569336,100.9800033569336,100.5,98.02301025390625
2015-06-17,2500,100.88999938964844,100.26000213623047,100.88999938964844,100.05000305175781,97.3240966796875
2015-06-16,1700,99.91000366210938,100.4800033569336,100.4800033569336,99.91000366210938,97.53765869140625
2015-06-15,900,99.36000061035156,99.75,99.75,99.36000061035156,96.82902526855469
2015-06-12,5400,100.33000183105469,100.37999725341797,100.45999908447266,100.25,97.4405746459961
2015-06-11,2500,100.72000122070312,100.83000183105469,100.91000366210938,100.72000122070312,97.87741088867188
2015-06-10,2400,100.01000213623047,100.5199966430664,100.69000244140625,100.01000213623047,97.57647705078125
2015-06-09,5300,99.0199966430664,99.1500015258789,99.55999755859375,99.0199966430664,96.24659729003906
2015-06-08,4700,99.87999725341797,99.44999694824219,99.87999725341797,99.26000213623047,96.53781127929688
2015-06-05,10300,99.6500015258789,99.83000183105469,99.93000030517578,99.44999694824219,96.90668487548828
2015-06-04,2100,100.0999984741211,99.4800033569336,100.0999984741211,99.44999694824219,96.56694030761719
2015-06-03,3100,100.76000213623047,100.48999786376953,100.76000213623047,100.4000015258789,97.54736328125
2015-06-02,1800,99.5999984741211,99.8499984741211,99.94000244140625,99.41999816894531,96.92610168457031
2015-06-01,1900,100.05999755859375,99.58999633789062,100.05999755859375,99.19999694824219,96.67371368408203
2015-05-29,10000,100.26000213623047,99.72000122070312,100.26000213623047,99.72000122070312,96.79991149902344
2015-05-28,900,99.98999786376953,99.94999694824219,99.98999786376953,99.94999694824219,97.0231704711914
2015-05-27,11100,100.04000091552734,100.5,100.5,99.7300033569336,97.55706787109375
2015-05-26,4500,100.33999633789062,99.51000213623047,100.33999633789062,99.51000213623047,96.59606170654297
2015-05-22,3400,100.80000305175781,101.04000091552734,101.05000305175781,100.80000305175781,98.08126068115234
2015-05-21,2500,101.22000122070312,101.0199966430664,101.22000122070312,101.0199966430664,98.06183624267578
2015-05-20,2700,100.7300033569336,101.02999877929688,101.02999877929688,100.7300033569336,98.07154846191406
2015-05-19,6300,101.43000030517578,100.87999725341797,101.43000030517578,100.61000061035156,97.92594146728516
2015-05-18,4800,100.22000122070312,101.16999816894531,101.2300033569336,100.22000122070312,98.20745086669922
2015-05-15,7300,100.38999938964844,100.30000305175781,100.38999938964844,100.13999938964844,97.36292266845703
2015-05-14,8300,100.29000091552734,100.4800033569336,100.5,99.95999908447266,97.53765869140625
2015-05-13,2500,99.83999633789062,99.62000274658203,99.86000061035156,99.62000274658203,96.70283508300781
2015-05-12,3400,99.4800033569336,99.47000122070312,99.5,98.62999725341797,96.5572280883789
2015-05-11,1000,99.47000122070312,99.66000366210938,99.7699966430664,99.41999816894531,96.74166870117188
2015-05-08,900,99.16999816894531,99.4800033569336,99.4800033569336,99.16999816894531,96.56694030761719
2015-05-07,1500,98.47000122070312,98.5199966430664,98.70999908447266,98.47000122070312,95.63504028320312
2015-05-06,5300,98.58000183105469,98.54000091552734,98.58000183105469,98.02999877929688,95.65446472167969
2015-05-05,4800,99.93000030517578,98.5,99.93000030517578,98.44999694824219,95.61563110351562
2015-05-04,4000,99.80999755859375,99.80999755859375,100.0,99.63999938964844,96.88726806640625
2015-05-01,5600,99.12999725341797,99.33000183105469,99.44999694824219,98.80000305175781,96.42132568359375
2015-04-30,4600,99.12000274658203,98.77999877929688,99.41999816894531,98.7300033569336,95.8874282836914
2015-04-29,4000,99.8499984741211,99.80999755859375,100.1500015258789,99.55000305175781,96.88726806640625
2015-04-28,9500,99.44000244140625,100.08000183105469,100.08000183105469,99.08000183105469,97.14936065673828
2015-04-27,5100,100.51000213623047,99.4000015258789,100.51000213623047,99.4000015258789,96.4892807006836
2015-04-24,3800,100.2300033569336,99.9800033569336,100.2300033569336,99.94000244140625,97.05229949951172
2015-04-23,9400,99.97000122070312,100.48999786376953,100.69000244140625,99.93000030517578,97.54736328125
2015-04-22,3400,99.87999725341797,99.97000122070312,99.97000122070312,99.0999984741211,97.04258728027344
2015-04-21,4200,100.11000061035156,99.69999694824219,100.3499984741211,99.62999725341797,96.78048706054688
2015-04-20,5400,99.69000244140625,99.94000244140625,100.13999938964844,99.69000244140625,97.01347351074219
2015-04-17,8300,100.0999984741211,99.11000061035156,100.0999984741211,98.83999633789062,96.20777130126953
2015-04-16,10700,100.36000061035156,100.58999633789062,100.70999908447266,100.27999877929688,97.64442443847656
2015-04-15,4200,100.73999786376953,100.91999816894531,101.27999877929688,100.73999786376953,97.96476745605469
2015-04-14,2100,100.04000091552734,100.12999725341797,100.1500015258789,99.51000213623047,97.1978988647461
2015-04-13,9600,100.22000122070312,99.94000244140625,100.30999755859375,99.91000366210938,97.01347351074219
2015-04-10,9200,100.18000030517578,100.12999725341797,100.20999908447266,99.95999908447266,97.1978988647461
2015-04-09,1100,99.73999786376953,99.68000030517578,99.86000061035156,99.6500015258789,96.76107788085938
2015-04-08,29200,99.69000244140625,99.6500015258789,99.91000366210938,99.30999755859375,96.73196411132812
2015-04-07,3100,100.16000366210938,99.73999786376953,100.33999633789062,99.70999908447266,96.81932067871094
2015-04-06,3700,99.05999755859375,100.2699966430664,100.2699966430664,99.05999755859375,97.33380126953125
2015-04-02,5900,99.70999908447266,99.33000183105469,99.70999908447266,99.12000274658203,96.42132568359375
2015-04-01,3800,99.22000122070312,98.75,99.22000122070312,98.51000213623047,95.85831451416016
2015-03-31,8300,98.98999786376953,99.16999816894531,99.25,98.83000183105469,96.2660140991211
2015-03-30,3200,98.43000030517578,99.4800033569336,99.58000183105469,98.43000030517578,96.56694030761719
2015-03-27,8300,97.8499984741211,97.94000244140625,97.9800033569336,97.61000061035156,95.07203674316406
2015-03-26,7100,97.81999969482422,97.80000305175781,98.02999877929688,97.66000366210938,94.9361343383789
2015-03-25,7700,99.93000030517578,98.19999694824219,99.93000030517578,98.16999816894531,95.32441711425781
2015-03-24,3900,99.81999969482422,99.76000213623047,99.81999969482422,99.56999969482422,96.83873748779297
2015-03-23,12600,99.93000030517578,100.0,100.30000305175781,99.93000030517578,97.07170867919922
2015-03-20,19500,99.16999816894531,100.05999755859375,100.05999755859375,99.1500015258789,97.12995147705078
2015-03-19,5900,98.80999755859375,98.98999786376953,99.02999877929688,98.62999725341797,96.09127807617188
2015-03-18,4000,98.06999969482422,99.41999816894531,99.68000030517578,98.06999969482422,96.5086898803711
2015-03-17,21800,97.8499984741211,98.3499984741211,98.3499984741211,97.7300033569336,95.47002410888672
2015-03-16,7000,97.75,98.08999633789062,98.13999938964844,97.55000305175781,95.21763610839844
2015-03-13,3400,97.1500015258789,97.23999786376953,97.37000274658203,96.66999816894531,94.39253234863281
2015-03-12,2600,97.5,98.0199966430664,98.0199966430664,97.44000244140625,95.1496810913086
2015-03-11,4200,96.02999877929688,96.80999755859375,96.87000274658203,96.0199966430664,93.9751205444336
2015-03-10,8400,96.9800033569336,96.26000213623047,96.9800033569336,96.26000213623047,93.44123077392578
2015-03-09,5300,97.83000183105469,97.62999725341797,97.83999633789062,97.62000274658203,94.77110290527344
2015-03-06,3600,98.54000091552734,97.45999908447266,98.54000091552734,97.44999694824219,94.60608673095703
2015-03-05,9100,98.94000244140625,98.55000305175781,98.94000244140625,98.2699966430664,95.66417694091797
2015-03-04,2500,98.5199966430664,98.66000366210938,98.66000366210938,98.33000183105469,95.77095031738281
2015-03-03,4000,99.43000030517578,99.01000213623047,99.43000030517578,98.80000305175781,96.11070251464844
2015-03-02,1500,98.86000061035156,99.12999725341797,99.31999969482422,98.86000061035156,96.22718048095703
2015-02-27,4000,99.5999984741211,99.04000091552734,99.5999984741211,99.04000091552734,96.13982391357422
2015-02-26,2100,99.98999786376953,99.41999816894531,99.98999786376953,99.41999816894531,96.5086898803711
2015-02-25,12300,99.66000366210938,99.76000213623047,99.98999786376953,99.58000183105469,96.83873748779297
2015-02-24,3100,99.44999694824219,99.83999633789062,99.83999633789062,99.25,96.91638946533203
2015-02-23,8800,99.73999786376953,99.26000213623047,99.73999786376953,99.0,96.35337829589844
2015-02-20,5100,99.2699966430664,99.79000091552734,99.79000091552734,98.45999908447266,96.86785888671875
2015-02-19,5000,98.95999908447266,99.1500015258789,99.36000061035156,98.68000030517578,96.24659729003906
2015-02-18,3300,99.08999633789062,99.16999816894531,99.22000122070312,99.04000091552734,96.2660140991211
2015-02-17,20600,99.19000244140625,98.97000122070312,99.22000122070312,98.62000274658203,96.0718765258789
2015-02-13,13900,98.66999816894531,98.98999786376953,98.98999786376953,98.4800033569336,96.09127807617188
2015-02-12,3900,98.02999877929688,98.41999816894531,98.44999694824219,98.0,95.53797912597656
2015-02-11,2100,97.52999877929688,97.5999984741211,97.5999984741211,97.05999755859375,94.74198150634766
2015-02-10,2300,97.62000274658203,97.54000091552734,97.62000274658203,96.62999725341797,94.68374633789062
2015-02-09,4500,96.88999938964844,96.81999969482422,97.51000213623047,96.81999969482422,93.98483276367188
2015-02-06,9400,97.48999786376953,97.18000030517578,97.88999938964844,97.18000030517578,94.33428955078125
2015-02-05,5500,96.7300033569336,97.30999755859375,97.36000061035156,96.41000366210938,94.46047973632812
2015-02-04,5500,96.33999633789062,96.11000061035156,96.69000244140625,96.11000061035156,93.29561614990234
2015-02-03,7200,95.12000274658203,96.52999877929688,96.52999877929688,95.12000274658203,93.70331573486328
2015-02-02,7100,94.11000061035156,93.43000030517578,94.11000061035156,92.97000122070312,90.69409942626953
2015-01-30,4000,93.86000061035156,93.66000366210938,94.30000305175781,93.6500015258789,90.91736602783203
2015-01-29,4200,94.33999633789062,94.62999725341797,94.62999725341797,93.36000061035156,91.85895538330078
2015-01-28,3100,96.18000030517578,94.0999984741211,96.18000030517578,94.0,91.34447479248047
2015-01-27,4500,94.83999633789062,95.66000366210938,95.75,94.75,92.85880279541016
2015-01-26,5500,95.04000091552734,96.05999755859375,96.06999969482422,94.75,93.24708557128906
2015-01-23,6700,95.75,94.88999938964844,95.75,94.87999725341797,92.11134338378906
2015-01-22,4200,94.5999984741211,95.51000213623047,95.51000213623047,94.58999633789062,92.71319580078125
2015-01-21,3100,93.30000305175781,93.62000274658203,93.63999938964844,93.30000305175781,90.87853240966797
2015-01-20,17800,93.7699966430664,92.9800033569336,93.7699966430664,92.33000183105469,90.25727844238281
2015-01-16,7600,91.88999938964844,93.4800033569336,93.48999786376953,91.80999755859375,90.74263763427734
2015-01-15,3600,92.6500015258789,92.37999725341797,92.66999816894531,92.2699966430664,89.67484283447266
2015-01-14,9500,92.72000122070312,93.31999969482422,93.31999969482422,92.02999877929688,90.58731842041016
2015-01-13,1800,94.52999877929688,93.6500015258789,95.16999816894531,92.9800033569336,90.90766143798828
2015-01-12,5200,94.91999816894531,93.95999908447266,94.91999816894531,93.47000122070312,91.20857238769531
2015-01-09,17400,95.63999938964844,94.68000030517578,95.63999938964844,94.6500015258789,91.9074935913086
2015-01-08,4000,95.18000030517578,95.69999694824219,95.72000122070312,94.83999633789062,92.89762115478516
2015-01-07,5100,94.19000244140625,93.95999908447266,94.19000244140625,93.72000122070312,91.20857238769531
2015-01-06,4300,94.68000030517578,93.19999694824219,94.68000030517578,92.80000305175781,90.4708251953125
2015-01-05,8300,95.73999786376953,94.30000305175781,95.73999786376953,94.1500015258789,91.53861999511719
2015-01-02,2400,96.5,96.33999633789062,96.5,95.66000366210938,93.51888275146484
2014-12-31,2700,97.5999984741211,96.61000061035156,97.70999908447266,96.58000183105469,93.7809829711914
2014-12-30,4000,97.94999694824219,97.69000244140625,97.94999694824219,97.68000030517578,94.82935333251953
2014-12-29,8500,97.12999725341797,97.9000015258789,98.16999816894531,97.12999725341797,95.033203125
2014-12-26,4400,97.36000061035156,97.37999725341797,97.63999938964844,97.33000183105469,94.52842712402344
2014-12-24,1800,96.72000122070312,96.97000122070312,96.97000122070312,96.68000030517578,94.13043975830078
2014-12-23,24000,96.44999694824219,96.87999725341797,97.13999938964844,96.44999694824219,94.0430679321289
2014-12-22,6800,95.83000183105469,95.94999694824219,96.06999969482422,95.83000183105469,93.14029693603516
2014-12-19,10700,97.33000183105469,97.31999969482422,97.5199966430664,96.80000305175781,93.09468078613281
2014-12-18,5200,96.88999938964844,96.66999816894531,96.88999938964844,96.27999877929688,92.47289276123047
2014-12-17,4000,93.93000030517578,95.44000244140625,95.44000244140625,93.63999938964844,91.29630279541016
2014-12-16,6400,93.04000091552734,93.87000274658203,94.05999755859375,93.04000091552734,89.79447174072266
2014-12-15,12300,94.4800033569336,93.66999816894531,94.66000366210938,93.38999938964844,89.6031494140625
2014-12-12,3900,94.86000061035156,94.23999786376953,94.91000366210938,94.23999786376953,90.14840698242188
2014-12-11,3100,95.62999725341797,95.63999938964844,96.33999633789062,95.62999725341797,91.48761749267578
2014-12-10,4400,96.4800033569336,95.08000183105469,96.4800033569336,95.08000183105469,90.95194244384766
2014-12-09,5100,95.26000213623047,96.75,96.75,95.26000213623047,92.54942321777344
2014-12-08,2200,96.73999786376953,95.97000122070312,97.05000305175781,95.97000122070312,91.80329895019531
2014-12-05,3600,96.87000274658203,96.76000213623047,96.87000274658203,96.62999725341797,92.55899047851562
2014-12-04,2500,96.9000015258789,96.68000030517578,96.93000030517578,96.44999694824219,92.48246765136719
2014-12-03,3400,96.13999938964844,96.94000244140625,97.0,96.13999938964844,92.73118591308594
2014-12-02,3300,95.52999877929688,96.05999755859375,96.16000366210938,95.52999877929688,91.88938903808594
2014-12-01,2800,96.33999633789062,95.5999984741211,96.33999633789062,95.5999984741211,91.44934844970703
2014-11-28,1800,97.18000030517578,96.44999694824219,97.18000030517578,96.44999694824219,92.262451171875
2014-11-26,5200,97.18000030517578,97.29000091552734,97.31999969482422,97.16999816894531,93.06597900390625
2014-11-25,2800,97.48999786376953,97.29000091552734,97.48999786376953,97.02999877929688,93.06597900390625
2014-11-24,1800,97.04000091552734,97.06999969482422,97.06999969482422,96.8499984741211,92.85552978515625
2014-11-21,5100,97.23999786376953,96.76000213623047,97.27999877929688,96.69999694824219,92.55899047851562
2014-11-20,1600,95.72000122070312,96.18000030517578,96.2300033569336,95.72000122070312,92.0041732788086
2014-11-19,2100,96.05999755859375,95.75,96.05999755859375,95.5,91.59284973144531
2014-11-18,7700,95.75,96.18000030517578,96.37999725341797,95.75,92.0041732788086
2014-11-17,1900,95.52999877929688,95.72000122070312,95.8499984741211,95.52999877929688,91.56414794921875
2014-11-14,12300,95.80999755859375,95.73999786376953,96.05000305175781,95.69000244140625,91.5832748413086
2014-11-13,5800,96.33999633789062,95.73999786376953,96.48999786376953,95.68000030517578,91.5832748413086
2014-11-12,2200,95.69000244140625,96.31999969482422,96.31999969482422,95.69000244140625,92.13809967041016
2014-11-11,3400,96.12000274658203,95.97000122070312,96.13999938964844,95.97000122070312,91.80329895019531
2014-11-10,1600,95.94999694824219,96.11000061035156,96.37999725341797,95.94999694824219,91.93721008300781
2014-11-07,3100,95.76000213623047,95.93000030517578,96.12999725341797,95.76000213623047,91.76502990722656
2014-11-06,2800,95.1500015258789,95.69000244140625,95.80000305175781,95.1500015258789,91.53544616699219
2014-11-05,2900,95.54000091552734,95.29000091552734,95.54000091552734,94.98999786376953,91.15281677246094
2014-11-04,3700,95.19999694824219,94.91999816894531,95.19999694824219,94.55000305175781,90.79888153076172
2014-11-03,2900,95.45999908447266,95.29000091552734,95.52999877929688,95.18000030517578,91.15281677246094
2014-10-31,5800,95.02999877929688,95.30000305175781,95.33000183105469,94.63999938964844,91.16239166259766
2014-10-30,5300,93.55000305175781,93.73999786376953,94.18000030517578,93.55000305175781,89.67011260986328
2014-10-29,3100,94.12000274658203,93.7699966430664,94.12999725341797,93.31999969482422,89.69880676269531
2014-10-28,4100,92.69999694824219,93.86000061035156,93.9000015258789,92.69999694824219,89.78490447998047
2014-10-27,4900,92.20999908447266,92.36000061035156,92.36000061035156,91.95999908447266,88.35002899169922
2014-10-24,2700,92.20999908447266,92.47000122070312,92.47000122070312,92.02999877929688,88.45525360107422
2014-10-23,4900,92.01000213623047,92.1500015258789,92.55999755859375,91.98999786376953,88.1491470336914
2014-10-22,6900,92.19000244140625,91.01000213623047,92.36000061035156,91.0,87.05863952636719
2014-10-21,4700,90.47000122070312,91.7699966430664,91.83000183105469,90.44000244140625,87.78563690185547
2014-10-20,8500,88.58999633789062,89.7699966430664,89.79000091552734,88.58999633789062,85.87246704101562
2014-10-17,8000,89.18000030517578,88.80000305175781,89.18000030517578,88.5199966430664,84.94459533691406
2014-10-16,13100,85.86000061035156,88.2699966430664,88.30000305175781,85.86000061035156,84.4375991821289
2014-10-15,39200,86.19000244140625,87.52999877929688,87.9000015258789,85.4000015258789,83.72972869873047
2014-10-14,7900,87.25,87.55999755859375,88.20999908447266,87.25,83.75843048095703
2014-10-13,21100,87.45999908447266,86.75,88.06999969482422,86.69000244140625,82.98359680175781
2014-10-10,7100,89.08000183105469,87.58000183105469,89.0999984741211,87.58000183105469,83.77755737304688
2014-10-09,7000,90.47000122070312,89.0,90.47000122070312,88.94999694824219,85.13591003417969
2014-10-08,69700,89.69999694824219,90.45999908447266,90.70999908447266,89.13999938964844,86.53251647949219
2014-10-07,4000,90.41000366210938,89.68000030517578,90.51000213623047,89.68000030517578,85.78638458251953
2014-10-06,3200,91.63999938964844,91.0999984741211,91.63999938964844,90.66999816894531,87.14472961425781
2014-10-03,4300,91.25,91.16999816894531,91.45999908447266,91.02999877929688,87.2116928100586
2014-10-02,22900,90.30000305175781,90.62999725341797,90.80000305175781,89.43000030517578,86.69513702392578
2014-10-01,46200,91.37000274658203,90.4800033569336,91.47000122070312,90.20999908447266,86.5516586303711
2014-09-30,15700,92.56999969482422,91.7300033569336,92.56999969482422,91.55000305175781,87.74738311767578
2014-09-29,15600,91.94000244140625,92.41999816894531,92.58000183105469,91.79000091552734,88.40742492675781
2014-09-26,4100,92.27999877929688,92.70999908447266,92.70999908447266,92.1500015258789,88.68482971191406
2014-09-25,9600,92.87000274658203,92.08999633789062,92.87000274658203,91.9000015258789,88.09174346923828
2014-09-24,12200,93.0199966430664,93.2300033569336,93.31999969482422,92.55999755859375,89.18225860595703
2014-09-23,9700,93.5,93.23999786376953,93.73999786376953,93.1500015258789,89.19181060791016
2014-09-22,8400,94.66999816894531,93.76000213623047,94.81999969482422,93.76000213623047,89.68924713134766
2014-09-19,4300,96.19999694824219,95.08999633789062,96.19999694824219,94.9000015258789,90.96150207519531
2014-09-18,8000,95.87999725341797,95.62000274658203,95.87999725341797,95.54000091552734,91.46849060058594
2014-09-17,6900,95.63999938964844,95.5199966430664,95.86000061035156,95.41000366210938,91.3728256225586
2014-09-16,6400,95.48999786376953,95.51000213623047,95.69000244140625,95.05999755859375,91.36326599121094
2014-09-15,4600,95.29000091552734,94.98999786376953,95.29000091552734,94.87999725341797,90.8658447265625
2014-09-12,1100,95.80999755859375,95.36000061035156,95.93000030517578,95.29000091552734,91.21977996826172
2014-09-11,5700,95.87000274658203,96.4000015258789,96.41000366210938,95.87000274658203,92.2146224975586
2014-09-10,4300,95.80000305175781,95.87999725341797,95.9000015258789,95.41999816894531,91.71720123291016
2014-09-09,6200,96.4000015258789,95.93000030517578,96.41000366210938,95.93000030517578,91.76502990722656
2014-09-08,5800,96.80000305175781,96.68000030517578,96.91000366210938,96.30999755859375,92.48246765136719
2014-09-05,3000,96.2699966430664,96.79000091552734,96.79000091552734,96.19000244140625,92.58768463134766
2014-09-04,9800,96.83000183105469,96.44999694824219,97.20999908447266,96.33000183105469,92.262451171875
2014-09-03,4300,97.33000183105469,96.76000213623047,97.33000183105469,96.72000122070312,92.55899047851562
2014-09-02,5100,97.06999969482422,96.94999694824219,97.2699966430664,96.66999816894531,92.7407455444336
2014-08-29,3000,96.4800033569336,96.75,96.77999877929688,96.33999633789062,92.54942321777344
2014-08-28,5400,96.23999786376953,96.4000015258789,96.41999816894531,95.94999694824219,92.2146224975586
2014-08-27,2300,96.47000122070312,96.52999877929688,96.54000091552734,96.43000030517578,92.33897399902344
2014-08-26,19400,96.5199966430664,96.5199966430664,96.66999816894531,96.4000015258789,92.32941436767578
2014-08-25,5800,96.3499984741211,96.19000244140625,96.3499984741211,96.0,92.01374816894531
2014-08-22,3900,96.04000091552734,95.93000030517578,96.12999725341797,95.81999969482422,91.76502990722656
2014-08-21,4700,95.98999786376953,96.04000091552734,96.04000091552734,95.73999786376953,91.87025451660156
2014-08-20,7900,95.54000091552734,95.94000244140625,95.94000244140625,95.41999816894531,91.77459716796875
2014-08-19,8200,95.33000183105469,95.51000213623047,95.55000305175781,95.33000183105469,91.36326599121094
2014-08-18,4500,94.37999725341797,94.95999908447266,94.95999908447266,94.33999633789062,90.83714294433594
2014-08-15,12900,94.31999969482422,93.9000015258789,94.33999633789062,93.51000213623047,89.82316589355469
2014-08-14,3200,93.94999694824219,93.91000366210938,94.0,93.9000015258789,89.83272552490234
2014-08-13,3400,93.41000366210938,93.6500015258789,93.70999908447266,93.37999725341797,89.58403015136719
2014-08-12,2300,92.80000305175781,92.83999633789062,93.08999633789062,92.52999877929688,88.8091812133789
2014-08-11,14500,93.31999969482422,93.01000213623047,93.41000366210938,92.91000366210938,88.97180938720703
2014-08-08,3200,92.19000244140625,92.66999816894531,92.69000244140625,92.1500015258789,88.64656829833984
2014-08-07,3300,92.33000183105469,91.62000274658203,92.33999633789062,91.62000274658203,87.64215850830078
2014-08-06,8900,91.25,92.12000274658203,92.2699966430664,91.25,88.12045288085938
2014-08-05,3600,92.13999938964844,91.8499984741211,92.33000183105469,91.56999969482422,87.86216735839844
2014-08-04,4400,92.08000183105469,92.31999969482422,92.31999969482422,91.44999694824219,88.311767578125
2014-08-01,5600,91.83999633789062,91.80000305175781,92.1500015258789,91.5,87.81433868408203
2014-07-31,19600,93.04000091552734,91.98999786376953,93.1500015258789,91.95999908447266,87.99608612060547
2014-07-30,3400,94.05000305175781,93.77999877929688,94.06999969482422,93.55999755859375,89.7083740234375
2014-07-29,3600,94.56999969482422,93.80000305175781,94.56999969482422,93.80000305175781,89.72750854492188
2014-07-28,6900,93.86000061035156,94.26000213623047,94.33000183105469,93.86000061035156,90.16753387451172
2014-07-25,11800,94.56999969482422,94.2699966430664,94.72000122070312,94.26000213623047,90.1771011352539
2014-07-24,2500,94.87000274658203,95.0199966430664,95.08000183105469,94.87000274658203,90.89453125
2014-07-23,3100,95.05999755859375,94.98999786376953,95.08000183105469,94.73999786376953,90.8658447265625
2014-07-22,2600,95.16999816894531,95.12999725341797,95.2300033569336,95.05000305175781,90.99976348876953
2014-07-21,8700,94.79000091552734,94.70999908447266,94.80000305175781,94.33999633789062,90.5979995727539
2014-07-18,5200,93.97000122070312,94.87999725341797,95.04000091552734,93.97000122070312,90.7606201171875
2014-07-17,7500,94.58000183105469,93.94999694824219,94.93000030517578,93.83999633789062,89.8709945678711
2014-07-16,11800,95.5,94.87999725341797,95.5,94.5999984741211,90.7606201171875
2014-07-15,4100,95.62999725341797,95.12000274658203,95.62999725341797,94.70999908447266,90.99020385742188
2014-07-14,5400,95.51000213623047,95.23999786376953,95.5199966430664,95.23999786376953,91.10498046875
2014-07-11,15700,94.94000244140625,94.95999908447266,95.22000122070312,94.7300033569336,90.83714294433594
2014-07-10,20700,94.41000366210938,95.37999725341797,95.52999877929688,94.1500015258789,91.23890686035156
2014-07-09,9200,95.47000122070312,95.55000305175781,95.76000213623047,95.31999969482422,91.40153503417969
2014-07-08,12900,96.05000305175781,95.41000366210938,96.05000305175781,95.12000274658203,91.26760864257812
2014-07-07,20700,96.86000061035156,95.97000122070312,96.86000061035156,95.94999694824219,91.80329895019531
2014-07-03,13500,96.79000091552734,96.73999786376953,96.80000305175781,96.56999969482422,92.53985595703125
2014-07-02,7000,96.83999633789062,96.27999877929688,96.87000274658203,96.27999877929688,92.0998306274414
2014-07-01,8400,96.41000366210938,96.8499984741211,97.25,96.41000366210938,92.64508819580078
2014-06-30,17000,95.77999877929688,96.27999877929688,96.27999877929688,95.5999984741211,92.0998306274414
2014-06-27,6300,94.91000366210938,95.68000030517578,95.68000030517578,94.91000366210938,91.52588653564453
2014-06-26,8900,95.5199966430664,95.23999786376953,95.5199966430664,94.94999694824219,91.10498046875
2014-06-25,9100,94.69999694824219,95.33999633789062,95.36000061035156,94.69999694824219,91.20064544677734
2014-06-24,4400,95.63999938964844,95.0199966430664,95.94999694824219,94.97000122070312,90.89453125
2014-06-23,12800,95.91000366210938,95.61000061035156,96.0,95.4800033569336,91.45892333984375
2014-06-20,1900,95.70999908447266,95.55000305175781,95.70999908447266,95.55000305175781,91.40153503417969
2014-06-19,11300,95.55999755859375,95.48999786376953,95.58000183105469,95.1500015258789,91.34413146972656
2014-06-18,2800,94.7699966430664,95.11000061035156,95.12000274658203,94.7699966430664,90.98062896728516
2014-06-17,3700,94.05000305175781,94.83999633789062,95.29000091552734,94.05000305175781,90.72234344482422
2014-06-16,16800,94.25,94.05000305175781,94.25,93.86000061035156,89.96665954589844
2014-06-13,1900,94.0,94.0999984741211,94.16999816894531,93.94999694824219,90.01448059082031
2014-06-12,6400,94.01000213623047,93.76000213623047,94.0199966430664,93.7300033569336,89.68924713134766
2014-06-11,3000,94.16000366210938,94.0199966430664,94.31999969482422,94.0199966430664,89.93795776367188
2014-06-10,5000,94.56999969482422,94.5,94.56999969482422,94.41000366210938,90.3971176147461
2014-06-09,3600,94.87000274658203,94.69000244140625,94.94000244140625,94.44000244140625,90.57887268066406
2014-06-06,2600,94.27999877929688,94.44999694824219,94.63999938964844,94.27999877929688,90.34928894042969
2014-06-05,6700,93.4800033569336,93.88999938964844,93.94000244140625,93.08000183105469,89.8135986328125
2014-06-04,800,92.62000274658203,93.08999633789062,93.08999633789062,92.62000274658203,89.04833221435547
2014-06-03,1800,92.63999938964844,92.56999969482422,92.72000122070312,92.4000015258789,88.5509033203125
2014-06-02,15800,92.61000061035156,92.54000091552734,92.61000061035156,91.91999816894531,88.522216796875
2014-05-30,5000,92.37000274658203,92.12000274658203,92.37999725341797,92.05999755859375,88.12045288085938
2014-05-29,2400,91.76000213623047,92.23999786376953,92.23999786376953,91.7300033569336,88.23523712158203
2014-05-28,700,91.80000305175781,91.79000091552734,91.8499984741211,91.7300033569336,87.80477905273438
2014-05-27,8400,91.76000213623047,91.8499984741211,92.0,91.7300033569336,87.86216735839844
2014-05-23,3000,90.80000305175781,91.22000122070312,91.22000122070312,90.80000305175781,87.259521484375
2014-05-22,700,90.31999969482422,90.68000030517578,90.75,90.31999969482422,86.74297332763672
2014-05-21,1800,90.55999755859375,90.31999969482422,90.55999755859375,89.94000244140625,86.39859771728516
2014-05-20,1300,90.66999816894531,90.12999725341797,90.66999816894531,89.81999969482422,86.21684265136719
2014-05-19,4700,90.80000305175781,91.0199966430664,91.12999725341797,90.80000305175781,87.06819915771484
2014-05-16,2300,90.0199966430664,90.56999969482422,90.56999969482422,89.94000244140625,86.63773345947266
2014-05-15,7400,90.3499984741211,90.20999908447266,90.3499984741211,89.37000274658203,86.29337310791016
2014-05-14,4900,91.36000061035156,90.98999786376953,91.44000244140625,90.9800033569336,87.03951263427734
2014-05-13,2400,92.13999938964844,91.66000366210938,92.13999938964844,91.63999938964844,87.68042755126953
2014-05-12,3800,91.23999786376953,91.9800033569336,92.0199966430664,91.23999786376953,87.98652648925781
2014-05-09,1800,90.25,90.72000122070312,90.72000122070312,90.22000122070312,86.78123474121094
2014-05-08,2600,90.98999786376953,90.69999694824219,91.61000061035156,90.68000030517578,86.76209259033203
2014-05-07,9200,90.63999938964844,90.94999694824219,90.94999694824219,89.83999633789062,87.00123596191406
2014-05-06,2700,90.36000061035156,90.2699966430664,90.69000244140625,90.2699966430664,86.35076904296875
2014-05-05,10400,90.37000274658203,90.83999633789062,90.93000030517578,89.91000366210938,86.89601135253906
2014-05-02,600,90.87999725341797,91.12000274658203,91.12000274658203,90.87999725341797,87.16386413574219
2014-05-01,1500,90.38999938964844,90.83000183105469,90.83000183105469,90.22000122070312,86.8864517211914
2014-04-30,3400,90.1500015258789,90.6500015258789,90.6500015258789,89.94999694824219,86.71427154541016
2014-04-29,2300,90.12000274658203,90.19999694824219,90.31999969482422,90.12000274658203,86.28380584716797
2014-04-28,4100,90.47000122070312,90.05999755859375,90.47000122070312,89.5,86.14988708496094
2014-04-25,1300,90.62000274658203,90.13999938964844,90.73999786376953,90.08999633789062,86.2264175415039
2014-04-24,1900,90.80000305175781,90.86000061035156,91.04000091552734,90.69000244140625,86.91515350341797
2014-04-23,4500,90.87999725341797,90.83999633789062,91.1500015258789,90.83999633789062,86.89601135253906
2014-04-22,279500,90.22000122070312,90.79000091552734,90.93000030517578,90.22000122070312,86.84819030761719
2014-04-21,7300,89.75,90.08999633789062,90.19000244140625,89.75,86.17858123779297
2014-04-17,3900,89.73999786376953,89.93000030517578,90.05000305175781,89.66000366210938,86.0255355834961
2014-04-16,31700,89.54000091552734,89.76000213623047,89.87000274658203,89.41999816894531,85.8629150390625
2014-04-15,187500,88.91000366210938,89.05999755859375,89.16999816894531,87.81999969482422,85.19329833984375
2014-04-14,84700,89.4000015258789,88.3499984741211,89.4000015258789,87.94000244140625,84.51412200927734
2014-04-11,3500,88.5999984741211,88.05999755859375,88.69000244140625,87.9000015258789,84.2367172241211
2014-04-10,1900,89.9800033569336,89.05999755859375,89.9800033569336,88.9000015258789,85.19329833984375
2014-04-09,5600,89.91000366210938,90.62000274658203,90.66000366210938,89.91000366210938,86.6855697631836
2014-04-08,95400,89.33999633789062,89.94000244140625,90.08999633789062,89.11000061035156,86.03509521484375
2014-04-07,12100,90.61000061035156,89.66999816894531,90.61000061035156,89.25,85.77681732177734
2014-04-04,4500,92.04000091552734,90.55000305175781,92.33999633789062,90.55000305175781,86.61861419677734
2014-04-03,7000,92.1500015258789,91.79000091552734,92.1500015258789,91.55999755859375,87.80477905273438
2014-04-02,10300,91.5,91.86000061035156,91.86000061035156,91.5,87.87173461914062
2014-04-01,18600,91.16999816894531,91.41999816894531,91.41999816894531,90.95999908447266,87.4508285522461
2014-03-31,20500,90.4000015258789,90.94000244140625,90.98999786376953,90.19000244140625,86.99168395996094
2014-03-28,1500,89.44000244140625,89.62000274658203,89.72000122070312,89.44000244140625,85.72899627685547
2014-03-27,4100,89.33999633789062,89.08000183105469,89.5,89.0,85.21244049072266
2014-03-26,449500,90.91000366210938,89.37000274658203,90.91000366210938,89.37000274658203,85.4898452758789
2014-03-25,7500,90.56999969482422,90.33000183105469,90.56999969482422,90.0999984741211,86.40816497802734
2014-03-24,9300,91.19999694824219,90.12999725341797,91.19999694824219,89.7699966430664,86.21684265136719
2014-03-21,6300,90.69999694824219,90.73999786376953,91.41999816894531,90.69999694824219,86.80035400390625
2014-03-20,3400,90.08999633789062,90.44000244140625,90.52999877929688,90.02999877929688,86.51338958740234
2014-03-19,6300,90.94999694824219,90.19000244140625,90.98999786376953,89.87000274658203,86.27423858642578
2014-03-18,9400,90.3499984741211,90.83999633789062,90.98999786376953,90.19999694824219,86.89601135253906
2014-03-17,6100,90.04000091552734,90.12999725341797,90.55000305175781,90.04000091552734,86.21684265136719
2014-03-14,8700,89.2300033569336,89.45999908447266,89.76000213623047,89.2300033569336,85.57593536376953
2014-03-13,12300,90.23999786376953,89.25,90.37000274658203,89.13999938964844,85.37506103515625
2014-03-12,21100,89.41000366210938,89.91999816894531,89.94999694824219,89.41000366210938,86.0159683227539
2014-03-11,17400,90.52999877929688,89.69999694824219,94.81999969482422,89.58999633789062,85.80551147460938
2014-03-10,5300,90.76000213623047,90.36000061035156,91.0,90.1500015258789,86.43685913085938
2014-03-07,3400,90.9800033569336,90.70999908447266,91.05999755859375,90.41000366210938,86.77165985107422
2014-03-06,13100,90.6500015258789,90.62000274658203,90.77999877929688,90.4800033569336,86.6855697631836
2014-03-05,11400,90.54000091552734,90.30999755859375,90.55000305175781,90.23999786376953,86.38903045654297
2014-03-04,8800,90.16999816894531,90.66000366210938,90.66000366210938,90.16999816894531,86.72383117675781
2014-03-03,2800,89.38999938964844,89.16999816894531,89.43000030517578,89.13999938964844,85.29853057861328
2014-02-28,7100,89.61000061035156,89.81999969482422,90.23999786376953,89.58999633789062,85.92030334472656
2014-02-27,9900,89.19999694824219,89.61000061035156,89.61000061035156,89.19999694824219,85.71942138671875
2014-02-26,12400,89.02999877929688,89.22000122070312,89.63999938964844,88.93000030517578,85.34635162353516
2014-02-25,3000,88.69000244140625,88.83999633789062,88.9800033569336,88.69000244140625,84.98284149169922
2014-02-24,3300,88.93000030517578,88.9000015258789,89.44999694824219,88.9000015258789,85.04025268554688
2014-02-21,7900,88.47000122070312,88.72000122070312,88.81999969482422,88.31999969482422,84.8680648803711
2014-02-20,5900,87.83000183105469,88.41999816894531,88.41999816894531,87.7300033569336,84.58108520507812
2014-02-19,4400,88.72000122070312,87.80999755859375,88.80999755859375,87.80999755859375,83.99757385253906
2014-02-18,4700,88.25,88.44999694824219,88.5,88.18000030517578,84.60978698730469
2014-02-14,7000,87.37000274658203,87.98999786376953,88.0,87.37000274658203,84.16975402832031
2014-02-13,6800,86.26000213623047,87.4800033569336,87.4800033569336,86.25,83.6819076538086
2014-02-12,3500,86.8499984741211,86.83999633789062,87.0,86.6500015258789,83.0696792602539
2014-02-11,8400,86.06999969482422,86.54000091552734,86.69000244140625,85.81999969482422,82.78271484375
2014-02-10,9200,85.33000183105469,85.69999694824219,85.69999694824219,85.08000183105469,81.97918701171875
2014-02-07,3700,85.0999984741211,85.37999725341797,85.37999725341797,85.08000183105469,81.6730728149414
2014-02-06,3100,84.5199966430664,84.66999816894531,84.7300033569336,84.44999694824219,80.99390411376953
2014-02-05,3300,83.55999755859375,83.80999755859375,83.94999694824219,83.27999877929688,80.17123413085938
2014-02-04,5500,83.33999633789062,83.94999694824219,83.9800033569336,83.30000305175781,80.3051528930664
2014-02-03,10400,85.91000366210938,83.0199966430664,85.94999694824219,83.01000213623047,79.41554260253906
2014-01-31,2900,85.37999725341797,86.13999938964844,86.41999816894531,85.37999725341797,82.40007781982422
2014-01-30,4500,85.80999755859375,86.44999694824219,86.5199966430664,85.75,82.69661712646484
2014-01-29,21400,85.54000091552734,85.16000366210938,86.0999984741211,85.16000366210938,81.46263122558594
2014-01-28,15100,85.77999877929688,86.20999908447266,86.25,85.77999877929688,82.467041015625
2014-01-27,10700,86.16999816894531,85.5,86.25,85.12000274658203,81.78785705566406
2014-01-24,14300,87.58000183105469,86.22000122070312,87.62999725341797,86.22000122070312,82.47660827636719
2014-01-23,14400,88.41000366210938,88.13999938964844,88.47000122070312,87.80999755859375,84.31324768066406
2014-01-22,13700,88.83000183105469,88.80000305175781,89.7300033569336,88.62000274658203,84.94459533691406
2014-01-21,12700,88.91999816894531,88.5999984741211,88.91999816894531,88.19000244140625,84.7532730102539
2014-01-17,12100,88.33999633789062,88.19000244140625,88.43000030517578,88.13999938964844,84.361083984375
2014-01-16,8600,88.4000015258789,88.3499984741211,88.43000030517578,88.2300033569336,84.51412200927734
2014-01-15,16800,88.08000183105469,88.5,88.55999755859375,88.08000183105469,84.6576156616211
2014-01-14,13700,87.37999725341797,87.81999969482422,88.44000244140625,87.2300033569336,84.00714111328125
2014-01-13,7200,87.91000366210938,86.86000061035156,87.91000366210938,86.8499984741211,83.08882141113281
2014-01-10,7400,87.73999786376953,88.01000213623047,88.01000213623047,87.66999816894531,84.18889617919922
2014-01-09,5100,87.79000091552734,87.36000061035156,87.79000091552734,87.02999877929688,83.56710815429688
2014-01-08,22100,87.33999633789062,87.4800033569336,87.4800033569336,87.08999633789062,83.6819076538086
2014-01-07,4000,86.95999908447266,87.3499984741211,87.38999938964844,86.95999908447266,83.55754852294922
2014-01-06,15000,87.12000274658203,86.66000366210938,87.29000091552734,86.54000091552734,82.89750671386719
2014-01-03,9100,86.94000244140625,87.0999984741211,87.12000274658203,86.80999755859375,83.31839752197266
2014-01-02,19600,87.38999938964844,86.43000030517578,87.38999938964844,86.37000274658203,82.67748260498047
2013-12-31,4800,87.5999984741211,87.44000244140625,87.6500015258789,87.44000244140625,83.64363861083984
2013-12-30,4500,87.2300033569336,87.33999633789062,87.38999938964844,87.19000244140625,83.54798126220703
2013-12-27,13200,87.2300033569336,87.20999908447266,87.33999633789062,87.02999877929688,83.42362213134766
2013-12-26,24400,87.36000061035156,87.04000091552734,87.5,86.94000244140625,83.2610092163086
2013-12-24,5700,86.80999755859375,86.93000030517578,87.05999755859375,86.73999786376953,83.15577697753906
2013-12-23,6900,86.38999938964844,86.54000091552734,86.55999755859375,86.25,82.78271484375
2013-12-20,3100,85.33000183105469,85.93000030517578,85.94999694824219,85.30000305175781,82.1991958618164
2013-12-19,9300,86.2300033569336,85.79000091552734,86.2300033569336,85.58999633789062,81.35358428955078
2013-12-18,3600,85.70999908447266,86.36000061035156,86.36000061035156,84.91000366210938,81.89410400390625
2013-12-17,8800,85.70999908447266,85.47000122070312,85.70999908447266,85.05000305175781,81.05013275146484
2013-12-16,11800,85.37999725341797,85.5,85.61000061035156,85.27999877929688,81.07856750488281
2013-12-13,9800,84.9800033569336,84.87000274658203,84.9800033569336,84.5,80.48114776611328
2013-12-12,27600,84.55999755859375,84.62000274658203,84.80000305175781,84.47000122070312,80.24407958984375
2013-12-11,8800,86.12999725341797,84.52999877929688,86.12999725341797,84.5,80.15873718261719
2013-12-10,2300,86.27999877929688,86.05999755859375,86.38999938964844,86.05999755859375,81.60961151123047
2013-12-09,19700,86.69999694824219,86.41999816894531,86.83000183105469,86.2699966430664,81.95099639892578
2013-12-06,13500,86.37000274658203,86.31999969482422,86.52999877929688,86.13999938964844,81.85617065429688
2013-12-05,14200,85.38999938964844,85.51000213623047,85.5199966430664,85.13999938964844,81.08806610107422
2013-12-04,21300,85.2699966430664,85.52999877929688,85.86000061035156,84.8499984741211,81.10702514648438
2013-12-03,22100,85.58000183105469,85.41999816894531,85.91999816894531,85.19000244140625,81.0027084350586
2013-12-02,30900,85.95999908447266,85.77999877929688,86.5199966430664,85.25,81.3440933227539
2013-11-29,60900,87.37999725341797,85.81999969482422,87.51000213623047,85.81999969482422,81.38202667236328
2013-11-27,500,86.02999877929688,86.0,86.02999877929688,86.0,81.55272674560547
2013-11-26,1100,85.91000366210938,86.01000213623047,86.01000213623047,85.86000061035156,81.56220245361328
2013-11-25,1300,86.22000122070312,86.16999816894531,86.2300033569336,86.11000061035156,81.71392059326172
2013-11-22,1400,85.80000305175781,86.0,86.05999755859375,85.80000305175781,81.55272674560547
2013-11-21,700,85.38999938964844,86.01000213623047,86.01000213623047,85.38999938964844,81.56220245361328
2013-11-20,2100,85.5999984741211,84.9000015258789,85.5999984741211,84.80999755859375,80.50960540771484
2013-11-19,4400,85.5,85.19999694824219,85.80000305175781,85.05999755859375,80.79408264160156
2013-11-18,4200,86.70999908447266,85.7300033569336,86.70999908447266,85.63999938964844,81.29667663574219
2013-11-15,600,86.19999694824219,86.18000030517578,86.19999694824219,86.12000274658203,81.72340393066406
2013-11-14,3900,85.7300033569336,86.19999694824219,86.23999786376953,85.7300033569336,81.74237060546875
2013-11-13,1200,84.7300033569336,85.62000274658203,85.62000274658203,84.7300033569336,81.19236755371094
2013-11-12,50100,84.73999786376953,84.98999786376953,84.98999786376953,84.5999984741211,80.59494018554688
2013-11-11,700,84.80999755859375,85.33000183105469,85.33000183105469,84.80999755859375,80.91736602783203
2013-11-08,2200,83.83999633789062,84.98999786376953,84.98999786376953,83.83999633789062,80.59494018554688
2013-11-07,6600,85.44999694824219,83.7300033569336,85.44999694824219,83.7300033569336,79.40010833740234
2013-11-06,1900,85.41999816894531,85.02999877929688,85.41999816894531,85.02999877929688,80.63288116455078
2013-11-05,3700,85.44999694824219,85.27999877929688,85.44999694824219,84.93000030517578,80.86994934082031
2013-11-04,2400,85.05999755859375,85.44999694824219,85.44999694824219,85.05999755859375,81.03115844726562
2013-11-01,8900,85.2300033569336,85.01000213623047,85.2300033569336,84.58999633789062,80.6139144897461
2013-10-31,1300,85.1500015258789,85.25,85.33000183105469,85.1500015258789,80.84149932861328
2013-10-30,2100,85.69999694824219,85.19000244140625,85.80000305175781,85.08999633789062,80.78459930419922
2013-10-29,2600,85.69000244140625,85.30999755859375,85.69000244140625,85.30999755859375,80.89839172363281
2013-10-28,200,85.33999633789062,85.30999755859375,85.33999633789062,85.30999755859375,80.89839172363281
2013-10-25,2500,85.16999816894531,85.25,85.27999877929688,85.08000183105469,80.84149932861328
2013-10-24,1600,85.01000213623047,85.13999938964844,85.19000244140625,85.0,80.7371826171875
2013-10-23,3900,85.2300033569336,84.83000183105469,85.2300033569336,84.68000030517578,80.4432144165039
2013-10-22,500,85.26000213623047,85.52999877929688,85.52999877929688,85.26000213623047,81.10702514648438
2013-10-21,10300,85.2300033569336,84.81999969482422,85.2300033569336,84.81999969482422,80.43373107910156
2013-10-18,4200,84.61000061035156,84.91000366210938,84.91000366210938,84.44999694824219,80.51908111572266
2013-10-17,46600,84.0999984741211,84.3499984741211,84.44000244140625,83.97000122070312,79.988037109375
2013-10-16,2100,83.29000091552734,83.5199966430664,83.54000091552734,83.2699966430664,79.20096588134766
2013-10-15,3200,83.04000091552734,82.76000213623047,83.22000122070312,82.5,78.48026275634766
2013-10-14,300,82.55000305175781,83.20999908447266,83.29000091552734,82.55000305175781,78.90699768066406
2013-10-11,3500,82.20999908447266,82.8499984741211,82.91000366210938,82.19000244140625,78.56561279296875
2013-10-10,900,81.9800033569336,81.94999694824219,82.0,81.94999694824219,77.71215057373047
2013-10-09,17100,80.7300033569336,80.87999725341797,80.87999725341797,80.22000122070312,76.69747924804688
2013-10-08,2900,81.66000366210938,80.68000030517578,81.75,80.68000030517578,76.50782012939453
2013-10-07,1400,81.4800033569336,81.76000213623047,81.80999755859375,81.44999694824219,77.53197479248047
2013-10-04,3800,81.95999908447266,82.38999938964844,82.38999938964844,81.95999908447266,78.12939453125
2013-10-03,1200,81.69999694824219,81.8499984741211,81.9800033569336,81.68000030517578,77.61732482910156
2013-10-02,600,82.08000183105469,82.47000122070312,82.47000122070312,82.08000183105469,78.20526123046875
2013-10-01,4800,81.37999725341797,82.69000244140625,82.94000244140625,81.37999725341797,78.41388702392578
2013-09-30,7300,80.76000213623047,81.69000244140625,81.69000244140625,80.72000122070312,77.46560668945312
2013-09-27,4300,81.51000213623047,81.6500015258789,81.80000305175781,81.51000213623047,77.42766571044922
2013-09-26,2100,81.7699966430664,81.80999755859375,82.1500015258789,81.7300033569336,77.57939147949219
2013-09-25,4900,81.29000091552734,81.55000305175781,81.7699966430664,81.27999877929688,77.33284759521484
2013-09-24,900,81.13999938964844,81.72000122070312,81.79000091552734,81.13999938964844,77.4940414428711
2013-09-23,7600,81.4000015258789,81.38999938964844,81.41000366210938,81.08999633789062,77.18111419677734
2013-09-20,800,82.1500015258789,81.73999786376953,82.18000030517578,81.73999786376953,77.51300811767578
2013-09-19,2100,82.36000061035156,82.11000061035156,82.36000061035156,82.11000061035156,77.86387634277344
2013-09-18,10100,81.55999755859375,82.29000091552734,82.5199966430664,81.12000274658203,78.0345687866211
2013-09-17,12200,81.08000183105469,81.4800033569336,81.5,81.08000183105469,77.2664566040039
2013-09-16,600,81.05999755859375,81.12999725341797,81.12999725341797,81.05999755859375,76.93455505371094
2013-09-13,1200,80.66000366210938,80.55999755859375,80.66000366210938,80.54000091552734,76.39402770996094
2013-09-12,3800,80.66000366210938,80.44000244140625,80.66000366210938,80.37999725341797,76.28024291992188
2013-09-11,1100,80.54000091552734,80.55999755859375,80.62000274658203,80.29000091552734,76.39402770996094
2013-09-10,19800,80.2699966430664,80.2699966430664,80.38999938964844,80.0,76.11902618408203
2013-09-09,200,79.1500015258789,79.72000122070312,79.72000122070312,79.1500015258789,75.59746551513672
2013-09-06,600,78.81999969482422,79.0,79.0,78.81999969482422,74.91470336914062
2013-09-05,2400,78.5,78.66999816894531,78.66999816894531,78.5,74.60176849365234
2013-09-04,1800,77.79000091552734,78.37000274658203,78.38999938964844,77.76000213623047,74.3172836303711
2013-09-03,3300,78.2699966430664,77.58999633789062,78.2699966430664,77.23999786376953,73.57762145996094
2013-08-30,1900,78.36000061035156,77.9000015258789,78.36000061035156,77.9000015258789,73.87158203125
2013-08-29,6700,78.61000061035156,79.26000213623047,79.36000061035156,78.61000061035156,75.16126251220703
2013-08-28,5900,78.58000183105469,78.9800033569336,79.19000244140625,78.56999969482422,74.895751953125
2013-08-27,5600,79.5199966430664,78.80999755859375,79.54000091552734,78.79000091552734,74.73452758789062
2013-08-26,1900,80.55999755859375,80.26000213623047,80.55999755859375,80.26000213623047,76.10955047607422
2013-08-23,900,80.13999938964844,80.1500015258789,80.1500015258789,80.13999938964844,76.00523376464844
2013-08-22,1500,80.0199966430664,80.05000305175781,80.31999969482422,80.0199966430664,75.91040802001953
2013-08-21,3500,79.45999908447266,79.19999694824219,79.97000122070312,79.19999694824219,75.10435485839844
2013-08-20,5300,79.55000305175781,79.91000366210938,79.98999786376953,79.55000305175781,75.77765655517578
2013-08-19,2700,79.48999786376953,79.20999908447266,79.5,79.20999908447266,75.11383819580078
2013-08-16,5200,79.55000305175781,79.5,80.0,79.5,75.38884735107422
2013-08-15,5100,80.33999633789062,79.94999694824219,80.33999633789062,79.7300033569336,75.81558227539062
2013-08-14,2600,81.58000183105469,81.19999694824219,81.58000183105469,81.19999694824219,77.00093078613281
2013-08-13,1000,81.37999725341797,81.5999984741211,81.5999984741211,81.1500015258789,77.38025665283203
2013-08-12,1500,81.05000305175781,81.5999984741211,81.5999984741211,81.05000305175781,77.38025665283203
2013-08-09,1500,81.43000030517578,81.62999725341797,81.6500015258789,81.31999969482422,77.40869140625
2013-08-08,8500,81.58000183105469,81.4800033569336,81.6500015258789,81.37999725341797,77.2664566040039
2013-08-07,6900,81.43000030517578,81.1500015258789,81.43000030517578,81.08000183105469,76.95352172851562
2013-08-06,800,82.20999908447266,81.55000305175781,82.20999908447266,81.55000305175781,77.33284759521484
2013-08-05,2500,82.37000274658203,82.26000213623047,82.41000366210938,82.18000030517578,78.00611877441406
2013-08-02,6000,82.51000213623047,82.4000015258789,82.54000091552734,82.2699966430664,78.13888549804688
2013-08-01,2200,81.88999938964844,82.61000061035156,82.69999694824219,81.88999938964844,78.33802032470703
2013-07-31,1400,81.16000366210938,81.12999725341797,81.16000366210938,81.12999725341797,76.93455505371094
2013-07-30,800,80.97000122070312,80.77999877929688,80.9800033569336,80.77999877929688,76.60265350341797
2013-07-29,1200,80.79000091552734,80.66000366210938,80.79000091552734,80.62999725341797,76.4888687133789
2013-07-26,300,80.6500015258789,80.94999694824219,80.94999694824219,80.6500015258789,76.76386260986328
2013-07-25,1900,81.12999725341797,81.16000366210938,81.16999816894531,81.11000061035156,76.96300506591797
2013-07-24,900,81.5199966430664,80.94999694824219,81.5199966430664,80.94999694824219,76.76386260986328
2013-07-23,4900,81.79000091552734,81.69000244140625,81.80999755859375,81.44999694824219,77.46560668945312
2013-07-22,700,81.52999877929688,81.58999633789062,81.58999633789062,81.52999877929688,77.37076568603516
2013-07-19,2600,81.05000305175781,81.27999877929688,81.27999877929688,81.05000305175781,77.07678985595703
2013-07-18,2600,80.69000244140625,81.22000122070312,81.2300033569336,80.55000305175781,77.01990509033203
2013-07-17,3300,80.41000366210938,80.30000305175781,80.44000244140625,80.30000305175781,76.14747619628906
2013-07-16,2700,79.9800033569336,80.16000366210938,80.22000122070312,79.9800033569336,76.01471710205078
2013-07-15,2600,80.33999633789062,80.56999969482422,80.56999969482422,80.13999938964844,76.40351867675781
2013-07-12,4900,79.83999633789062,80.01000213623047,80.12000274658203,79.83999633789062,75.87247467041016
2013-07-11,3300,79.98999786376953,79.7699966430664,79.98999786376953,79.56999969482422,75.64488220214844
2013-07-10,400,79.18000030517578,78.98999786376953,79.18000030517578,78.98999786376953,74.90522003173828
2013-07-09,4900,78.56999969482422,78.94999694824219,79.16999816894531,78.41000366210938,74.8672866821289
2013-07-08,4100,78.31999969482422,78.11000061035156,78.33999633789062,78.0999984741211,74.07073211669922
2013-07-05,2800,77.5999984741211,77.58000183105469,77.5999984741211,76.94000244140625,73.5681381225586
2013-07-03,1200,76.86000061035156,76.73999786376953,76.86000061035156,76.70999908447266,72.77156829833984
2013-07-02,11600,77.58000183105469,76.68000030517578,77.63999938964844,76.68000030517578,72.71467590332031
2013-07-01,32100,76.7300033569336,76.94000244140625,77.70999908447266,76.7300033569336,72.96123504638672
2013-06-28,2800,76.33000183105469,76.68000030517578,76.69999694824219,76.19999694824219,72.71467590332031
2013-06-27,5300,75.93000030517578,76.48999786376953,76.5199966430664,75.91000366210938,72.53450775146484
2013-06-26,3600,76.62000274658203,75.38999938964844,76.62000274658203,75.12000274658203,71.49138641357422
2013-06-25,1700,74.51000213623047,74.83999633789062,74.83999633789062,74.4800033569336,70.96983337402344
2013-06-24,13600,74.0,74.55999755859375,74.55999755859375,73.55000305175781,70.70430755615234
2013-06-21,16100,74.72000122070312,74.76000213623047,76.83000183105469,74.16999816894531,70.89396667480469
2013-06-20,11200,75.61000061035156,74.88999938964844,76.02999877929688,74.87999725341797,71.01724243164062
2013-06-19,2500,77.48999786376953,76.83000183105469,77.5199966430664,76.7699966430664,72.85691833496094
2013-06-18,4200,77.37000274658203,77.83999633789062,77.98999786376953,77.37000274658203,73.81468963623047
2013-06-17,1200,77.4000015258789,77.2699966430664,77.54000091552734,77.2699966430664,73.27416229248047
2013-06-14,1800,77.0199966430664,76.91999816894531,77.0199966430664,76.56999969482422,72.9422607421875
2013-06-13,5000,75.6500015258789,77.12999725341797,77.12999725341797,75.6500015258789,73.14139556884766
2013-06-12,12200,76.9800033569336,75.62000274658203,76.9800033569336,75.62000274658203,71.70948791503906
2013-06-11,1600,76.55999755859375,76.44000244140625,77.0,76.44000244140625,72.48709869384766
2013-06-10,1800,77.55000305175781,77.31999969482422,77.55000305175781,77.20999908447266,73.32157897949219
2013-06-07,5300,77.12999725341797,76.87000274658203,77.16000366210938,76.87000274658203,72.89485931396484
2013-06-06,2900,76.1500015258789,76.26000213623047,76.33000183105469,75.97000122070312,72.31639862060547
2013-06-05,6400,76.47000122070312,75.62000274658203,76.4800033569336,75.55000305175781,71.70948791503906
2013-06-04,6700,77.2300033569336,76.68000030517578,77.33999633789062,76.47000122070312,72.71467590332031
2013-06-03,1400,77.27999877929688,77.0199966430664,77.27999877929688,76.55999755859375,73.03709411621094
2013-05-31,3500,77.5999984741211,77.27999877929688,78.0,77.27999877929688,73.28365325927734
2013-05-30,1100,77.77999877929688,78.12999725341797,78.12999725341797,77.68000030517578,74.08969116210938
2013-05-29,6100,77.48999786376953,77.37999725341797,77.5999984741211,76.93000030517578,73.37847137451172
2013-05-28,4000,78.4800033569336,77.9000015258789,78.54000091552734,77.9000015258789,73.87158203125
2013-05-24,6800,77.02999877929688,77.27999877929688,77.30999755859375,77.02999877929688,73.28365325927734
2013-05-23,4300,76.94000244140625,77.55999755859375,77.62999725341797,76.80000305175781,73.5491714477539
2013-05-22,1000,78.05000305175781,77.48999786376953,78.05000305175781,77.44000244140625,73.4827880859375
2013-05-21,1900,79.04000091552734,79.0999984741211,79.16000366210938,78.81999969482422,75.00953674316406
2013-05-20,3100,78.5999984741211,78.83000183105469,79.05999755859375,78.5999984741211,74.75349426269531
2013-05-17,1100,78.38999938964844,78.62000274658203,78.62000274658203,78.38999938964844,74.55435943603516
2013-05-16,2200,78.19999694824219,78.0,78.5,78.0,73.96642303466797
2013-05-15,2900,77.91999816894531,78.29000091552734,78.33999633789062,77.91999816894531,74.24141693115234
2013-05-14,800,77.79000091552734,77.69999694824219,77.79000091552734,77.69999694824219,73.68192291259766
2013-05-13,2600,77.1500015258789,77.08999633789062,77.19000244140625,77.0199966430664,73.10346984863281
2013-05-10,2700,77.02999877929688,77.2300033569336,77.26000213623047,77.02999877929688,73.23623657226562
2013-05-09,2600,76.97000122070312,76.98999786376953,77.16000366210938,76.97000122070312,73.00865173339844
2013-05-08,1900,76.88999938964844,77.02999877929688,77.02999877929688,76.7699966430664,73.04658508300781
2013-05-07,8800,76.48999786376953,76.80000305175781,76.80999755859375,76.45999908447266,72.82847595214844
2013-05-06,1700,75.88999938964844,76.06999969482422,76.11000061035156,75.87000274658203,72.13622283935547
2013-05-03,2100,76.0999984741211,75.8499984741211,76.0999984741211,75.8499984741211,71.92759704589844
2013-05-02,2100,74.63999938964844,74.88999938964844,74.9000015258789,74.62000274658203,71.01724243164062
2013-05-01,3400,75.4000015258789,74.25,75.4000015258789,74.25,70.41033935546875
2013-04-30,5500,74.7699966430664,75.20999908447266,75.27999877929688,74.66999816894531,71.32069396972656
2013-04-29,2700,74.58999633789062,74.7699966430664,74.79000091552734,74.58999633789062,70.9034423828125
2013-04-26,5600,74.55000305175781,74.0,74.55000305175781,73.94000244140625,70.17327117919922
2013-04-25,2000,74.4000015258789,74.66000366210938,74.75,74.38999938964844,70.79914093017578
2013-04-24,2300,73.87999725341797,74.33000183105469,74.3499984741211,73.87999725341797,70.4862060546875
2013-04-23,200,73.55000305175781,73.5999984741211,73.5999984741211,73.55000305175781,69.79396057128906
2013-04-22,4000,73.0999984741211,73.16000366210938,73.19000244140625,72.33999633789062,69.37670135498047
2013-04-19,800,72.37000274658203,72.69000244140625,72.80000305175781,72.37000274658203,68.9310073852539
2013-04-18,6200,72.56999969482422,72.22000122070312,72.5999984741211,72.22000122070312,68.48532104492188
2013-04-17,4200,72.30999755859375,72.70999908447266,72.70999908447266,72.30999755859375,68.9499740600586
2013-04-16,200,73.43000030517578,73.33000183105469,73.43000030517578,73.33000183105469,69.53791809082031
2013-04-15,600,74.83000183105469,72.9000015258789,74.83000183105469,72.9000015258789,69.1301498413086
2013-04-12,3200,75.27999877929688,75.12000274658203,75.27999877929688,75.02999877929688,71.2353515625
2013-04-11,13000,75.30000305175781,75.52999877929688,75.77999877929688,75.30000305175781,71.6241455078125
2013-04-10,600,74.8499984741211,75.2300033569336,75.2300033569336,74.80999755859375,71.33965301513672
2013-04-09,2900,74.31999969482422,74.5199966430664,74.55999755859375,74.12999725341797,70.66637420654297
2013-04-08,18100,73.76000213623047,74.30999755859375,74.30999755859375,73.55000305175781,70.46723175048828
2013-04-05,4400,72.87000274658203,73.62000274658203,73.62000274658203,72.69999694824219,69.81291961669922
2013-04-04,7000,73.47000122070312,73.80000305175781,73.80000305175781,73.41000366210938,69.98361206054688
2013-04-03,5400,74.58000183105469,73.37000274658203,74.58000183105469,73.37000274658203,69.57585144042969
2013-04-02,24100,75.3499984741211,74.62999725341797,75.3499984741211,74.56999969482422,70.77068328857422
2013-04-01,24400,75.44999694824219,74.88999938964844,75.44999694824219,74.68000030517578,71.01724243164062
2013-03-28,5800,76.41999816894531,75.61000061035156,76.41999816894531,75.1500015258789,71.70001220703125
2013-03-27,5300,74.5,75.18000030517578,75.27999877929688,74.5,71.29224395751953
2013-03-26,4300,74.80000305175781,74.79000091552734,74.81999969482422,74.7699966430664,70.92241668701172
2013-03-25,1600,74.86000061035156,74.58000183105469,75.0999984741211,74.58000183105469,70.72328186035156
2013-03-22,2000,74.68000030517578,74.52999877929688,74.68000030517578,74.51000213623047,70.67586517333984
2013-03-21,2800,74.52999877929688,74.5199966430664,74.73999786376953,74.45999908447266,70.66637420654297
2013-03-20,2800,74.79000091552734,74.72000122070312,74.81999969482422,74.63999938964844,70.85603332519531
2013-03-19,400,74.69000244140625,74.27999877929688,74.69000244140625,74.27999877929688,70.43878936767578
2013-03-18,12700,74.31999969482422,74.4800033569336,74.87999725341797,74.31999969482422,70.62845611572266
2013-03-15,2500,74.73999786376953,74.86000061035156,74.91000366210938,74.73999786376953,70.9887924194336
2013-03-14,9300,74.5199966430664,74.81999969482422,74.81999969482422,74.5,70.95085906982422
2013-03-13,1100,74.13999938964844,74.16999816894531,74.20999908447266,73.94000244140625,70.33447265625
2013-03-12,100,73.86000061035156,73.86000061035156,73.86000061035156,73.86000061035156,70.04051208496094
2013-03-11,6200,73.87000274658203,73.91999816894531,73.93000030517578,73.83000183105469,70.09740447998047
2013-03-08,4200,73.58999633789062,73.62999725341797,73.66000366210938,73.22000122070312,69.8223876953125
2013-03-07,5500,73.05999755859375,73.1500015258789,73.1500015258789,73.02999877929688,69.36722564697266
2013-03-06,2500,72.80999755859375,72.6500015258789,72.80999755859375,72.63999938964844,68.89307403564453
2013-03-05,3900,71.97000122070312,72.58999633789062,72.69999694824219,71.97000122070312,68.836181640625
2013-03-04,3400,71.54000091552734,71.4000015258789,71.55999755859375,71.19999694824219,67.70771789550781
2013-03-01,1700,71.01000213623047,71.61000061035156,71.61000061035156,70.97000122070312,67.90686798095703
2013-02-28,2700,72.0,72.05000305175781,72.36000061035156,71.94000244140625,68.3241195678711
2013-02-27,1600,71.16000366210938,72.05000305175781,72.18000030517578,71.16000366210938,68.3241195678711
2013-02-26,1000,71.0,71.1500015258789,71.1500015258789,71.0,67.47064971923828
2013-02-25,5800,72.37000274658203,71.0,72.37000274658203,71.0,67.32839965820312
2013-02-22,3400,71.95999908447266,72.08999633789062,72.20999908447266,71.91000366210938,68.36204528808594
2013-02-21,2800,72.0,71.48999786376953,72.05000305175781,71.48999786376953,67.7930679321289
2013-02-20,11200,73.44999694824219,72.2300033569336,73.44999694824219,72.2300033569336,68.49479675292969
2013-02-19,5000,72.87999725341797,73.37999725341797,73.41000366210938,72.87999725341797,69.5853271484375
2013-02-15,4300,72.9000015258789,72.80999755859375,72.91000366210938,72.77999877929688,69.04480743408203
2013-02-14,4600,72.44000244140625,72.87000274658203,72.94000244140625,72.44000244140625,69.10169982910156
2013-02-13,6800,72.43000030517578,72.55999755859375,72.62000274658203,72.37000274658203,68.80773162841797
2013-02-12,18700,72.08999633789062,72.27999877929688,72.30000305175781,72.08999633789062,68.54220581054688
2013-02-11,8500,71.98999786376953,71.83999633789062,71.98999786376953,71.76000213623047,68.12496185302734
2013-02-08,1900,71.80999755859375,71.88999938964844,71.9000015258789,71.75,68.17237854003906
2013-02-07,1000,71.29000091552734,71.47000122070312,71.47000122070312,71.26000213623047,67.77410125732422
2013-02-06,9100,70.9000015258789,71.22000122070312,71.31999969482422,70.9000015258789,67.53702545166016
2013-02-05,4200,71.06999969482422,71.0999984741211,71.12000274658203,70.91999816894531,67.4232406616211
2013-02-04,7800,70.91000366210938,70.72000122070312,71.16999816894531,70.5999984741211,67.06288146972656
2013-02-01,4000,71.16999816894531,71.25,71.4000015258789,70.95999908447266,67.56547546386719
2013-01-31,4100,70.54000091552734,70.83000183105469,70.91000366210938,70.5199966430664,67.16719818115234
2013-01-30,2300,70.94000244140625,70.5199966430664,70.94000244140625,70.5199966430664,66.87322998046875
2013-01-29,1300,70.7699966430664,70.7699966430664,70.88999938964844,70.72000122070312,67.11029815673828
2013-01-28,5300,70.7699966430664,70.83999633789062,70.83999633789062,70.76000213623047,67.17667388916016
2013-01-25,3200,70.58000183105469,70.79000091552734,70.79000091552734,70.48999786376953,67.12926483154297
2013-01-24,4000,70.19999694824219,70.38999938964844,70.52999877929688,70.05999755859375,66.74995422363281
2013-01-23,4600,71.02999877929688,70.0199966430664,71.02999877929688,70.0199966430664,66.39908599853516
2013-01-22,5900,69.54000091552734,70.16000366210938,70.16000366210938,69.54000091552734,66.5318374633789
2013-01-18,2500,69.31999969482422,69.44999694824219,69.44999694824219,69.20999908447266,65.85855102539062
2013-01-17,600,69.0999984741211,69.30000305175781,69.30000305175781,69.0999984741211,65.71632385253906
2013-01-16,2500,68.7300033569336,68.6500015258789,68.7300033569336,68.5199966430664,65.09992218017578
2013-01-15,600,68.66000366210938,68.58000183105469,68.66000366210938,68.56999969482422,65.03356170654297
2013-01-14,2400,68.19999694824219,68.33999633789062,68.43000030517578,68.19999694824219,64.80596160888672
2013-01-11,3800,68.2699966430664,68.23999786376953,68.30000305175781,68.05999755859375,64.71112823486328
2013-01-10,3400,68.18000030517578,68.29000091552734,68.37000274658203,68.05000305175781,64.758544921875
2013-01-09,300,67.95999908447266,68.04000091552734,68.04000091552734,67.95999908447266,64.52147674560547
2013-01-08,1200,67.94999694824219,67.76000213623047,67.94999694824219,67.72000122070312,64.25595092773438
2013-01-07,3600,68.06999969482422,67.97000122070312,68.0999984741211,67.93000030517578,64.45509338378906
2013-01-04,3600,68.12000274658203,68.29000091552734,68.29000091552734,68.05999755859375,64.758544921875
2013-01-03,200,67.83999633789062,67.93000030517578,67.93000030517578,67.83999633789062,64.41716003417969
2013-01-02,8700,67.30000305175781,67.19000244140625,67.58000183105469,67.12999725341797,63.71543502807617
2012-12-31,800,64.9800033569336,65.62999725341797,65.62999725341797,64.9800033569336,62.2360954284668
2012-12-28,9800,65.22000122070312,65.23999786376953,65.30000305175781,65.19999694824219,61.86627197265625
2012-12-27,500,64.95999908447266,64.98999786376953,64.98999786376953,64.95999908447266,61.62919616699219
2012-12-26,800,65.5999984741211,65.66000366210938,65.66000366210938,65.5999984741211,62.26455307006836
2012-12-24,800,65.80999755859375,65.80999755859375,65.80999755859375,65.80999755859375,62.40678787231445
2012-12-21,1800,66.9800033569336,67.02999877929688,67.06999969482422,66.83000183105469,62.540504455566406
2012-12-20,1200,67.36000061035156,67.5,67.52999877929688,67.33000183105469,62.97903060913086
2012-12-19,3100,67.18000030517578,67.16000366210938,67.19999694824219,67.12999725341797,62.66179275512695
2012-12-18,900,66.8499984741211,67.0,67.0,66.8499984741211,62.51251220703125
2012-12-17,400,65.97000122070312,66.05000305175781,66.05000305175781,65.97000122070312,61.62614059448242
2012-12-14,100,65.6500015258789,65.6500015258789,65.6500015258789,65.6500015258789,61.252933502197266
2012-12-13,200,66.06999969482422,66.06999969482422,66.06999969482422,66.06999969482422,61.644798278808594
2012-12-12,2000,66.20999908447266,65.87999725341797,66.38999938964844,65.87999725341797,61.467525482177734
2012-12-11,4900,66.11000061035156,65.87999725341797,66.11000061035156,65.87999725341797,61.467525482177734
2012-12-10,4800,65.4000015258789,65.61000061035156,65.6500015258789,65.30999755859375,61.21561050415039
2012-12-07,0,65.06999969482422,65.06999969482422,65.06999969482422,65.06999969482422,60.7117805480957
2012-12-06,4200,65.02999877929688,65.06999969482422,65.06999969482422,65.02999877929688,60.7117805480957
2012-12-05,0,64.88999938964844,64.88999938964844,64.88999938964844,64.88999938964844,60.5438346862793
2012-12-04,400,64.93000030517578,64.88999938964844,64.93000030517578,64.88999938964844,60.5438346862793
2012-12-03,1700,65.25,64.87999725341797,65.25,64.73999786376953,60.53450012207031
2012-11-30,0,63.95000076293945,63.95000076293945,63.95000076293945,63.95000076293945,59.66679763793945
2012-11-29,0,63.95000076293945,63.95000076293945,63.95000076293945,63.95000076293945,59.66679763793945
2012-11-28,400,63.95000076293945,63.95000076293945,63.95000076293945,63.95000076293945,59.66679763793945
2012-11-27,700,64.05000305175781,64.08999633789062,64.20999908447266,64.05000305175781,59.79741668701172
2012-11-26,200,64.02999877929688,64.02999877929688,64.02999877929688,64.02999877929688,59.741432189941406
2012-11-23,300,63.7400016784668,64.05000305175781,64.05000305175781,63.7400016784668,59.76009750366211
2012-11-21,0,62.97999954223633,62.97999954223633,62.97999954223633,62.97999954223633,58.76176071166992
2012-11-20,300,62.880001068115234,62.97999954223633,62.97999954223633,62.880001068115234,58.76176071166992
2012-11-19,2300,62.54999923706055,62.58000183105469,62.61000061035156,62.5,58.388553619384766
2012-11-16,100,60.81999969482422,60.81999969482422,60.81999969482422,60.81999969482422,56.746429443359375
2012-11-15,100,61.0099983215332,61.0099983215332,61.0099983215332,61.0099983215332,56.9237060546875
2012-11-14,1200,62.59000015258789,62.060001373291016,62.59000015258789,62.060001373291016,57.90338134765625
2012-11-13,0,62.959999084472656,62.959999084472656,62.959999084472656,62.959999084472656,58.74310302734375
2012-11-12,500,62.95000076293945,62.959999084472656,62.959999084472656,62.95000076293945,58.74310302734375
2012-11-09,0,63.130001068115234,63.130001068115234,63.130001068115234,63.130001068115234,58.90171813964844
2012-11-08,200,63.15999984741211,63.130001068115234,63.15999984741211,63.130001068115234,58.90171813964844
2012-11-07,400,63.900001525878906,63.88999938964844,63.900001525878906,63.88999938964844,59.61081314086914
2012-11-06,100,65.3499984741211,65.3499984741211,65.3499984741211,65.3499984741211,60.973026275634766
2012-11-05,400,64.58999633789062,64.5999984741211,64.5999984741211,64.58999633789062,60.27326202392578
2012-11-02,400,64.75,64.47000122070312,64.76000213623047,64.47000122070312,60.15196990966797
2012-11-01,2000,63.91999816894531,65.11000061035156,65.26000213623047,63.91999816894531,60.74910354614258
2012-10-31,200,63.66999816894531,63.66999816894531,63.66999816894531,63.66999816894531,59.405548095703125
2012-10-26,1300,63.5,63.470001220703125,63.529998779296875,63.470001220703125,59.21894454956055
2012-10-25,700,63.68000030517578,63.54999923706055,63.68000030517578,63.54999923706055,59.293582916259766
2012-10-24,300,63.72999954223633,63.68000030517578,63.72999954223633,63.68000030517578,59.414878845214844
2012-10-23,900,63.88999938964844,63.43000030517578,63.88999938964844,63.33000183105469,59.18162155151367
2012-10-22,0,64.62999725341797,64.62999725341797,64.62999725341797,64.62999725341797,60.301246643066406
2012-10-19,1800,65.19999694824219,64.62999725341797,65.19999694824219,64.62999725341797,60.301246643066406
2012-10-18,3100,65.2300033569336,65.31999969482422,65.51000213623047,65.2300033569336,60.945037841796875
2012-10-17,200,65.0199966430664,65.01000213623047,65.0199966430664,65.01000213623047,60.655799865722656
2012-10-16,0,63.5099983215332,63.5099983215332,63.5099983215332,63.5099983215332,59.256263732910156
2012-10-15,0,63.5099983215332,63.5099983215332,63.5099983215332,63.5099983215332,59.256263732910156
2012-10-12,800,63.5,63.5099983215332,63.5099983215332,63.5,59.256263732910156
2012-10-11,3800,64.31999969482422,64.16999816894531,64.33000183105469,64.16999816894531,59.8720588684082
2012-10-10,200,64.20999908447266,63.970001220703125,64.20999908447266,63.970001220703125,59.685455322265625
2012-10-09,700,64.06999969482422,64.20999908447266,64.23999786376953,64.06999969482422,59.90937805175781
2012-10-08,300,64.76000213623047,64.75,64.76000213623047,64.75,60.41321563720703
2012-10-05,0,64.45999908447266,64.45999908447266,64.45999908447266,64.45999908447266,60.142635345458984
2012-10-04,0,64.45999908447266,64.45999908447266,64.45999908447266,64.45999908447266,60.142635345458984
2012-10-03,0,64.45999908447266,64.45999908447266,64.45999908447266,64.45999908447266,60.142635345458984
2012-10-02,0,64.45999908447266,64.45999908447266,64.45999908447266,64.45999908447266,60.142635345458984
2012-10-01,1000,64.45999908447266,64.45999908447266,64.45999908447266,64.45999908447266,60.142635345458984
2012-09-28,0,64.11000061035156,64.11000061035156,64.11000061035156,64.11000061035156,59.81608200073242
2012-09-27,0,64.11000061035156,64.11000061035156,64.11000061035156,64.11000061035156,59.81608200073242
2012-09-26,200,64.11000061035156,64.11000061035156,64.11000061035156,64.11000061035156,59.81608200073242
2012-09-25,200,65.29000091552734,65.29000091552734,65.29000091552734,65.29000091552734,60.91703796386719
2012-09-24,100,65.29000091552734,65.29000091552734,65.29000091552734,65.29000091552734,60.91703796386719
2012-09-21,0,65.41999816894531,65.41999816894531,65.41999816894531,65.41999816894531,61.038333892822266
2012-09-20,400,65.06999969482422,65.41999816894531,65.41999816894531,65.06999969482422,61.038333892822266
2012-09-19,100,65.73999786376953,65.73999786376953,65.73999786376953,65.73999786376953,61.3369026184082
2012-09-18,0,66.91000366210938,66.91000366210938,66.91000366210938,66.91000366210938,62.42853927612305
2012-09-17,0,66.91000366210938,66.91000366210938,66.91000366210938,66.91000366210938,62.42853927612305
2012-09-14,100,66.91000366210938,66.91000366210938,66.91000366210938,66.91000366210938,62.42853927612305
2012-09-13,1200,65.02999877929688,65.97000122070312,65.97000122070312,65.02999877929688,61.55149459838867
2012-09-12,1100,65.18000030517578,65.1500015258789,65.25,65.01000213623047,60.78642654418945
2012-09-11,100,64.77999877929688,64.77999877929688,64.77999877929688,64.77999877929688,60.441200256347656
2012-09-10,0,65.08000183105469,65.08000183105469,65.08000183105469,65.08000183105469,60.721107482910156
2012-09-07,1700,64.86000061035156,65.08000183105469,65.13999938964844,64.86000061035156,60.721107482910156
2012-09-06,400,64.5,64.61000061035156,64.61000061035156,64.5,60.282588958740234
2012-09-05,12700,63.34000015258789,63.38999938964844,63.5,63.130001068115234,59.14430236816406
2012-09-04,0,62.7400016784668,62.7400016784668,62.7400016784668,62.7400016784668,58.537841796875
2012-08-31,5600,62.7400016784668,62.7400016784668,62.7400016784668,62.7400016784668,58.537841796875
2012-08-30,2300,62.61000061035156,62.4900016784668,62.61000061035156,62.4900016784668,58.30458450317383
2012-08-29,200,62.560001373291016,62.65999984741211,62.65999984741211,62.560001373291016,58.46319580078125
2012-08-28,1800,62.59000015258789,62.560001373291016,62.59000015258789,62.560001373291016,58.36989212036133
2012-08-27,3800,62.619998931884766,62.58000183105469,62.619998931884766,62.5,58.388553619384766
2012-08-24,1100,62.099998474121094,62.58000183105469,62.59000015258789,62.099998474121094,58.388553619384766
2012-08-23,1000,62.779998779296875,62.61000061035156,62.779998779296875,62.54999923706055,58.416542053222656
2012-08-22,1000,62.68000030517578,62.790000915527344,62.790000915527344,62.68000030517578,58.5844841003418
2012-08-21,3800,63.630001068115234,63.04999923706055,63.7400016784668,63.04999923706055,58.82707214355469
2012-08-20,0,62.31999969482422,62.31999969482422,62.31999969482422,62.31999969482422,58.14596176147461
2012-08-17,0,62.31999969482422,62.31999969482422,62.31999969482422,62.31999969482422,58.14596176147461
2012-08-16,0,62.31999969482422,62.31999969482422,62.31999969482422,62.31999969482422,58.14596176147461
2012-08-15,300,62.31999969482422,62.31999969482422,62.31999969482422,62.31999969482422,58.14596176147461
2012-08-14,100,62.099998474121094,62.099998474121094,62.099998474121094,62.099998474121094,57.940696716308594
2012-08-13,0,62.31999969482422,62.31999969482422,62.31999969482422,62.31999969482422,58.14596176147461
2012-08-10,0,62.31999969482422,62.31999969482422,62.31999969482422,62.31999969482422,58.14596176147461
2012-08-09,100,62.31999969482422,62.31999969482422,62.31999969482422,62.31999969482422,58.14596176147461
2012-08-08,2700,61.84000015258789,61.900001525878906,62.09000015258789,61.810001373291016,57.754093170166016
2012-08-07,700,62.20000076293945,62.060001373291016,62.31999969482422,62.060001373291016,57.90338134765625
2012-08-06,0,61.279998779296875,61.279998779296875,61.279998779296875,61.279998779296875,57.17562484741211
2012-08-03,300,61.279998779296875,61.279998779296875,61.279998779296875,61.279998779296875,57.17562484741211
2012-08-02,0,61.349998474121094,61.349998474121094,61.349998474121094,61.349998474121094,57.24093246459961
2012-08-01,0,61.349998474121094,61.349998474121094,61.349998474121094,61.349998474121094,57.24093246459961
2012-07-31,0,61.349998474121094,61.349998474121094,61.349998474121094,61.349998474121094,57.24093246459961
2012-07-30,0,61.349998474121094,61.349998474121094,61.349998474121094,61.349998474121094,57.24093246459961
2012-07-27,900,60.459999084472656,61.349998474121094,61.349998474121094,60.459999084472656,57.24093246459961
2012-07-26,0,61.040000915527344,61.040000915527344,61.040000915527344,61.040000915527344,56.951698303222656
2012-07-25,0,61.040000915527344,61.040000915527344,61.040000915527344,61.040000915527344,56.951698303222656
2012-07-24,0,61.040000915527344,61.040000915527344,61.040000915527344,61.040000915527344,56.951698303222656
2012-07-23,0,61.040000915527344,61.040000915527344,61.040000915527344,61.040000915527344,56.951698303222656
2012-07-20,1100,60.97999954223633,61.040000915527344,61.040000915527344,60.97999954223633,56.951698303222656
2012-07-19,400,61.7599983215332,61.7599983215332,61.7599983215332,61.7599983215332,57.62347412109375
2012-07-18,200,61.689998626708984,61.689998626708984,61.689998626708984,61.689998626708984,57.558162689208984
2012-07-17,400,61.189998626708984,61.349998474121094,61.349998474121094,61.189998626708984,57.24093246459961
2012-07-16,0,60.720001220703125,60.720001220703125,60.720001220703125,60.720001220703125,56.653133392333984
2012-07-13,0,60.720001220703125,60.720001220703125,60.720001220703125,60.720001220703125,56.653133392333984
2012-07-12,0,60.720001220703125,60.720001220703125,60.720001220703125,60.720001220703125,56.653133392333984
2012-07-11,700,60.4900016784668,60.720001220703125,60.720001220703125,60.47999954223633,56.653133392333984
2012-07-10,400,61.529998779296875,61.4900016784668,61.529998779296875,61.4900016784668,57.37156295776367
2012-07-09,0,62.369998931884766,62.369998931884766,62.369998931884766,62.369998931884766,58.1926155090332
2012-07-06,0,62.369998931884766,62.369998931884766,62.369998931884766,62.369998931884766,58.1926155090332
2012-07-05,1500,62.290000915527344,62.369998931884766,62.369998931884766,62.20000076293945,58.1926155090332
2012-07-03,100,62.16999816894531,62.16999816894531,62.16999816894531,62.16999816894531,58.00601577758789
2012-07-02,300,61.310001373291016,61.209999084472656,61.310001373291016,61.209999084472656,57.110313415527344
2012-06-29,500,61.15999984741211,61.15999984741211,61.15999984741211,61.15999984741211,57.063655853271484
2012-06-28,100,59.4900016784668,59.4900016784668,59.4900016784668,59.4900016784668,55.505516052246094
2012-06-27,0,58.11000061035156,58.11000061035156,58.11000061035156,58.11000061035156,54.21794509887695
2012-06-26,0,58.11000061035156,58.11000061035156,58.11000061035156,58.11000061035156,54.21794509887695
2012-06-25,800,58.34000015258789,58.11000061035156,58.34000015258789,58.11000061035156,54.21794509887695
2012-06-22,0,60.43000030517578,60.43000030517578,60.43000030517578,60.43000030517578,56.38255310058594
2012-06-21,0,60.43000030517578,60.43000030517578,60.43000030517578,60.43000030517578,56.38255310058594
2012-06-20,0,60.43000030517578,60.43000030517578,60.43000030517578,60.43000030517578,56.38255310058594
2012-06-19,100,60.43000030517578,60.43000030517578,60.43000030517578,60.43000030517578,56.38255310058594
2012-06-18,0,59.40999984741211,59.40999984741211,59.40999984741211,59.40999984741211,55.430870056152344
2012-06-15,100,59.40999984741211,59.40999984741211,59.40999984741211,59.40999984741211,55.430870056152344
2012-06-14,800,58.70000076293945,58.65999984741211,58.70000076293945,58.65999984741211,54.73110580444336
2012-06-13,200,58.439998626708984,58.439998626708984,58.439998626708984,58.439998626708984,54.52583694458008
2012-06-12,0,59.119998931884766,59.119998931884766,59.119998931884766,59.119998931884766,55.16029357910156
2012-06-11,0,59.119998931884766,59.119998931884766,59.119998931884766,59.119998931884766,55.16029357910156
2012-06-08,300,59.06999969482422,59.119998931884766,59.119998931884766,59.06999969482422,55.16029357910156
2012-06-07,100,59.650001525878906,59.650001525878906,59.650001525878906,59.650001525878906,55.6547966003418
2012-06-06,2900,58.630001068115234,58.63999938964844,58.63999938964844,58.290000915527344,54.71244430541992
2012-06-05,0,57.2400016784668,57.2400016784668,57.2400016784668,57.2400016784668,53.40621566772461
2012-06-04,100,57.2400016784668,57.2400016784668,57.2400016784668,57.2400016784668,53.40621566772461
2012-06-01,3100,57.90999984741211,57.54999923706055,57.9900016784668,57.54999923706055,53.69544982910156
2012-05-31,400,58.790000915527344,59.380001068115234,59.380001068115234,58.790000915527344,55.40288162231445
2012-05-30,0,60.61000061035156,60.61000061035156,60.61000061035156,60.61000061035156,56.55049514770508
2012-05-29,400,60.38999938964844,60.61000061035156,60.61000061035156,60.38999938964844,56.55049514770508
2012-05-25,200,59.81999969482422,59.86000061035156,59.86000061035156,59.81999969482422,55.85073471069336
2012-05-24,700,59.279998779296875,59.869998931884766,59.869998931884766,59.279998779296875,55.86005783081055
2012-05-23,1500,58.4900016784668,59.61000061035156,59.61000061035156,58.4900016784668,55.61747360229492
2012-05-22,1900,59.7400016784668,59.2599983215332,59.75,59.2599983215332,55.29092025756836
2012-05-21,700,59.0,59.029998779296875,59.040000915527344,59.0,55.07632064819336
2012-05-18,1000,58.88999938964844,58.560001373291016,58.88999938964844,58.560001373291016,54.63780212402344
2012-05-17,0,61.290000915527344,61.290000915527344,61.290000915527344,61.290000915527344,57.18495178222656
2012-05-16,3800,61.13999938964844,61.290000915527344,61.29999923706055,61.13999938964844,57.18495178222656
2012-05-15,400,61.060001373291016,61.11000061035156,61.11000061035156,61.029998779296875,57.01700973510742
2012-05-14,1400,61.209999084472656,61.119998931884766,61.599998474121094,61.060001373291016,57.026336669921875
2012-05-11,800,62.20000076293945,62.20000076293945,62.20000076293945,62.13999938964844,58.03400802612305
2012-05-10,0,61.84000015258789,61.84000015258789,61.84000015258789,61.84000015258789,57.698116302490234
2012-05-09,1300,61.599998474121094,61.84000015258789,61.90999984741211,61.599998474121094,57.698116302490234
2012-05-08,300,61.66999816894531,61.43000030517578,61.66999816894531,61.43000030517578,57.31557846069336
2012-05-07,800,61.650001525878906,61.720001220703125,61.88999938964844,61.650001525878906,57.58615493774414
2012-05-04,200,61.880001068115234,61.869998931884766,61.880001068115234,61.869998931884766,57.726104736328125
2012-05-03,100,63.61000061035156,63.61000061035156,63.61000061035156,63.61000061035156,59.34956359863281
2012-05-02,0,63.779998779296875,63.779998779296875,63.779998779296875,63.779998779296875,59.508174896240234
2012-05-01,800,64.30000305175781,63.779998779296875,64.33999633789062,63.779998779296875,59.508174896240234
2012-04-30,100,63.56999969482422,63.56999969482422,63.56999969482422,63.56999969482422,59.3122444152832
2012-04-27,200,64.08000183105469,64.08000183105469,64.08000183105469,64.08000183105469,59.788082122802734
2012-04-26,100,63.619998931884766,63.619998931884766,63.619998931884766,63.619998931884766,59.3588981628418
2012-04-25,400,63.310001373291016,63.09000015258789,63.310001373291016,63.09000015258789,58.8643913269043
2012-04-24,0,61.68000030517578,61.68000030517578,61.68000030517578,61.68000030517578,57.5488395690918
2012-04-23,400,61.470001220703125,61.68000030517578,61.68000030517578,61.470001220703125,57.5488395690918
2012-04-20,300,62.61000061035156,62.5099983215332,62.61000061035156,62.5099983215332,58.323246002197266
2012-04-19,100,62.790000915527344,62.790000915527344,62.790000915527344,62.790000915527344,58.5844841003418
2012-04-18,0,62.810001373291016,62.810001373291016,62.810001373291016,62.810001373291016,58.603145599365234
2012-04-17,600,62.63999938964844,62.810001373291016,62.810001373291016,62.63999938964844,58.603145599365234
2012-04-16,300,61.790000915527344,61.83000183105469,61.83000183105469,61.790000915527344,57.688785552978516
2012-04-13,100,62.22999954223633,62.22999954223633,62.22999954223633,62.22999954223633,58.06199645996094
2012-04-12,1700,62.56999969482422,62.68000030517578,62.68000030517578,62.56999969482422,58.48185729980469
2012-04-11,100,61.279998779296875,61.279998779296875,61.279998779296875,61.279998779296875,57.17562484741211
2012-04-10,1300,61.95000076293945,60.84000015258789,61.95000076293945,60.84000015258789,56.76509475708008
2012-04-09,2100,61.709999084472656,62.11000061035156,62.20000076293945,61.709999084472656,57.95003128051758
2012-04-05,500,63.33000183105469,63.220001220703125,63.349998474121094,63.130001068115234,58.98569107055664
2012-04-04,1200,63.29999923706055,63.310001373291016,63.310001373291016,63.06999969482422,59.06966018676758
2012-04-03,100,64.22000122070312,64.22000122070312,64.22000122070312,64.22000122070312,59.91871643066406
2012-04-02,2000,63.939998626708984,64.08999633789062,64.22000122070312,63.939998626708984,59.79741668701172
2012-03-30,0,63.459999084472656,63.459999084472656,63.459999084472656,63.459999084472656,59.209617614746094
2012-03-29,0,63.459999084472656,63.459999084472656,63.459999084472656,63.459999084472656,59.209617614746094
2012-03-28,100,63.459999084472656,63.459999084472656,63.459999084472656,63.459999084472656,59.209617614746094
2012-03-27,0,63.209999084472656,63.209999084472656,63.209999084472656,63.209999084472656,58.976356506347656
2012-03-26,0,63.209999084472656,63.209999084472656,63.209999084472656,63.209999084472656,58.976356506347656
2012-03-23,300,63.13999938964844,63.209999084472656,63.209999084472656,63.13999938964844,58.976356506347656
2012-03-22,500,63.310001373291016,63.15999984741211,63.310001373291016,63.15999984741211,58.92970657348633
2012-03-21,0,64.83000183105469,64.83000183105469,64.83000183105469,64.83000183105469,60.487857818603516
2012-03-20,0,64.83000183105469,64.83000183105469,64.83000183105469,64.83000183105469,60.487857818603516
2012-03-19,400,64.69999694824219,64.83000183105469,64.83000183105469,64.69999694824219,60.487857818603516
2012-03-16,200,64.4000015258789,64.4000015258789,64.4000015258789,64.4000015258789,60.0866584777832
2012-03-15,0,63.68000030517578,63.68000030517578,63.68000030517578,63.68000030517578,59.414878845214844
2012-03-14,300,63.650001525878906,63.68000030517578,63.68000030517578,63.650001525878906,59.414878845214844
2012-03-13,100,63.29999923706055,63.29999923706055,63.29999923706055,63.29999923706055,59.060325622558594
2012-03-12,0,62.939998626708984,62.939998626708984,62.939998626708984,62.939998626708984,58.72444152832031
2012-03-09,1900,62.459999084472656,62.939998626708984,62.970001220703125,62.369998931884766,58.72444152832031
2012-03-08,100,62.36000061035156,62.36000061035156,62.36000061035156,62.36000061035156,58.18328857421875
2012-03-07,200,61.540000915527344,61.540000915527344,61.540000915527344,61.540000915527344,57.41820526123047
2012-03-06,0,62.40999984741211,62.40999984741211,62.40999984741211,62.40999984741211,58.22993850708008
2012-03-05,0,62.40999984741211,62.40999984741211,62.40999984741211,62.40999984741211,58.22993850708008
2012-03-02,100,62.40999984741211,62.40999984741211,62.40999984741211,62.40999984741211,58.22993850708008
2012-03-01,1600,62.88999938964844,62.810001373291016,62.939998626708984,62.810001373291016,58.603145599365234
2012-02-29,1600,62.900001525878906,62.900001525878906,62.900001525878906,62.900001525878906,58.6871223449707
2012-02-28,400,62.7400016784668,62.7400016784668,62.7400016784668,62.7400016784668,58.537841796875
2012-02-27,500,63.11000061035156,63.09000015258789,63.11000061035156,63.09000015258789,58.8643913269043
2012-02-24,0,62.630001068115234,62.630001068115234,62.630001068115234,62.630001068115234,58.435203552246094
2012-02-23,0,62.630001068115234,62.630001068115234,62.630001068115234,62.630001068115234,58.435203552246094
2012-02-22,900,62.90999984741211,62.630001068115234,62.90999984741211,62.630001068115234,58.435203552246094
2012-02-21,1100,63.279998779296875,63.2599983215332,63.279998779296875,63.15999984741211,59.02301025390625
2012-02-17,0,63.040000915527344,63.040000915527344,63.040000915527344,63.040000915527344,58.81774139404297
2012-02-16,1000,62.04999923706055,63.040000915527344,63.04999923706055,62.04999923706055,58.81774139404297
2012-02-15,0,62.38999938964844,62.38999938964844,62.38999938964844,62.38999938964844,58.21127700805664
2012-02-14,0,62.38999938964844,62.38999938964844,62.38999938964844,62.38999938964844,58.21127700805664
2012-02-13,1200,62.40999984741211,62.38999938964844,62.5,62.38999938964844,58.21127700805664
2012-02-10,0,62.31999969482422,62.31999969482422,62.31999969482422,62.31999969482422,58.14596176147461
2012-02-09,1100,62.68000030517578,62.31999969482422,62.68000030517578,62.25,58.14596176147461
2012-02-08,700,62.66999816894531,62.36000061035156,62.66999816894531,62.36000061035156,58.18328857421875
2012-02-07,600,62.0,62.38999938964844,62.38999938964844,62.0,58.21127700805664
2012-02-06,1300,62.04999923706055,62.16999816894531,62.16999816894531,62.04999923706055,58.00601577758789
2012-02-03,900,62.13999938964844,62.45000076293945,62.459999084472656,62.13999938964844,58.26726150512695
2012-02-02,500,61.5099983215332,61.349998474121094,61.5099983215332,61.349998474121094,57.24093246459961
2012-02-01,900,61.43000030517578,61.220001220703125,61.43000030517578,61.220001220703125,57.11964797973633
2012-01-31,0,60.43000030517578,60.43000030517578,60.43000030517578,60.43000030517578,56.38255310058594
2012-01-30,600,60.310001373291016,60.43000030517578,60.45000076293945,60.310001373291016,56.38255310058594
2012-01-27,1100,60.65999984741211,60.72999954223633,60.72999954223633,60.65999984741211,56.6624641418457
2012-01-26,4500,61.20000076293945,60.400001525878906,61.20000076293945,60.400001525878906,56.35456466674805
2012-01-25,1500,59.9900016784668,60.7599983215332,60.7599983215332,59.9900016784668,56.690452575683594
2012-01-24,900,59.810001373291016,60.130001068115234,60.15999984741211,59.810001373291016,56.1026496887207
2012-01-23,1000,59.790000915527344,59.97999954223633,59.97999954223633,59.790000915527344,55.96269607543945
2012-01-20,1200,59.779998779296875,59.83000183105469,59.83000183105469,59.66999816894531,55.82273864746094
2012-01-19,200,59.83000183105469,59.83000183105469,59.83000183105469,59.83000183105469,55.82273864746094
2012-01-18,200,58.36000061035156,58.36000061035156,58.36000061035156,58.36000061035156,54.45119857788086
2012-01-17,1100,58.72999954223633,58.720001220703125,58.81999969482422,58.720001220703125,54.787086486816406
2012-01-13,200,58.060001373291016,58.380001068115234,58.380001068115234,58.060001373291016,54.4698600769043
2012-01-12,0,58.83000183105469,58.83000183105469,58.83000183105469,58.83000183105469,54.88972091674805
2012-01-11,400,58.84000015258789,58.83000183105469,58.84000015258789,58.83000183105469,54.88972091674805
2012-01-10,400,58.560001373291016,58.599998474121094,58.599998474121094,58.36000061035156,54.67512130737305
2012-01-09,2100,57.77000045776367,57.88999938964844,57.900001525878906,57.56999969482422,54.01267623901367
2012-01-06,0,56.380001068115234,56.380001068115234,56.380001068115234,56.380001068115234,52.603816986083984
2012-01-05,1300,56.36000061035156,56.380001068115234,56.38999938964844,56.36000061035156,52.603816986083984
2012-01-04,300,57.16999816894531,57.150001525878906,57.16999816894531,57.150001525878906,53.322242736816406
2012-01-03,1300,57.849998474121094,57.15999984741211,58.06999969482422,57.15999984741211,53.33156967163086
2011-12-30,1300,56.880001068115234,56.90999984741211,56.90999984741211,56.880001068115234,53.09831237792969
2011-12-29,0,56.93000030517578,56.93000030517578,56.93000030517578,56.93000030517578,53.116973876953125
2011-12-28,0,56.93000030517578,56.93000030517578,56.93000030517578,56.93000030517578,53.116973876953125
2011-12-27,100,56.93000030517578,56.93000030517578,56.93000030517578,56.93000030517578,53.116973876953125
2011-12-23,0,57.25,57.25,57.25,57.25,53.4155387878418
2011-12-22,400,57.27000045776367,57.25,57.27000045776367,57.25,52.67379379272461
2011-12-21,13000,56.189998626708984,56.40999984741211,56.43000030517578,56.189998626708984,51.90093231201172
2011-12-20,300,56.209999084472656,56.36000061035156,56.36000061035156,56.209999084472656,51.85493469238281
2011-12-19,300,55.77000045776367,54.88999938964844,55.77000045776367,54.88999938964844,50.50243377685547
2011-12-16,1200,55.41999816894531,55.400001525878906,55.439998626708984,55.290000915527344,50.9716682434082
2011-12-15,400,55.02000045776367,55.02000045776367,55.02000045776367,55.02000045776367,50.622039794921875
2011-12-14,400,54.369998931884766,54.27000045776367,54.369998931884766,54.27000045776367,49.9319953918457
2011-12-13,500,55.9900016784668,54.95000076293945,55.9900016784668,54.95000076293945,50.557640075683594
2011-12-12,1600,55.790000915527344,55.88999938964844,55.88999938964844,55.40999984741211,51.42250061035156
2011-12-09,400,56.900001525878906,56.88999938964844,56.900001525878906,56.869998931884766,52.342567443847656
2011-12-08,0,56.459999084472656,56.459999084472656,56.459999084472656,56.459999084472656,51.946937561035156
2011-12-07,500,56.93000030517578,56.459999084472656,56.93000030517578,56.459999084472656,51.946937561035156
2011-12-06,800,56.970001220703125,57.290000915527344,57.290000915527344,56.95000076293945,52.710594177246094
2011-12-05,200,57.58000183105469,57.63999938964844,57.63999938964844,57.58000183105469,53.032615661621094
2011-12-02,900,57.040000915527344,56.66999816894531,57.040000915527344,56.66999816894531,52.1401481628418
2011-12-01,700,56.77000045776367,56.68000030517578,56.77000045776367,56.68000030517578,52.14935302734375
2011-11-30,500,56.25,56.209999084472656,56.2599983215332,56.209999084472656,51.71692657470703
2011-11-29,200,54.16999816894531,54.16999816894531,54.16999816894531,54.16999816894531,49.839988708496094
2011-11-28,2000,53.869998931884766,53.79999923706055,53.959999084472656,53.77000045776367,49.49956512451172
2011-11-25,0,52.369998931884766,52.369998931884766,52.369998931884766,52.369998931884766,48.183868408203125
2011-11-23,100,52.369998931884766,52.369998931884766,52.369998931884766,52.369998931884766,48.183868408203125
2011-11-22,600,53.84000015258789,53.849998474121094,53.849998474121094,53.810001373291016,49.545562744140625
2011-11-21,300,53.72999954223633,53.93000030517578,53.93000030517578,53.66999816894531,49.61916732788086
2011-11-18,900,55.34000015258789,55.369998931884766,55.45000076293945,55.22999954223633,50.94406509399414
2011-11-17,1400,55.91999816894531,55.5,56.29999923706055,55.459999084472656,51.06367492675781
2011-11-16,4300,57.20000076293945,56.27000045776367,57.33000183105469,56.25,51.77212905883789
2011-11-15,0,56.5099983215332,56.5099983215332,56.5099983215332,56.5099983215332,51.99293899536133
2011-11-14,3400,56.77000045776367,56.5099983215332,56.869998931884766,56.5099983215332,51.99293899536133
2011-11-11,600,57.099998474121094,57.099998474121094,57.099998474121094,57.099998474121094,52.5357780456543
2011-11-10,0,55.45000076293945,55.45000076293945,55.45000076293945,55.45000076293945,51.01767349243164
2011-11-09,600,55.54999923706055,55.45000076293945,55.54999923706055,55.45000076293945,51.01767349243164
2011-11-08,1000,57.20000076293945,57.689998626708984,57.689998626708984,57.20000076293945,53.07861328125
2011-11-07,200,56.470001220703125,56.470001220703125,56.470001220703125,56.470001220703125,51.95614242553711
2011-11-04,2700,56.61000061035156,57.189998626708984,57.31999969482422,56.27000045776367,52.618587493896484
2011-11-03,700,55.709999084472656,57.25,57.25,55.709999084472656,52.67379379272461
2011-11-02,122900,55.849998474121094,56.130001068115234,56.18000030517578,55.25,51.6433219909668
2011-11-01,2200,54.72999954223633,54.65999984741211,55.150001525878906,54.349998474121094,50.29081726074219
2011-10-31,600,57.2400016784668,57.40999984741211,57.40999984741211,57.2400016784668,52.82099914550781
2011-10-28,700,58.11000061035156,57.84000015258789,58.11000061035156,57.84000015258789,53.21662902832031
2011-10-27,1900,57.61000061035156,58.4900016784668,58.4900016784668,57.47999954223633,53.814674377441406
2011-10-26,900,55.779998779296875,55.90999984741211,56.15999984741211,55.779998779296875,51.44090270996094
2011-10-25,1000,55.7400016784668,55.4900016784668,55.7400016784668,55.4900016784668,51.05447769165039
2011-10-24,700,55.70000076293945,56.2599983215332,56.2599983215332,55.70000076293945,51.76292037963867
2011-10-21,500,54.40999984741211,55.0,55.0,54.40999984741211,50.603641510009766
2011-10-20,0,54.310001373291016,54.310001373291016,54.310001373291016,54.310001373291016,49.96879959106445
2011-10-19,0,54.310001373291016,54.310001373291016,54.310001373291016,54.310001373291016,49.96879959106445
2011-10-18,600,53.459999084472656,54.310001373291016,54.45000076293945,53.45000076293945,49.96879959106445
2011-10-17,700,52.79999923706055,52.61000061035156,52.79999923706055,52.59000015258789,48.40468215942383
2011-10-14,500,53.7400016784668,54.130001068115234,54.130001068115234,53.7400016784668,49.80318832397461
2011-10-13,200,52.900001525878906,52.84000015258789,52.900001525878906,52.84000015258789,48.616294860839844
2011-10-12,700,53.060001373291016,53.5,53.5,53.060001373291016,49.223541259765625
2011-10-11,200,52.56999969482422,52.56999969482422,52.56999969482422,52.56999969482422,48.36787796020508
2011-10-10,1000,52.29999923706055,52.31999969482422,52.34000015258789,52.29999923706055,48.13786697387695
2011-10-07,500,51.369998931884766,51.52000045776367,51.52000045776367,51.369998931884766,47.40180969238281
2011-10-06,0,50.29999923706055,50.29999923706055,50.29999923706055,50.29999923706055,46.27933120727539
2011-10-05,4500,49.7599983215332,50.29999923706055,50.459999084472656,49.689998626708984,46.27933120727539
2011-10-04,200,47.43000030517578,47.43000030517578,47.43000030517578,47.43000030517578,43.63874435424805
2011-10-03,2000,49.2599983215332,47.41999816894531,49.369998931884766,47.41999816894531,43.62953567504883
2011-09-30,200,49.619998931884766,49.619998931884766,49.619998931884766,49.619998931884766,45.6536865234375
2011-09-29,1300,51.119998931884766,50.33000183105469,51.119998931884766,50.33000183105469,46.30693435668945
2011-09-28,0,52.56999969482422,52.56999969482422,52.56999969482422,52.56999969482422,48.36787796020508
2011-09-27,1000,52.65999984741211,52.56999969482422,52.65999984741211,52.56999969482422,48.36787796020508
2011-09-26,100,50.06999969482422,50.06999969482422,50.06999969482422,50.06999969482422,46.06771469116211
2011-09-23,300,49.220001220703125,49.150001525878906,49.220001220703125,49.150001525878906,45.22125244140625
2011-09-22,3200,49.72999954223633,49.13999938964844,49.81999969482422,49.130001068115234,45.21205139160156
2011-09-21,500,51.93000030517578,51.91999816894531,51.95000076293945,51.91999816894531,47.76983642578125
2011-09-20,0,54.470001220703125,54.470001220703125,54.470001220703125,54.470001220703125,50.11601257324219
2011-09-19,0,54.470001220703125,54.470001220703125,54.470001220703125,54.470001220703125,50.11601257324219
2011-09-16,0,54.470001220703125,54.470001220703125,54.470001220703125,54.470001220703125,50.11601257324219
2011-09-15,200,54.400001525878906,54.470001220703125,54.470001220703125,54.400001525878906,50.11601257324219
2011-09-14,900,53.41999816894531,53.439998626708984,53.439998626708984,53.40999984741211,49.1683349609375
2011-09-13,200,52.70000076293945,53.310001373291016,53.310001373291016,52.70000076293945,49.048728942871094
2011-09-12,2200,51.869998931884766,52.40999984741211,52.40999984741211,51.81999969482422,48.220672607421875
2011-09-09,400,53.099998474121094,52.380001068115234,53.099998474121094,52.380001068115234,48.19307327270508
2011-09-08,700,54.06999969482422,53.9900016784668,54.45000076293945,53.90999984741211,49.67437744140625
2011-09-07,100,54.41999816894531,54.41999816894531,54.41999816894531,54.41999816894531,50.070003509521484
2011-09-06,400,51.9900016784668,52.34000015258789,52.34000015258789,51.9900016784668,48.15626907348633
2011-09-02,200,53.0099983215332,53.02000045776367,53.02000045776367,53.0099983215332,48.78190994262695
2011-09-01,1700,55.599998474121094,54.7599983215332,55.68000030517578,54.7400016784668,50.38282775878906
2011-08-31,200,55.40999984741211,55.720001220703125,55.720001220703125,55.40999984741211,51.26608657836914
2011-08-30,1400,54.939998626708984,55.400001525878906,55.5,54.720001220703125,50.9716682434082
2011-08-29,0,51.54999923706055,51.54999923706055,51.54999923706055,51.54999923706055,47.42940902709961
2011-08-26,100,51.54999923706055,51.54999923706055,51.54999923706055,51.54999923706055,47.42940902709961
2011-08-25,800,53.68000030517578,51.97999954223633,53.68000030517578,51.7400016784668,47.825042724609375
2011-08-24,1500,52.29999923706055,52.5099983215332,52.529998779296875,52.29999923706055,48.31267547607422
2011-08-23,1500,50.38999938964844,52.040000915527344,52.040000915527344,50.38999938964844,47.880245208740234
2011-08-22,300,50.380001068115234,50.38999938964844,50.38999938964844,50.380001068115234,46.36213302612305
2011-08-19,500,50.290000915527344,51.529998779296875,51.529998779296875,50.290000915527344,47.4110107421875
2011-08-18,2300,52.220001220703125,51.27000045776367,52.220001220703125,51.060001373291016,47.17179489135742
2011-08-17,1100,54.88999938964844,54.060001373291016,54.88999938964844,54.029998779296875,49.7387809753418
2011-08-16,700,54.27000045776367,53.959999084472656,54.27000045776367,53.959999084472656,49.64677047729492
2011-08-15,1300,54.529998779296875,54.650001525878906,54.650001525878906,54.529998779296875,50.281620025634766
2011-08-12,900,53.41999816894531,53.060001373291016,53.5099983215332,53.060001373291016,48.81871032714844
2011-08-11,500,52.029998779296875,52.029998779296875,52.029998779296875,52.029998779296875,47.87104415893555
2011-08-10,600,50.970001220703125,51.52000045776367,51.52000045776367,50.970001220703125,47.40180969238281
2011-08-09,200,51.630001068115234,51.63999938964844,51.63999938964844,51.630001068115234,47.51222229003906
2011-08-08,2900,52.2599983215332,50.650001525878906,52.61000061035156,50.0,46.60135269165039
2011-08-05,4400,55.02000045776367,53.97999954223633,55.02000045776367,53.900001525878906,49.6651725769043
2011-08-04,600,56.97999954223633,55.880001068115234,57.04999923706055,55.880001068115234,51.413299560546875
2011-08-03,700,57.279998779296875,57.66999816894531,57.66999816894531,57.27000045776367,53.06021499633789
2011-08-02,600,58.08000183105469,58.0,58.08000183105469,58.0,53.36384201049805
2011-08-01,4500,60.790000915527344,59.65999984741211,60.790000915527344,59.61000061035156,54.89115524291992
2011-07-29,1200,60.45000076293945,60.189998626708984,60.45000076293945,60.189998626708984,55.378780364990234
2011-07-28,100,60.7599983215332,60.7599983215332,60.7599983215332,60.7599983215332,55.90321731567383
2011-07-27,800,61.619998931884766,61.119998931884766,61.619998931884766,61.119998931884766,56.23444747924805
2011-07-26,1200,62.439998626708984,62.29999923706055,62.61000061035156,62.29999923706055,57.32012176513672
2011-07-25,400,62.4900016784668,62.68000030517578,62.68000030517578,62.43000030517578,57.66974639892578
2011-07-22,0,61.88999938964844,61.88999938964844,61.88999938964844,61.88999938964844,56.942893981933594
2011-07-21,0,61.88999938964844,61.88999938964844,61.88999938964844,61.88999938964844,56.942893981933594
2011-07-20,0,61.88999938964844,61.88999938964844,61.88999938964844,61.88999938964844,56.942893981933594
2011-07-19,0,61.88999938964844,61.88999938964844,61.88999938964844,61.88999938964844,56.942893981933594
2011-07-18,0,61.88999938964844,61.88999938964844,61.88999938964844,61.88999938964844,56.942893981933594
2011-07-15,0,61.88999938964844,61.88999938964844,61.88999938964844,61.88999938964844,56.942893981933594
2011-07-14,200,61.88999938964844,61.88999938964844,61.88999938964844,61.88999938964844,56.942893981933594
2011-07-13,0,62.560001373291016,62.560001373291016,62.560001373291016,62.560001373291016,57.55934143066406
2011-07-12,200,62.560001373291016,62.560001373291016,62.560001373291016,62.560001373291016,57.55934143066406
2011-07-11,2000,63.189998626708984,62.709999084472656,63.189998626708984,62.709999084472656,57.69735336303711
2011-07-08,1200,63.83000183105469,63.880001068115234,63.880001068115234,63.619998931884766,58.773826599121094
2011-07-07,0,63.900001525878906,63.900001525878906,63.900001525878906,63.900001525878906,58.792232513427734
2011-07-06,400,63.900001525878906,63.900001525878906,63.900001525878906,63.900001525878906,58.792232513427734
2011-07-05,0,62.81999969482422,62.81999969482422,62.81999969482422,62.81999969482422,57.79855728149414
2011-07-01,0,62.81999969482422,62.81999969482422,62.81999969482422,62.81999969482422,57.79855728149414
2011-06-30,300,62.810001373291016,62.81999969482422,62.81999969482422,62.810001373291016,57.79855728149414
2011-06-29,0,60.790000915527344,60.790000915527344,60.790000915527344,60.790000915527344,55.93082046508789
2011-06-28,0,60.790000915527344,60.790000915527344,60.790000915527344,60.790000915527344,55.93082046508789
2011-06-27,0,60.790000915527344,60.790000915527344,60.790000915527344,60.790000915527344,55.93082046508789
2011-06-24,0,60.790000915527344,60.790000915527344,60.790000915527344,60.790000915527344,55.93082046508789
2011-06-23,200,60.790000915527344,60.790000915527344,60.790000915527344,60.790000915527344,55.93082046508789
2011-06-22,900,61.630001068115234,61.91999816894531,61.91999816894531,61.630001068115234,56.970497131347656
2011-06-21,0,60.709999084472656,60.709999084472656,60.709999084472656,60.709999084472656,55.857215881347656
2011-06-20,500,60.709999084472656,60.709999084472656,60.709999084472656,60.709999084472656,55.857215881347656
2011-06-17,2900,60.40999984741211,60.25,60.41999816894531,60.25,55.433990478515625
2011-06-16,0,59.93000030517578,59.93000030517578,59.93000030517578,59.93000030517578,55.13956832885742
2011-06-15,1600,60.47999954223633,59.93000030517578,60.47999954223633,59.93000030517578,55.13956832885742
2011-06-14,4200,60.90999984741211,60.84000015258789,60.90999984741211,60.84000015258789,55.976829528808594
2011-06-13,1400,60.040000915527344,60.130001068115234,60.130001068115234,60.040000915527344,55.32358169555664
2011-06-10,0,60.970001220703125,60.970001220703125,60.970001220703125,60.970001220703125,56.096439361572266
2011-06-09,300,60.689998626708984,60.970001220703125,60.970001220703125,60.689998626708984,56.096439361572266
2011-06-08,0,61.36000061035156,61.36000061035156,61.36000061035156,61.36000061035156,56.455265045166016
2011-06-07,1300,61.09000015258789,61.36000061035156,61.36000061035156,61.060001373291016,56.455265045166016
2011-06-06,200,61.27000045776367,61.27000045776367,61.27000045776367,61.27000045776367,56.372459411621094
2011-06-03,0,63.95000076293945,63.95000076293945,63.95000076293945,63.95000076293945,58.838233947753906
2011-06-02,0,63.95000076293945,63.95000076293945,63.95000076293945,63.95000076293945,58.838233947753906
2011-06-01,0,63.95000076293945,63.95000076293945,63.95000076293945,63.95000076293945,58.838233947753906
2011-05-31,800,63.939998626708984,63.95000076293945,63.970001220703125,63.90999984741211,58.838233947753906
2011-05-27,400,63.540000915527344,63.5099983215332,63.540000915527344,63.5099983215332,58.433406829833984
2011-05-26,0,62.279998779296875,62.279998779296875,62.279998779296875,62.279998779296875,57.30172348022461
2011-05-25,0,62.279998779296875,62.279998779296875,62.279998779296875,62.279998779296875,57.30172348022461
2011-05-24,100,62.279998779296875,62.279998779296875,62.279998779296875,62.279998779296875,57.30172348022461
2011-05-23,500,62.4900016784668,62.47999954223633,62.540000915527344,62.470001220703125,57.48573303222656
2011-05-20,600,63.70000076293945,63.68000030517578,63.709999084472656,63.68000030517578,58.58981704711914
2011-05-19,100,64.05999755859375,64.05999755859375,64.05999755859375,64.05999755859375,58.93943786621094
2011-05-18,200,63.650001525878906,63.650001525878906,63.650001525878906,63.650001525878906,58.562217712402344
2011-05-17,500,62.95000076293945,62.869998931884766,62.959999084472656,62.869998931884766,57.84455871582031
2011-05-16,0,63.810001373291016,63.810001373291016,63.810001373291016,63.810001373291016,58.70942687988281
2011-05-13,0,63.810001373291016,63.810001373291016,63.810001373291016,63.810001373291016,58.70942687988281
2011-05-12,600,63.880001068115234,63.810001373291016,63.880001068115234,63.810001373291016,58.70942687988281
2011-05-11,300,64.75,64.05999755859375,64.75,64.05999755859375,58.93943786621094
2011-05-10,400,64.56999969482422,65.0199966430664,65.0199966430664,64.56999969482422,59.822696685791016
2011-05-09,600,63.779998779296875,63.869998931884766,63.869998931884766,63.720001220703125,58.764625549316406
2011-05-06,2300,64.47000122070312,63.880001068115234,64.47000122070312,63.689998626708984,58.773826599121094
2011-05-05,500,63.5099983215332,63.66999816894531,64.13999938964844,63.5099983215332,58.58061599731445
2011-05-04,300,63.93000030517578,63.93000030517578,63.93000030517578,63.93000030517578,58.81983184814453
2011-05-03,400,64.3499984741211,64.3499984741211,64.3499984741211,64.3499984741211,59.206260681152344
2011-05-02,1100,65.44000244140625,65.05999755859375,65.44000244140625,65.05999755859375,59.8595085144043
2011-04-29,600,65.36000061035156,65.33999633789062,65.36000061035156,65.33999633789062,60.11711883544922
2011-04-28,500,65.31999969482422,65.31999969482422,65.31999969482422,65.31999969482422,60.098716735839844
2011-04-27,800,64.91000366210938,65.08999633789062,65.08999633789062,64.91000366210938,59.88710403442383
2011-04-26,1800,64.79000091552734,64.83000183105469,64.87000274658203,64.77999877929688,59.64789581298828
2011-04-25,1900,64.0999984741211,63.779998779296875,64.0999984741211,63.779998779296875,58.681819915771484
2011-04-21,400,64.0,64.02999877929688,64.05000305175781,64.0,58.91183853149414
2011-04-20,400,63.720001220703125,63.630001068115234,63.88999938964844,63.630001068115234,58.5438117980957
2011-04-19,1800,62.849998474121094,62.810001373291016,62.849998474121094,62.7400016784668,57.789363861083984
2011-04-18,6500,63.06999969482422,62.54999923706055,63.06999969482422,62.099998474121094,57.550140380859375
2011-04-15,1400,63.630001068115234,63.650001525878906,63.650001525878906,63.59000015258789,58.562217712402344
2011-04-14,3000,62.869998931884766,63.09000015258789,63.09000015258789,62.709999084472656,58.04697799682617
2011-04-13,200,63.40999984741211,63.380001068115234,63.40999984741211,63.380001068115234,58.31379699707031
2011-04-12,1000,63.470001220703125,63.0099983215332,63.470001220703125,62.91999816894531,57.97336959838867
2011-04-11,400,64.0999984741211,63.779998779296875,64.0999984741211,63.779998779296875,58.681819915771484
2011-04-08,3200,65.23999786376953,64.26000213623047,65.23999786376953,64.26000213623047,59.12345504760742
2011-04-07,0,65.01000213623047,65.01000213623047,65.01000213623047,65.01000213623047,59.813507080078125
2011-04-06,500,64.97000122070312,65.01000213623047,65.01000213623047,64.86000061035156,59.813507080078125
2011-04-05,100,65.1500015258789,65.1500015258789,65.1500015258789,65.1500015258789,59.942317962646484
2011-04-04,2800,64.97000122070312,64.76000213623047,64.97000122070312,64.70999908447266,59.583492279052734
2011-04-01,0,64.23999786376953,64.23999786376953,64.23999786376953,64.23999786376953,59.10504913330078
2011-03-31,1400,64.19999694824219,64.23999786376953,64.23999786376953,64.19999694824219,59.10504913330078
2011-03-30,2000,63.720001220703125,63.91999816894531,63.91999816894531,63.65999984741211,58.81062698364258
2011-03-29,400,63.220001220703125,63.29999923706055,63.29999923706055,63.220001220703125,58.24019241333008
2011-03-28,300,63.310001373291016,63.31999969482422,63.31999969482422,63.310001373291016,58.25859069824219
2011-03-25,2500,63.45000076293945,63.25,63.45000076293945,63.25,58.194183349609375
2011-03-24,200,61.88999938964844,61.88999938964844,61.88999938964844,61.88999938964844,56.942893981933594
2011-03-23,300,61.70000076293945,61.709999084472656,61.709999084472656,61.70000076293945,56.77728271484375
2011-03-22,300,62.40999984741211,62.380001068115234,62.40999984741211,62.380001068115234,57.39373016357422
2011-03-21,0,61.349998474121094,61.349998474121094,61.349998474121094,61.349998474121094,56.44606399536133
2011-03-18,900,61.54999923706055,61.349998474121094,61.54999923706055,61.349998474121094,56.44606399536133
2011-03-17,200,61.34000015258789,61.34000015258789,61.34000015258789,61.34000015258789,56.436866760253906
2011-03-16,8200,61.06999969482422,60.7400016784668,61.06999969482422,60.63999938964844,55.88482666015625
2011-03-15,1200,60.400001525878906,61.33000183105469,61.33000183105469,59.810001373291016,56.42766189575195
2011-03-14,0,62.040000915527344,62.040000915527344,62.040000915527344,62.040000915527344,57.080909729003906
2011-03-11,1700,61.349998474121094,62.040000915527344,62.040000915527344,61.349998474121094,57.080909729003906
2011-03-10,1300,62.2400016784668,61.779998779296875,62.2400016784668,61.68000030517578,56.84169006347656
2011-03-09,200,62.9900016784668,62.9900016784668,62.9900016784668,62.9900016784668,57.95497131347656
2011-03-08,2500,62.22999954223633,63.220001220703125,63.27000045776367,62.22999954223633,58.16658401489258
2011-03-07,200,62.029998779296875,62.029998779296875,62.029998779296875,62.029998779296875,57.07170486450195
2011-03-04,2200,63.09000015258789,62.630001068115234,63.09000015258789,62.630001068115234,57.623748779296875
2011-03-03,3900,62.880001068115234,63.11000061035156,63.189998626708984,62.880001068115234,58.06538009643555
2011-03-02,5000,61.970001220703125,62.290000915527344,62.470001220703125,61.970001220703125,57.31092834472656
2011-03-01,5000,62.849998474121094,61.84000015258789,62.93000030517578,61.79999923706055,56.89689636230469
2011-02-28,200,63.060001373291016,63.0,63.060001373291016,63.0,57.964168548583984
2011-02-25,2300,62.11000061035156,62.70000076293945,62.70000076293945,62.11000061035156,57.68815231323242
2011-02-24,3400,61.22999954223633,61.220001220703125,61.22999954223633,61.20000076293945,56.326454162597656
2011-02-23,1700,62.65999984741211,62.47999954223633,62.81999969482422,62.47999954223633,57.48573303222656
2011-02-22,3200,63.369998931884766,62.63999938964844,63.45000076293945,62.63999938964844,57.6329460144043
2011-02-18,3600,63.9900016784668,64.0199966430664,64.0199966430664,63.84000015258789,58.90263366699219
2011-02-17,6200,63.529998779296875,64.04000091552734,64.04000091552734,63.529998779296875,58.92103576660156
2011-02-16,900,63.400001525878906,63.529998779296875,63.529998779296875,63.400001525878906,58.451805114746094
2011-02-15,0,63.16999816894531,63.16999816894531,63.16999816894531,63.16999816894531,58.12057876586914
2011-02-14,600,63.130001068115234,63.16999816894531,63.16999816894531,63.11000061035156,58.12057876586914
2011-02-11,800,62.15999984741211,62.290000915527344,62.290000915527344,62.15999984741211,57.31092834472656
2011-02-10,1200,62.400001525878906,62.40999984741211,62.40999984741211,62.290000915527344,57.42133331298828
2011-02-09,1700,62.310001373291016,62.099998474121094,62.310001373291016,62.099998474121094,57.136112213134766
2011-02-08,2900,62.27000045776367,62.290000915527344,62.349998474121094,62.27000045776367,57.31092834472656
2011-02-07,3300,61.95000076293945,62.2400016784668,62.2599983215332,61.95000076293945,57.264923095703125
2011-02-04,2200,61.4900016784668,61.33000183105469,61.4900016784668,61.33000183105469,56.42766189575195
2011-02-03,700,61.15999984741211,61.33000183105469,61.33000183105469,61.15999984741211,56.42766189575195
2011-02-02,800,61.369998931884766,61.34000015258789,61.369998931884766,61.29999923706055,56.436866760253906
2011-02-01,1600,61.02000045776367,61.47999954223633,61.47999954223633,61.02000045776367,56.56566619873047
2011-01-31,0,61.349998474121094,61.349998474121094,61.349998474121094,61.349998474121094,56.44606399536133
2011-01-28,100,61.349998474121094,61.349998474121094,61.349998474121094,61.349998474121094,56.44606399536133
2011-01-27,2700,61.290000915527344,61.310001373291016,61.310001373291016,61.290000915527344,56.40925979614258
2011-01-26,500,60.720001220703125,60.720001220703125,60.720001220703125,60.720001220703125,55.86642074584961
2011-01-25,2400,60.29999923706055,60.29999923706055,60.29999923706055,60.29999923706055,55.47999572753906
2011-01-24,500,59.97999954223633,59.9900016784668,59.9900016784668,59.97999954223633,55.19477462768555
2011-01-21,3500,60.279998779296875,59.88999938964844,60.5,59.88999938964844,55.10276412963867
2011-01-20,500,59.79999923706055,59.810001373291016,59.810001373291016,59.79999923706055,55.0291633605957
2011-01-19,0,60.130001068115234,60.130001068115234,60.130001068115234,60.130001068115234,55.32358169555664
2011-01-18,0,60.130001068115234,60.130001068115234,60.130001068115234,60.130001068115234,55.32358169555664
2011-01-14,0,60.130001068115234,60.130001068115234,60.130001068115234,60.130001068115234,55.32358169555664
2011-01-13,500,60.150001525878906,60.130001068115234,60.150001525878906,60.130001068115234,55.32358169555664
2011-01-12,1000,60.290000915527344,60.15999984741211,60.290000915527344,60.15999984741211,55.3511848449707
2011-01-11,200,59.7400016784668,59.75,59.75,59.7400016784668,54.97395324707031
2011-01-10,400,59.36000061035156,59.349998474121094,59.369998931884766,59.349998474121094,54.605926513671875
2011-01-07,200,59.18000030517578,59.189998626708984,59.189998626708984,59.18000030517578,54.458717346191406
2011-01-06,400,59.66999816894531,59.439998626708984,59.66999816894531,59.439998626708984,54.68873596191406
2011-01-05,300,59.47999954223633,59.459999084472656,59.47999954223633,59.459999084472656,54.70713806152344
2011-01-04,0,59.689998626708984,59.689998626708984,59.689998626708984,59.689998626708984,54.91875076293945
2011-01-03,400,59.5099983215332,59.689998626708984,59.689998626708984,59.5099983215332,54.91875076293945
2010-12-31,0,59.310001373291016,59.310001373291016,59.310001373291016,59.310001373291016,54.569129943847656
2010-12-30,0,59.310001373291016,59.310001373291016,59.310001373291016,59.310001373291016,54.569129943847656
2010-12-29,400,59.369998931884766,59.310001373291016,59.369998931884766,59.310001373291016,54.569129943847656
2010-12-28,0,58.900001525878906,58.900001525878906,58.900001525878906,58.900001525878906,54.19190216064453
2010-12-27,1500,58.869998931884766,58.900001525878906,58.900001525878906,58.869998931884766,54.19190216064453
2010-12-23,500,59.380001068115234,59.369998931884766,59.380001068115234,59.369998931884766,54.388790130615234
2010-12-22,500,59.310001373291016,59.380001068115234,59.380001068115234,59.310001373291016,54.397953033447266
2010-12-21,0,58.540000915527344,58.540000915527344,58.540000915527344,58.540000915527344,53.62843704223633
2010-12-20,100,58.540000915527344,58.540000915527344,58.540000915527344,58.540000915527344,53.62843704223633
2010-12-17,200,58.36000061035156,58.36000061035156,58.36000061035156,58.36000061035156,53.46353530883789
2010-12-16,3200,57.81999969482422,58.31999969482422,58.31999969482422,57.81999969482422,53.42688751220703
2010-12-15,0,58.2400016784668,58.2400016784668,58.2400016784668,58.2400016784668,53.353607177734375
2010-12-14,300,58.2400016784668,58.2400016784668,58.2400016784668,58.2400016784668,53.353607177734375
2010-12-13,500,58.459999084472656,58.369998931884766,58.459999084472656,58.369998931884766,53.47269821166992
2010-12-10,4900,57.720001220703125,58.189998626708984,58.189998626708984,57.720001220703125,53.307796478271484
2010-12-09,200,57.45000076293945,57.45000076293945,57.45000076293945,57.45000076293945,52.629886627197266
2010-12-08,600,57.25,57.279998779296875,57.279998779296875,57.25,52.474151611328125
2010-12-07,300,57.810001373291016,57.810001373291016,57.810001373291016,57.810001373291016,52.959686279296875
2010-12-06,200,57.34000015258789,57.34000015258789,57.34000015258789,57.34000015258789,52.52911376953125
2010-12-03,300,56.90999984741211,56.90999984741211,56.90999984741211,56.90999984741211,52.13519287109375
2010-12-02,0,56.130001068115234,56.130001068115234,56.130001068115234,56.130001068115234,51.42063903808594
2010-12-01,300,56.130001068115234,56.130001068115234,56.130001068115234,56.130001068115234,51.42063903808594
2010-11-30,0,54.959999084472656,54.959999084472656,54.959999084472656,54.959999084472656,50.34879684448242
2010-11-29,100,54.959999084472656,54.959999084472656,54.959999084472656,54.959999084472656,50.34879684448242
2010-11-26,0,55.75,55.75,55.75,55.75,51.072513580322266
2010-11-24,2100,55.7599983215332,55.75,55.790000915527344,55.75,51.072513580322266
2010-11-23,100,54.84000015258789,54.84000015258789,54.84000015258789,54.84000015258789,50.23887252807617
2010-11-22,3000,55.470001220703125,55.45000076293945,55.470001220703125,55.45000076293945,50.79768753051758
2010-11-19,0,55.38999938964844,55.38999938964844,55.38999938964844,55.38999938964844,50.74272155761719
2010-11-18,1000,55.349998474121094,55.38999938964844,55.38999938964844,55.349998474121094,50.74272155761719
2010-11-17,700,54.31999969482422,54.52000045776367,54.52000045776367,54.31999969482422,49.94571304321289
2010-11-16,600,54.04999923706055,54.04999923706055,54.04999923706055,54.04999923706055,49.5151481628418
2010-11-15,400,55.45000076293945,55.72999954223633,55.72999954223633,55.45000076293945,51.05419158935547
2010-11-12,500,55.16999816894531,55.16999816894531,55.16999816894531,55.16999816894531,50.54117965698242
2010-11-11,0,56.029998779296875,56.029998779296875,56.029998779296875,56.029998779296875,51.32902526855469
2010-11-10,700,56.0,56.029998779296875,56.029998779296875,55.9900016784668,51.32902526855469
2010-11-09,1800,56.29999923706055,56.279998779296875,56.29999923706055,56.279998779296875,51.55805206298828
2010-11-08,28600,56.310001373291016,56.34000015258789,56.369998931884766,56.29999923706055,51.613014221191406
2010-11-05,1100,56.38999938964844,56.5099983215332,56.5099983215332,56.380001068115234,51.76874923706055
2010-11-04,400,55.84000015258789,55.84000015258789,55.84000015258789,55.84000015258789,51.154964447021484
2010-11-03,400,54.709999084472656,54.709999084472656,54.709999084472656,54.709999084472656,50.119773864746094
2010-11-02,0,54.41999816894531,54.41999816894531,54.41999816894531,54.41999816894531,49.85410690307617
2010-11-01,0,54.41999816894531,54.41999816894531,54.41999816894531,54.41999816894531,49.85410690307617
2010-10-29,0,54.41999816894531,54.41999816894531,54.41999816894531,54.41999816894531,49.85410690307617
2010-10-28,0,54.41999816894531,54.41999816894531,54.41999816894531,54.41999816894531,49.85410690307617
2010-10-27,0,54.41999816894531,54.41999816894531,54.41999816894531,54.41999816894531,49.85410690307617
2010-10-26,1500,54.41999816894531,54.41999816894531,54.41999816894531,54.41999816894531,49.85410690307617
2010-10-25,0,54.279998779296875,54.279998779296875,54.279998779296875,54.279998779296875,49.72584915161133
2010-10-22,1600,54.209999084472656,54.279998779296875,54.279998779296875,54.189998626708984,49.72584915161133
2010-10-21,2100,54.16999816894531,53.779998779296875,54.2599983215332,53.7400016784668,49.267799377441406
2010-10-20,0,54.209999084472656,54.209999084472656,54.209999084472656,54.209999084472656,49.66172409057617
2010-10-19,600,54.08000183105469,54.209999084472656,54.209999084472656,54.08000183105469,49.66172409057617
2010-10-18,0,54.33000183105469,54.33000183105469,54.33000183105469,54.33000183105469,49.77165603637695
2010-10-15,0,54.33000183105469,54.33000183105469,54.33000183105469,54.33000183105469,49.77165603637695
2010-10-14,0,54.33000183105469,54.33000183105469,54.33000183105469,54.33000183105469,49.77165603637695
2010-10-13,3300,54.029998779296875,54.33000183105469,54.470001220703125,54.029998779296875,49.77165603637695
2010-10-12,8400,53.2400016784668,53.7400016784668,53.7400016784668,52.959999084472656,49.23115921020508
2010-10-11,2000,53.58000183105469,53.56999969482422,53.58000183105469,53.56999969482422,49.07542419433594
2010-10-08,4000,53.38999938964844,53.52000045776367,53.52000045776367,53.38999938964844,49.02961730957031
2010-10-07,700,53.08000183105469,53.0,53.08000183105469,52.849998474121094,48.553245544433594
2010-10-06,400,53.2400016784668,53.15999984741211,53.2400016784668,53.15999984741211,48.69981384277344
2010-10-05,2100,52.849998474121094,53.45000076293945,53.45000076293945,52.849998474121094,48.965492248535156
2010-10-04,2100,52.70000076293945,52.40999984741211,52.77000045776367,52.40999984741211,48.01274871826172
2010-10-01,1100,52.86000061035156,52.91999816894531,52.91999816894531,52.86000061035156,48.47995376586914
2010-09-30,1000,53.040000915527344,53.040000915527344,53.040000915527344,53.040000915527344,48.58989334106445
2010-09-29,1200,52.630001068115234,52.63999938964844,52.63999938964844,52.630001068115234,48.223445892333984
2010-09-28,6800,51.75,52.400001525878906,52.400001525878906,51.529998779296875,48.00358963012695
2010-09-27,2900,52.06999969482422,52.02000045776367,52.06999969482422,52.02000045776367,47.65547180175781
2010-09-24,3600,51.75,52.099998474121094,52.099998474121094,51.75,47.72875213623047
2010-09-23,200,51.5,51.5,51.5,51.5,47.17909622192383
2010-09-22,1000,51.349998474121094,51.4900016784668,51.4900016784668,51.349998474121094,47.16994094848633
2010-09-21,700,52.040000915527344,51.86000061035156,52.040000915527344,51.86000061035156,47.508888244628906
2010-09-20,1300,51.47999954223633,51.7599983215332,51.7599983215332,51.47999954223633,47.41728210449219
2010-09-17,7400,51.400001525878906,51.290000915527344,51.400001525878906,51.22999954223633,46.986717224121094
2010-09-16,11800,51.2400016784668,51.27000045776367,51.27000045776367,51.09000015258789,46.9683952331543
2010-09-15,2200,50.959999084472656,51.529998779296875,51.529998779296875,50.959999084472656,47.20657730102539
2010-09-14,3500,51.349998474121094,51.380001068115234,51.470001220703125,51.310001373291016,47.06916809082031
2010-09-13,7900,51.36000061035156,51.2599983215332,51.38999938964844,51.22999954223633,46.959232330322266
2010-09-10,69100,50.54999923706055,50.59000015258789,50.59000015258789,50.310001373291016,46.3454475402832
2010-09-09,1200,50.619998931884766,50.619998931884766,50.619998931884766,50.619998931884766,46.372928619384766
