date,volume,open,close,high,low,adjclose
2018-11-16,32,4.920000076293945,4.760000228881836,4.78000020980835,4.760000228881836,4.760000228881836
2018-11-15,2200,4.920000076293945,4.760000228881836,4.920000076293945,4.760000228881836,4.760000228881836
2018-11-14,1600,4.760000228881836,4.760000228881836,4.760000228881836,4.760000228881836,4.760000228881836
2018-11-13,900,4.690000057220459,4.690000057220459,4.690000057220459,4.650000095367432,4.690000057220459
2018-11-12,24000,4.760000228881836,4.760000228881836,4.78000020980835,4.389999866485596,4.760000228881836
2018-11-09,13600,4.760000228881836,4.760000228881836,4.829999923706055,4.760000228881836,4.760000228881836
2018-11-08,3500,4.829999923706055,4.829999923706055,4.949999809265137,4.829999923706055,4.829999923706055
2018-11-07,200,4.880000114440918,4.880000114440918,4.880000114440918,4.880000114440918,4.880000114440918
2018-11-06,2800,4.829999923706055,4.880000114440918,5.0,4.829999923706055,4.880000114440918
2018-11-05,5000,4.900000095367432,4.829999923706055,4.929999828338623,4.829999923706055,4.829999923706055
2018-11-02,100,4.989999771118164,4.989999771118164,4.989999771118164,4.989999771118164,4.989999771118164
2018-11-01,2400,4.849999904632568,4.989999771118164,4.989999771118164,4.829999923706055,4.989999771118164
2018-10-31,800,4.96999979019165,4.670000076293945,4.96999979019165,4.670000076293945,4.670000076293945
2018-10-30,1500,4.690000057220459,4.96999979019165,4.989999771118164,4.690000057220459,4.96999979019165
2018-10-29,500,4.929999828338623,4.960000038146973,4.960000038146973,4.929999828338623,4.960000038146973
2018-10-26,1200,4.71999979019165,4.980000019073486,5.03000020980835,4.699999809265137,4.980000019073486
2018-10-25,1300,4.849999904632568,4.829999923706055,4.849999904632568,4.829999923706055,4.829999923706055
2018-10-24,500,4.809999942779541,4.900000095367432,4.900000095367432,4.809999942779541,4.900000095367432
2018-10-23,3400,4.949999809265137,5.059999942779541,5.059999942779541,4.949999809265137,5.059999942779541
2018-10-22,2000,4.900000095367432,5.050000190734863,5.050000190734863,4.900000095367432,5.050000190734863
2018-10-19,600,4.829999923706055,4.949999809265137,4.949999809265137,4.829999923706055,4.949999809265137
2018-10-18,400,4.929999828338623,4.96999979019165,4.96999979019165,4.929999828338623,4.96999979019165
2018-10-17,1200,4.690000057220459,4.699999809265137,4.949999809265137,4.690000057220459,4.699999809265137
2018-10-16,7800,4.699999809265137,4.760000228881836,4.920000076293945,4.690000057220459,4.760000228881836
2018-10-15,3400,4.860000133514404,4.800000190734863,4.860000133514404,4.800000190734863,4.800000190734863
2018-10-12,800,4.809999942779541,4.96999979019165,4.96999979019165,4.460000038146973,4.96999979019165
2018-10-11,4900,4.590000152587891,4.590000152587891,4.929999828338623,4.590000152587891,4.590000152587891
2018-10-10,8700,5.0,4.5,5.019999980926514,4.099999904632568,4.5
2018-10-09,3600,4.960000038146973,4.900000095367432,4.96999979019165,4.900000095367432,4.900000095367432
2018-10-08,0,4.96999979019165,4.96999979019165,4.96999979019165,4.96999979019165,4.96999979019165
2018-10-05,1600,4.96999979019165,4.96999979019165,4.96999979019165,4.96999979019165,4.96999979019165
2018-10-04,1700,4.96999979019165,4.989999771118164,4.989999771118164,4.96999979019165,4.989999771118164
2018-10-03,100,4.96999979019165,4.96999979019165,4.96999979019165,4.96999979019165,4.96999979019165
2018-10-02,500,4.96999979019165,4.96999979019165,4.96999979019165,4.96999979019165,4.96999979019165
2018-10-01,200,5.050000190734863,5.050000190734863,5.050000190734863,5.050000190734863,5.050000190734863
2018-09-28,700,5.050000190734863,5.050000190734863,5.050000190734863,5.050000190734863,5.050000190734863
2018-09-27,1200,4.960000038146973,4.96999979019165,5.050000190734863,4.960000038146973,4.96999979019165
2018-09-26,800,4.989999771118164,5.079999923706055,5.090000152587891,4.980000019073486,5.079999923706055
2018-09-25,800,5.0,4.929999828338623,5.039999961853027,4.929999828338623,4.929999828338623
2018-09-24,200,5.090000152587891,5.090000152587891,5.090000152587891,5.090000152587891,5.090000152587891
2018-09-21,8500,5.070000171661377,5.099999904632568,5.099999904632568,5.010000228881836,5.099999904632568
2018-09-20,1500,5.039999961853027,5.039999961853027,5.050000190734863,5.039999961853027,5.039999961853027
2018-09-19,2500,4.96999979019165,5.039999961853027,5.039999961853027,4.909999847412109,5.039999961853027
2018-09-18,1800,4.96999979019165,4.96999979019165,5.010000228881836,4.96999979019165,4.96999979019165
2018-09-17,0,4.909999847412109,4.909999847412109,4.909999847412109,4.909999847412109,4.909999847412109
2018-09-14,6500,4.920000076293945,4.909999847412109,5.070000171661377,4.900000095367432,4.909999847412109
2018-09-13,0,4.96999979019165,4.96999979019165,4.96999979019165,4.96999979019165,4.96999979019165
2018-09-12,1200,4.960000038146973,4.96999979019165,4.96999979019165,4.909999847412109,4.96999979019165
2018-09-11,1200,4.900000095367432,4.96999979019165,4.96999979019165,4.900000095367432,4.96999979019165
2018-09-10,1800,4.949999809265137,4.949999809265137,5.0,4.949999809265137,4.949999809265137
2018-09-07,0,4.980000019073486,4.980000019073486,4.980000019073486,4.980000019073486,4.980000019073486
2018-09-06,3200,5.039999961853027,4.980000019073486,5.039999961853027,4.980000019073486,4.980000019073486
2018-09-05,2100,5.150000095367432,5.170000076293945,5.210000038146973,5.150000095367432,5.170000076293945
2018-09-04,500,5.139999866485596,5.210000038146973,5.210000038146973,5.139999866485596,5.210000038146973
2018-08-31,2700,5.0,5.139999866485596,5.139999866485596,4.989999771118164,5.139999866485596
2018-08-30,1800,4.980000019073486,5.0,5.0,4.980000019073486,5.0
2018-08-29,2600,4.929999828338623,4.849999904632568,5.139999866485596,4.849999904632568,4.849999904632568
2018-08-28,500,5.159999847412109,5.159999847412109,5.159999847412109,5.159999847412109,5.159999847412109
2018-08-27,3800,5.130000114440918,5.0,5.130000114440918,5.0,5.0
2018-08-24,1500,5.110000133514404,5.110000133514404,5.110000133514404,5.019999980926514,5.110000133514404
2018-08-23,0,5.119999885559082,5.119999885559082,5.119999885559082,5.119999885559082,5.119999885559082
2018-08-22,300,5.119999885559082,5.119999885559082,5.119999885559082,5.119999885559082,5.119999885559082
2018-08-21,800,5.019999980926514,5.039999961853027,5.059999942779541,5.019999980926514,5.039999961853027
2018-08-20,5900,5.019999980926514,5.110000133514404,5.119999885559082,5.0,5.110000133514404
2018-08-17,600,4.980000019073486,4.980000019073486,4.980000019073486,4.980000019073486,4.980000019073486
2018-08-16,1500,4.989999771118164,5.159999847412109,5.159999847412109,4.96999979019165,5.159999847412109
2018-08-15,1900,4.96999979019165,4.96999979019165,4.96999979019165,4.96999979019165,4.96999979019165
2018-08-14,3400,5.0,4.989999771118164,5.010000228881836,4.96999979019165,4.989999771118164
2018-08-13,1900,5.0,5.0,5.0,5.0,5.0
2018-08-10,2500,5.0,5.090000152587891,5.090000152587891,4.96999979019165,5.090000152587891
2018-08-09,7300,5.099999904632568,5.099999904632568,5.150000095367432,5.099999904632568,5.099999904632568
2018-08-08,17400,4.989999771118164,5.059999942779541,5.210000038146973,4.989999771118164,5.059999942779541
2018-08-07,300,5.070000171661377,5.070000171661377,5.070000171661377,5.070000171661377,5.070000171661377
2018-08-06,3400,5.119999885559082,5.0,5.119999885559082,5.0,5.0
2018-08-03,8000,5.25,5.25,5.25,5.03000020980835,5.25
2018-08-02,42300,4.949999809265137,5.150000095367432,5.260000228881836,4.929999828338623,5.150000095367432
2018-08-01,0,4.829999923706055,4.829999923706055,4.829999923706055,4.829999923706055,4.829999923706055
2018-07-31,200,4.829999923706055,4.829999923706055,4.829999923706055,4.829999923706055,4.829999923706055
2018-07-30,0,4.96999979019165,4.96999979019165,4.96999979019165,4.96999979019165,4.96999979019165
2018-07-27,8300,4.769999980926514,4.96999979019165,5.03000020980835,4.769999980926514,4.96999979019165
2018-07-26,600,4.880000114440918,4.820000171661377,4.880000114440918,4.820000171661377,4.820000171661377
2018-07-25,1200,4.760000228881836,4.920000076293945,4.929999828338623,4.760000228881836,4.920000076293945
2018-07-24,2100,4.900000095367432,4.800000190734863,4.900000095367432,4.800000190734863,4.800000190734863
2018-07-23,700,4.860000133514404,4.820000171661377,4.860000133514404,4.78000020980835,4.820000171661377
2018-07-20,3700,4.96999979019165,4.820000171661377,4.96999979019165,4.639999866485596,4.820000171661377
2018-07-19,900,4.909999847412109,4.829999923706055,4.909999847412109,4.829999923706055,4.829999923706055
2018-07-18,2100,4.760000228881836,4.869999885559082,4.900000095367432,4.71999979019165,4.869999885559082
2018-07-17,1200,4.900000095367432,4.800000190734863,4.900000095367432,4.800000190734863,4.800000190734863
2018-07-16,9000,4.800000190734863,4.829999923706055,4.829999923706055,4.650000095367432,4.829999923706055
2018-07-13,10500,4.900000095367432,4.929999828338623,4.960000038146973,4.809999942779541,4.929999828338623
2018-07-12,11900,4.880000114440918,4.989999771118164,4.989999771118164,4.710000038146973,4.989999771118164
2018-07-11,5400,4.96999979019165,4.78000020980835,4.96999979019165,4.730000019073486,4.78000020980835
2018-07-10,5100,4.96999979019165,4.96999979019165,4.96999979019165,4.710000038146973,4.96999979019165
2018-07-09,5400,4.829999923706055,4.960000038146973,5.070000171661377,4.820000171661377,4.960000038146973
2018-07-06,8000,4.75,4.880000114440918,5.019999980926514,4.650000095367432,4.880000114440918
2018-07-05,200,4.800000190734863,4.800000190734863,4.800000190734863,4.800000190734863,4.800000190734863
2018-07-03,400,4.650000095367432,4.800000190734863,4.800000190734863,4.650000095367432,4.800000190734863
2018-07-02,1300,4.619999885559082,4.730000019073486,4.730000019073486,4.619999885559082,4.730000019073486
2018-06-29,0,4.829999923706055,4.829999923706055,4.829999923706055,4.829999923706055,4.829999923706055
2018-06-28,800,4.789999961853027,4.829999923706055,4.829999923706055,4.739999771118164,4.829999923706055
2018-06-27,500,4.820000171661377,4.820000171661377,4.820000171661377,4.820000171661377,4.820000171661377
2018-06-26,0,4.840000152587891,4.840000152587891,4.840000152587891,4.840000152587891,4.840000152587891
2018-06-25,1100,4.769999980926514,4.840000152587891,4.840000152587891,4.769999980926514,4.840000152587891
2018-06-22,4800,4.880000114440918,4.820000171661377,4.880000114440918,4.75,4.820000171661377
2018-06-21,1500,4.889999866485596,4.800000190734863,4.889999866485596,4.800000190734863,4.800000190734863
2018-06-20,1400,4.829999923706055,4.869999885559082,4.869999885559082,4.730000019073486,4.869999885559082
2018-06-19,1800,4.699999809265137,4.730000019073486,4.860000133514404,4.699999809265137,4.730000019073486
2018-06-18,600,4.900000095367432,4.900000095367432,4.900000095367432,4.900000095367432,4.900000095367432
2018-06-15,4300,4.849999904632568,4.829999923706055,4.960000038146973,4.71999979019165,4.829999923706055
2018-06-14,2400,4.760000228881836,4.820000171661377,4.829999923706055,4.690000057220459,4.820000171661377
2018-06-13,400,4.769999980926514,4.75,4.769999980926514,4.75,4.75
2018-06-12,10200,4.860000133514404,4.75,4.960000038146973,4.690000057220459,4.75
2018-06-11,16200,4.809999942779541,4.809999942779541,4.900000095367432,4.690000057220459,4.809999942779541
2018-06-08,2800,4.809999942779541,4.900000095367432,4.940000057220459,4.690000057220459,4.900000095367432
2018-06-07,300,4.889999866485596,4.980000019073486,4.989999771118164,4.889999866485596,4.980000019073486
2018-06-06,7500,4.960000038146973,4.820000171661377,4.980000019073486,4.760000228881836,4.820000171661377
2018-06-05,3400,4.849999904632568,4.900000095367432,4.949999809265137,4.710000038146973,4.900000095367432
2018-06-04,64300,4.730000019073486,4.760000228881836,5.170000076293945,4.650000095367432,4.760000228881836
2018-06-01,2800,4.829999923706055,4.730000019073486,4.829999923706055,4.679999828338623,4.730000019073486
2018-05-31,8200,4.800000190734863,4.699999809265137,4.849999904632568,4.699999809265137,4.699999809265137
2018-05-30,5400,4.619999885559082,4.800000190734863,4.829999923706055,4.610000133514404,4.800000190734863
2018-05-29,1900,4.869999885559082,4.730000019073486,4.909999847412109,4.730000019073486,4.730000019073486
2018-05-25,22700,4.760000228881836,4.849999904632568,4.849999904632568,4.550000190734863,4.849999904632568
2018-05-24,2000,4.550000190734863,4.75,4.849999904632568,4.550000190734863,4.75
2018-05-23,20600,5.0,4.699999809265137,5.090000152587891,4.519999980926514,4.699999809265137
2018-05-22,40000,4.710000038146973,5.190000057220459,5.239999771118164,4.599999904632568,5.190000057220459
2018-05-21,9300,4.46999979019165,4.699999809265137,4.699999809265137,4.46999979019165,4.699999809265137
2018-05-18,4100,4.610000133514404,4.570000171661377,4.610000133514404,4.420000076293945,4.570000171661377
2018-05-17,6400,4.619999885559082,4.619999885559082,4.619999885559082,4.449999809265137,4.619999885559082
2018-05-16,4900,4.699999809265137,4.630000114440918,4.699999809265137,4.630000114440918,4.630000114440918
2018-05-15,0,4.630000114440918,4.630000114440918,4.630000114440918,4.630000114440918,4.630000114440918
2018-05-14,4700,4.670000076293945,4.630000114440918,4.690000057220459,4.630000114440918,4.630000114440918
2018-05-11,4600,4.739999771118164,4.579999923706055,4.739999771118164,4.449999809265137,4.579999923706055
2018-05-10,3700,4.599999904632568,4.760000228881836,4.789999961853027,4.489999771118164,4.760000228881836
2018-05-09,1300,4.599999904632568,4.590000152587891,4.599999904632568,4.510000228881836,4.590000152587891
2018-05-08,100,4.570000171661377,4.570000171661377,4.570000171661377,4.570000171661377,4.570000171661377
2018-05-07,1600,4.650000095367432,4.480000019073486,4.650000095367432,4.46999979019165,4.480000019073486
2018-05-04,47000,4.539999961853027,4.599999904632568,4.800000190734863,4.510000228881836,4.599999904632568
2018-05-03,200,4.71999979019165,4.71999979019165,4.71999979019165,4.71999979019165,4.71999979019165
2018-05-02,1200,4.400000095367432,4.519999980926514,4.519999980926514,4.400000095367432,4.519999980926514
2018-05-01,2200,4.389999866485596,4.380000114440918,4.409999847412109,4.369999885559082,4.380000114440918
2018-04-30,2400,4.46999979019165,4.570000171661377,4.599999904632568,4.46999979019165,4.570000171661377
2018-04-27,3700,4.710000038146973,4.389999866485596,4.710000038146973,4.380000114440918,4.389999866485596
2018-04-26,1100,4.599999904632568,4.53000020980835,4.75,4.53000020980835,4.53000020980835
2018-04-25,2600,4.429999828338623,4.5,4.690000057220459,4.429999828338623,4.5
2018-04-24,8700,4.420000076293945,4.659999847412109,4.71999979019165,4.420000076293945,4.659999847412109
2018-04-23,11800,4.670000076293945,4.639999866485596,4.71999979019165,4.340000152587891,4.639999866485596
2018-04-20,1000,4.71999979019165,4.71999979019165,4.71999979019165,4.71999979019165,4.71999979019165
2018-04-19,11600,4.889999866485596,4.800000190734863,4.909999847412109,4.800000190734863,4.800000190734863
2018-04-18,6700,4.659999847412109,4.860000133514404,4.909999847412109,4.650000095367432,4.860000133514404
2018-04-17,11400,4.880000114440918,4.78000020980835,4.900000095367432,4.510000228881836,4.78000020980835
2018-04-16,4600,4.96999979019165,4.989999771118164,4.989999771118164,4.820000171661377,4.989999771118164
2018-04-13,4100,4.960000038146973,4.940000057220459,4.960000038146973,4.670000076293945,4.940000057220459
2018-04-12,5800,5.050000190734863,4.900000095367432,5.050000190734863,4.829999923706055,4.900000095367432
2018-04-11,1200,4.849999904632568,5.099999904632568,5.139999866485596,4.849999904632568,5.099999904632568
2018-04-10,19300,4.730000019073486,5.210000038146973,5.210000038146973,4.730000019073486,5.210000038146973
2018-04-09,3500,4.920000076293945,4.699999809265137,5.010000228881836,4.590000152587891,4.699999809265137
2018-04-06,11000,4.760000228881836,4.809999942779541,5.349999904632568,4.760000228881836,4.809999942779541
2018-04-05,3200,4.909999847412109,5.090000152587891,5.090000152587891,4.760000228881836,5.090000152587891
2018-04-04,28000,4.400000095367432,5.0,5.150000095367432,4.199999809265137,5.0
2018-04-03,11900,4.510000228881836,4.400000095367432,4.510000228881836,4.150000095367432,4.400000095367432
2018-04-02,14200,4.760000228881836,4.480000019073486,4.760000228881836,4.28000020980835,4.480000019073486
2018-03-29,13600,4.78000020980835,4.760000228881836,4.820000171661377,4.760000228881836,4.760000228881836
2018-03-28,38100,4.949999809265137,4.949999809265137,5.519999980926514,4.800000190734863,4.949999809265137
2018-03-27,41800,5.019999980926514,4.929999828338623,5.099999904632568,4.679999828338623,4.929999828338623
2018-03-26,3800,5.0,5.0,5.21999979019165,4.96999979019165,5.0
2018-03-23,11000,4.96999979019165,5.059999942779541,5.150000095367432,4.96999979019165,5.059999942779541
2018-03-22,9100,5.179999828338623,5.019999980926514,5.179999828338623,4.96999979019165,5.019999980926514
2018-03-21,8800,5.21999979019165,5.289999961853027,5.329999923706055,5.179999828338623,5.289999961853027
2018-03-20,14800,5.400000095367432,5.21999979019165,5.5,5.179999828338623,5.21999979019165
2018-03-19,5200,5.53000020980835,5.440000057220459,5.53000020980835,5.360000133514404,5.440000057220459
2018-03-16,12100,5.599999904632568,5.519999980926514,6.0,5.460000038146973,5.519999980926514
2018-03-15,72600,5.5,5.599999904632568,6.190000057220459,5.400000095367432,5.599999904632568
2018-03-14,30700,5.639999866485596,5.449999809265137,5.880000114440918,5.449999809265137,5.449999809265137
2018-03-13,8800,5.5,5.510000228881836,5.619999885559082,5.260000228881836,5.510000228881836
2018-03-12,1000,5.730000019073486,5.460000038146973,5.730000019073486,5.369999885559082,5.460000038146973
2018-03-09,1100,5.389999866485596,5.460000038146973,5.71999979019165,5.389999866485596,5.460000038146973
2018-03-08,11200,5.78000020980835,5.519999980926514,5.800000190734863,5.5,5.519999980926514
2018-03-07,91400,5.400000095367432,5.690000057220459,6.239999771118164,5.400000095367432,5.690000057220459
2018-03-06,10300,5.389999866485596,5.239999771118164,5.400000095367432,5.239999771118164,5.239999771118164
2018-03-05,7400,5.25,5.389999866485596,5.5,5.21999979019165,5.389999866485596
2018-03-02,2100,5.239999771118164,5.46999979019165,5.46999979019165,5.190000057220459,5.46999979019165
2018-03-01,8800,5.429999828338623,5.210000038146973,5.429999828338623,5.210000038146973,5.210000038146973
2018-02-28,1100,5.429999828338623,5.400000095367432,5.46999979019165,5.400000095367432,5.400000095367432
2018-02-27,800,5.440000057220459,5.389999866485596,5.489999771118164,5.389999866485596,5.389999866485596
2018-02-26,1800,5.440000057220459,5.46999979019165,5.46999979019165,5.440000057220459,5.46999979019165
2018-02-23,8600,5.400000095367432,5.400000095367432,5.46999979019165,5.389999866485596,5.400000095367432
2018-02-22,1600,5.400000095367432,5.400000095367432,5.400000095367432,5.389999866485596,5.400000095367432
2018-02-21,1400,5.400000095367432,5.389999866485596,5.510000228881836,5.389999866485596,5.389999866485596
2018-02-20,700,5.349999904632568,5.420000076293945,5.579999923706055,5.349999904632568,5.420000076293945
2018-02-16,4300,5.449999809265137,5.329999923706055,5.599999904632568,5.320000171661377,5.329999923706055
2018-02-15,1200,5.690000057220459,5.550000190734863,5.690000057220459,5.340000152587891,5.550000190734863
2018-02-14,3300,5.380000114440918,5.429999828338623,5.789999961853027,5.380000114440918,5.429999828338623
2018-02-13,1500,5.550000190734863,5.349999904632568,5.690000057220459,5.340000152587891,5.349999904632568
2018-02-12,5400,5.21999979019165,5.599999904632568,5.599999904632568,5.21999979019165,5.599999904632568
2018-02-09,8600,5.460000038146973,5.300000190734863,5.46999979019165,5.28000020980835,5.300000190734863
2018-02-08,4100,5.300000190734863,5.349999904632568,5.510000228881836,5.300000190734863,5.349999904632568
2018-02-07,6800,5.440000057220459,5.420000076293945,5.730000019073486,5.320000171661377,5.420000076293945
2018-02-06,11800,5.239999771118164,5.429999828338623,5.710000038146973,5.0,5.429999828338623
2018-02-05,19300,5.610000133514404,5.260000228881836,5.760000228881836,5.039999961853027,5.260000228881836
2018-02-02,23400,5.78000020980835,5.599999904632568,5.78000020980835,5.329999923706055,5.599999904632568
2018-02-01,43900,5.710000038146973,5.610000133514404,5.710000038146973,5.170000076293945,5.610000133514404
2018-01-31,23900,5.159999847412109,5.210000038146973,5.380000114440918,5.050000190734863,5.210000038146973
2018-01-30,4700,5.329999923706055,5.300000190734863,5.329999923706055,5.010000228881836,5.300000190734863
2018-01-29,17000,5.400000095367432,5.380000114440918,5.579999923706055,5.260000228881836,5.380000114440918
2018-01-26,37900,4.949999809265137,5.420000076293945,5.699999809265137,4.929999828338623,5.420000076293945
2018-01-25,50900,5.369999885559082,5.139999866485596,5.579999923706055,5.099999904632568,5.139999866485596
2018-01-24,7700,5.349999904632568,5.329999923706055,5.920000076293945,5.329999923706055,5.329999923706055
2018-01-23,91600,5.289999961853027,5.289999961853027,5.989999771118164,5.269999980926514,5.289999961853027
2018-01-22,10700,5.420000076293945,5.260000228881836,5.480000019073486,5.260000228881836,5.260000228881836
2018-01-19,26000,5.159999847412109,5.460000038146973,5.579999923706055,5.059999942779541,5.460000038146973
2018-01-18,11100,5.03000020980835,5.139999866485596,5.179999828338623,4.809999942779541,5.139999866485596
2018-01-17,4300,4.75,5.050000190734863,5.170000076293945,4.75,5.050000190734863
2018-01-16,39800,4.849999904632568,5.090000152587891,5.409999847412109,4.849999904632568,5.090000152587891
2018-01-12,38100,4.78000020980835,4.96999979019165,5.070000171661377,4.75,4.96999979019165
2018-01-11,3600,4.840000152587891,4.730000019073486,5.010000228881836,4.630000114440918,4.730000019073486
2018-01-10,4400,4.619999885559082,4.920000076293945,4.920000076293945,4.619999885559082,4.920000076293945
2018-01-09,14600,4.710000038146973,4.619999885559082,5.099999904632568,4.619999885559082,4.619999885559082
2018-01-08,14400,4.599999904632568,4.710000038146973,4.929999828338623,4.599999904632568,4.710000038146973
2018-01-05,2000,4.800000190734863,4.889999866485596,5.079999923706055,4.710000038146973,4.889999866485596
2018-01-04,3000,4.730000019073486,4.730000019073486,4.730000019073486,4.650000095367432,4.730000019073486
2018-01-03,5600,4.760000228881836,4.760000228881836,4.840000152587891,4.610000133514404,4.760000228881836
2018-01-02,2900,4.789999961853027,4.849999904632568,4.880000114440918,4.789999961853027,4.849999904632568
2017-12-29,13300,5.0,4.769999980926514,5.0,4.650000095367432,4.769999980926514
2017-12-28,85600,4.800000190734863,5.03000020980835,5.289999961853027,4.53000020980835,5.03000020980835
2017-12-27,120100,4.760000228881836,4.809999942779541,5.739999771118164,4.539999961853027,4.809999942779541
2017-12-26,7700,4.619999885559082,4.659999847412109,4.829999923706055,4.460000038146973,4.659999847412109
2017-12-22,1100,4.619999885559082,4.840000152587891,4.840000152587891,4.559999942779541,4.840000152587891
2017-12-21,12600,4.650000095367432,4.639999866485596,4.980000019073486,4.639999866485596,4.639999866485596
2017-12-20,6800,4.900000095367432,4.650000095367432,4.980000019073486,4.590000152587891,4.650000095367432
2017-12-19,2500,4.210000038146973,4.849999904632568,4.980000019073486,4.210000038146973,4.849999904632568
2017-12-18,10900,4.559999942779541,4.579999923706055,4.78000020980835,4.550000190734863,4.579999923706055
2017-12-15,3400,4.519999980926514,4.449999809265137,4.75,4.28000020980835,4.449999809265137
2017-12-14,3900,4.789999961853027,4.519999980926514,4.789999961853027,4.5,4.519999980926514
2017-12-13,49600,4.489999771118164,4.900000095367432,5.159999847412109,4.449999809265137,4.900000095367432
2017-12-12,98400,4.440000057220459,4.679999828338623,4.690000057220459,3.7200000286102295,4.679999828338623
2017-12-11,9100,4.5,4.449999809265137,4.559999942779541,4.449999809265137,4.449999809265137
2017-12-08,2200,4.619999885559082,4.519999980926514,4.630000114440918,4.519999980926514,4.519999980926514
2017-12-07,15300,4.619999885559082,4.550000190734863,4.730000019073486,4.409999847412109,4.550000190734863
2017-12-06,3400,4.75,4.550000190734863,4.75,4.550000190734863,4.550000190734863
2017-12-05,2300,4.650000095367432,4.590000152587891,4.710000038146973,4.570000171661377,4.590000152587891
2017-12-04,17000,4.900000095367432,4.599999904632568,4.900000095367432,4.599999904632568,4.599999904632568
2017-12-01,52900,4.809999942779541,4.519999980926514,5.099999904632568,4.400000095367432,4.519999980926514
2017-11-30,21100,4.849999904632568,4.809999942779541,5.099999904632568,4.699999809265137,4.809999942779541
2017-11-29,17100,5.170000076293945,4.820000171661377,5.21999979019165,4.78000020980835,4.820000171661377
2017-11-28,36700,5.289999961853027,5.150000095367432,5.46999979019165,5.139999866485596,5.150000095367432
2017-11-27,44100,5.460000038146973,5.389999866485596,5.630000114440918,4.920000076293945,5.389999866485596
2017-11-24,6100,5.210000038146973,5.119999885559082,5.650000095367432,5.110000133514404,5.119999885559082
2017-11-22,23900,5.449999809265137,5.449999809265137,5.590000152587891,5.050000190734863,5.449999809265137
2017-11-21,227200,6.400000095367432,5.690000057220459,8.4399995803833,5.630000114440918,5.690000057220459
2017-11-20,49100,5.429999828338623,5.630000114440918,6.150000095367432,5.210000038146973,5.630000114440918
2017-11-17,161600,5.050000190734863,5.449999809265137,6.670000076293945,5.050000190734863,5.449999809265137
2017-11-16,400,4.900000095367432,4.900000095367432,4.900000095367432,4.900000095367432,4.900000095367432
2017-11-15,14300,5.269999980926514,4.809999942779541,5.269999980926514,4.539999961853027,4.809999942779541
2017-11-14,1600,5.449999809265137,5.269999980926514,5.449999809265137,5.230000019073486,5.269999980926514
2017-11-13,2000,5.429999828338623,5.5,5.5,5.429999828338623,5.5
2017-11-10,500,5.050000190734863,5.050000190734863,5.050000190734863,5.050000190734863,5.050000190734863
2017-11-09,7900,5.699999809265137,5.639999866485596,5.699999809265137,5.289999961853027,5.639999866485596
2017-11-08,4300,5.699999809265137,5.71999979019165,5.739999771118164,5.699999809265137,5.71999979019165
2017-11-07,1100,5.75,5.699999809265137,5.75,5.699999809265137,5.699999809265137
2017-11-06,2300,5.820000171661377,5.710000038146973,5.820000171661377,5.670000076293945,5.710000038146973
2017-11-03,1900,5.699999809265137,5.880000114440918,6.0,5.699999809265137,5.880000114440918
2017-11-02,900,5.800000190734863,5.710000038146973,5.800000190734863,5.710000038146973,5.710000038146973
2017-11-01,8800,5.840000152587891,5.860000133514404,6.099999904632568,5.78000020980835,5.860000133514404
2017-10-31,4700,5.599999904632568,5.75,5.75,5.590000152587891,5.75
2017-10-30,3600,5.539999961853027,5.550000190734863,5.550000190734863,5.449999809265137,5.550000190734863
2017-10-27,5700,5.699999809265137,5.670000076293945,5.699999809265137,5.400000095367432,5.670000076293945
2017-10-26,1100,5.769999980926514,5.840000152587891,5.840000152587891,5.769999980926514,5.840000152587891
2017-10-25,300,5.789999961853027,5.789999961853027,5.789999961853027,5.789999961853027,5.789999961853027
2017-10-24,3900,5.75,5.820000171661377,6.019999980926514,5.75,5.820000171661377
2017-10-23,2100,5.739999771118164,5.800000190734863,5.820000171661377,5.739999771118164,5.800000190734863
2017-10-20,2700,5.840000152587891,5.789999961853027,5.840000152587891,5.570000171661377,5.789999961853027
2017-10-19,3500,5.920000076293945,5.820000171661377,5.920000076293945,5.550000190734863,5.820000171661377
2017-10-18,7200,6.090000152587891,5.820000171661377,6.090000152587891,5.53000020980835,5.820000171661377
2017-10-17,2600,6.019999980926514,5.900000095367432,6.119999885559082,5.809999942779541,5.900000095367432
2017-10-16,5200,6.519999980926514,6.449999809265137,6.519999980926514,6.440000057220459,6.449999809265137
2017-10-13,300,6.369999885559082,6.510000228881836,6.510000228881836,6.369999885559082,6.510000228881836
2017-10-12,2000,6.610000133514404,6.409999847412109,6.610000133514404,6.409999847412109,6.409999847412109
2017-10-11,16100,6.630000114440918,6.539999961853027,6.630000114440918,6.519999980926514,6.539999961853027
2017-10-10,6500,6.480000019073486,6.590000152587891,6.869999885559082,6.449999809265137,6.590000152587891
2017-10-09,2600,6.550000190734863,6.510000228881836,6.550000190734863,6.510000228881836,6.510000228881836
2017-10-06,1700,6.78000020980835,6.550000190734863,6.78000020980835,6.550000190734863,6.550000190734863
2017-10-05,0,6.599999904632568,6.599999904632568,6.599999904632568,6.599999904632568,6.599999904632568
2017-10-04,0,6.599999904632568,6.599999904632568,6.599999904632568,6.599999904632568,6.599999904632568
2017-10-03,300,6.599999904632568,6.599999904632568,6.599999904632568,6.599999904632568,6.599999904632568
2017-10-02,10500,6.690000057220459,6.590000152587891,6.78000020980835,6.550000190734863,6.590000152587891
2017-09-29,2300,6.570000171661377,6.690000057220459,6.699999809265137,6.570000171661377,6.690000057220459
2017-09-28,4100,6.699999809265137,6.699999809265137,6.75,6.570000171661377,6.699999809265137
2017-09-27,4500,6.699999809265137,6.869999885559082,6.869999885559082,6.21999979019165,6.869999885559082
2017-09-26,3500,6.909999847412109,6.739999771118164,6.949999809265137,6.739999771118164,6.739999771118164
2017-09-25,1700,6.71999979019165,6.800000190734863,6.800000190734863,6.71999979019165,6.800000190734863
2017-09-22,5000,6.989999771118164,6.710000038146973,7.130000114440918,6.670000076293945,6.710000038146973
2017-09-21,7000,6.960000038146973,7.21999979019165,7.21999979019165,6.360000133514404,7.21999979019165
2017-09-20,3900,7.239999771118164,7.019999980926514,7.300000190734863,7.019999980926514,7.019999980926514
2017-09-19,14600,7.289999961853027,7.139999866485596,7.389999866485596,7.139999866485596,7.139999866485596
2017-09-18,800,7.230000019073486,7.380000114440918,7.380000114440918,7.230000019073486,7.380000114440918
2017-09-15,1900,7.239999771118164,7.239999771118164,7.269999980926514,7.239999771118164,7.239999771118164
2017-09-14,700,7.309999942779541,7.28000020980835,7.349999904632568,7.21999979019165,7.28000020980835
2017-09-13,5100,7.420000076293945,7.210000038146973,7.420000076293945,7.210000038146973,7.210000038146973
2017-09-12,11100,7.400000095367432,7.329999923706055,7.539999961853027,7.21999979019165,7.329999923706055
2017-09-11,9400,7.25,7.269999980926514,7.389999866485596,7.139999866485596,7.269999980926514
2017-09-08,6600,7.21999979019165,7.139999866485596,7.300000190734863,7.139999866485596,7.139999866485596
2017-09-07,1300,7.210000038146973,7.230000019073486,7.260000228881836,7.210000038146973,7.230000019073486
2017-09-06,2100,7.21999979019165,7.239999771118164,7.380000114440918,7.210000038146973,7.239999771118164
2017-09-05,3500,7.480000019073486,7.320000171661377,7.480000019073486,7.28000020980835,7.320000171661377
2017-09-01,4200,7.650000095367432,7.550000190734863,7.650000095367432,7.550000190734863,7.550000190734863
2017-08-31,700,7.599999904632568,7.699999809265137,7.710000038146973,7.599999904632568,7.699999809265137
2017-08-30,1300,7.519999980926514,7.53000020980835,7.550000190734863,7.5,7.53000020980835
2017-08-29,8200,7.360000133514404,7.460000038146973,7.829999923706055,7.360000133514404,7.460000038146973
2017-08-28,3400,7.349999904632568,7.699999809265137,7.739999771118164,7.320000171661377,7.699999809265137
2017-08-25,400,7.300000190734863,7.769999980926514,7.769999980926514,7.300000190734863,7.769999980926514
2017-08-24,900,7.5,7.5,7.5,7.5,7.5
2017-08-23,1800,7.320000171661377,7.590000152587891,7.590000152587891,7.320000171661377,7.590000152587891
2017-08-22,1200,7.800000190734863,7.78000020980835,7.800000190734863,7.78000020980835,7.78000020980835
2017-08-21,1600,7.5,7.5,7.840000152587891,7.5,7.5
2017-08-18,700,7.5,7.5,7.889999866485596,7.5,7.5
2017-08-17,1200,7.599999904632568,7.5,7.889999866485596,7.420000076293945,7.5
2017-08-16,800,7.590000152587891,7.829999923706055,7.829999923706055,7.510000228881836,7.829999923706055
2017-08-15,1200,7.360000133514404,7.159999847412109,7.739999771118164,7.159999847412109,7.159999847412109
2017-08-14,4500,7.53000020980835,7.460000038146973,7.579999923706055,7.099999904632568,7.460000038146973
2017-08-11,6900,8.050000190734863,7.150000095367432,8.050000190734863,7.010000228881836,7.150000095367432
2017-08-10,1600,8.75,8.770000457763672,8.789999961853027,8.5,8.770000457763672
2017-08-09,4600,9.0,8.8100004196167,9.010000228881836,8.75,8.8100004196167
2017-08-08,3000,9.079999923706055,9.069999694824219,9.149999618530273,9.050000190734863,9.069999694824219
2017-08-07,5800,9.449999809265137,9.09000015258789,9.449999809265137,9.010000228881836,9.09000015258789
2017-08-04,1000,9.449999809265137,9.899999618530273,9.90999984741211,9.1899995803833,9.899999618530273
2017-08-03,2600,9.390000343322754,9.350000381469727,9.390000343322754,9.180000305175781,9.350000381469727
2017-08-02,3600,9.569999694824219,9.260000228881836,9.569999694824219,9.180000305175781,9.260000228881836
2017-08-01,14400,10.039999961853027,9.390000343322754,10.039999961853027,9.020000457763672,9.390000343322754
2017-07-31,2600,10.0,10.260000228881836,10.630000114440918,10.0,10.260000228881836
2017-07-28,17800,10.09000015258789,10.369999885559082,10.470000267028809,8.800000190734863,10.369999885559082
2017-07-27,32000,13.0,10.510000228881836,13.770000457763672,10.489999771118164,10.510000228881836
2017-07-26,24300,12.1899995803833,12.600000381469727,12.75,11.930000305175781,12.600000381469727
2017-07-25,20200,11.399999618530273,11.90999984741211,12.180000305175781,11.399999618530273,11.90999984741211
2017-07-24,15300,11.0,11.399999618530273,11.529999732971191,10.960000038146973,11.399999618530273
2017-07-21,6500,11.0,10.949999809265137,11.0,10.619999885559082,10.949999809265137
2017-07-20,14000,9.399999618530273,10.869999885559082,11.0,9.399999618530273,10.869999885559082
2017-07-19,1500,9.0,9.800000190734863,9.800000190734863,9.0,9.800000190734863
2017-07-18,10100,8.6899995803833,9.0,9.0,8.6899995803833,9.0
2017-07-17,8700,8.829999923706055,8.829999923706055,8.829999923706055,8.529999732971191,8.829999923706055
2017-07-14,2100,8.579999923706055,8.829999923706055,8.829999923706055,8.579999923706055,8.829999923706055
2017-07-13,1600,8.84000015258789,8.84000015258789,8.84000015258789,8.84000015258789,8.84000015258789
2017-07-12,3500,8.59000015258789,8.550000190734863,8.670000076293945,8.550000190734863,8.550000190734863
2017-07-11,1000,8.880000114440918,8.819999694824219,8.880000114440918,8.819999694824219,8.819999694824219
2017-07-10,1600,8.960000038146973,8.949999809265137,8.960000038146973,8.84000015258789,8.949999809265137
2017-07-07,1000,8.920000076293945,8.920000076293945,8.920000076293945,8.920000076293945,8.920000076293945
2017-07-06,2800,8.5,8.960000038146973,9.0,8.5,8.960000038146973
2017-07-05,2900,8.4399995803833,8.84000015258789,8.84000015258789,8.4399995803833,8.84000015258789
2017-07-03,600,8.819999694824219,8.819999694824219,8.819999694824219,8.819999694824219,8.819999694824219
2017-06-30,23300,8.229999542236328,8.779999732971191,8.84000015258789,8.039999961853027,8.779999732971191
2017-06-29,5700,8.180000305175781,8.300000190734863,8.539999961853027,7.960000038146973,8.300000190734863
2017-06-28,6400,8.739999771118164,8.40999984741211,8.850000381469727,8.399999618530273,8.40999984741211
2017-06-27,6600,8.770000457763672,8.760000228881836,8.819999694824219,8.760000228881836,8.760000228881836
2017-06-26,5900,8.850000381469727,8.880000114440918,8.890000343322754,8.760000228881836,8.880000114440918
2017-06-23,14800,8.369999885559082,8.359999656677246,9.0,8.140000343322754,8.359999656677246
2017-06-22,4800,8.229999542236328,8.329999923706055,8.390000343322754,8.109999656677246,8.329999923706055
2017-06-21,1300,8.119999885559082,7.960000038146973,8.119999885559082,7.960000038146973,7.960000038146973
2017-06-20,4700,7.889999866485596,8.050000190734863,8.0600004196167,7.889999866485596,8.050000190734863
2017-06-19,1100,7.960000038146973,7.929999828338623,7.960000038146973,7.920000076293945,7.929999828338623
2017-06-16,5600,8.010000228881836,7.940000057220459,8.020000457763672,7.909999847412109,7.940000057220459
2017-06-15,400,8.039999961853027,8.010000228881836,8.039999961853027,8.010000228881836,8.010000228881836
2017-06-14,2900,8.039999961853027,8.0,8.039999961853027,8.0,8.0
2017-06-13,1500,8.0,8.029999732971191,8.050000190734863,8.0,8.029999732971191
2017-06-12,1700,8.0,8.050000190734863,8.050000190734863,8.0,8.050000190734863
2017-06-09,1600,8.0,7.989999771118164,8.0,7.980000019073486,7.989999771118164
2017-06-08,5100,7.980000019073486,7.889999866485596,7.980000019073486,7.889999866485596,7.889999866485596
2017-06-07,1600,7.960000038146973,7.980000019073486,7.980000019073486,7.960000038146973,7.980000019073486
2017-06-06,300,7.980000019073486,7.980000019073486,7.980000019073486,7.980000019073486,7.980000019073486
2017-06-05,3100,7.980000019073486,7.980000019073486,7.980000019073486,7.940000057220459,7.980000019073486
2017-06-02,2700,7.949999809265137,7.980000019073486,7.980000019073486,7.880000114440918,7.980000019073486
2017-06-01,4000,7.769999980926514,7.889999866485596,7.960000038146973,7.769999980926514,7.889999866485596
2017-05-31,2900,7.889999866485596,7.909999847412109,7.909999847412109,7.570000171661377,7.909999847412109
2017-05-30,3900,7.980000019073486,7.889999866485596,8.0,7.46999979019165,7.889999866485596
2017-05-26,3500,7.929999828338623,7.980000019073486,7.980000019073486,7.650000095367432,7.980000019073486
2017-05-25,1400,7.900000095367432,7.900000095367432,7.900000095367432,7.880000114440918,7.900000095367432
2017-05-24,3200,7.860000133514404,7.900000095367432,7.900000095367432,7.46999979019165,7.900000095367432
2017-05-23,2200,7.659999847412109,7.699999809265137,7.710000038146973,7.0,7.699999809265137
2017-05-22,5200,7.980000019073486,7.900000095367432,7.980000019073486,7.690000057220459,7.900000095367432
2017-05-19,900,7.920000076293945,7.679999828338623,7.920000076293945,7.679999828338623,7.679999828338623
2017-05-18,2000,7.570000171661377,7.880000114440918,8.0,7.559999942779541,7.880000114440918
2017-05-17,6900,7.610000133514404,7.599999904632568,7.929999828338623,7.570000171661377,7.599999904632568
2017-05-16,5500,7.5,7.840000152587891,7.980000019073486,7.5,7.840000152587891
2017-05-15,9600,7.489999771118164,7.489999771118164,7.5,7.349999904632568,7.489999771118164
2017-05-12,55300,6.699999809265137,7.320000171661377,7.5,6.699999809265137,7.320000171661377
2017-05-11,5700,6.349999904632568,5.889999866485596,6.480000019073486,5.889999866485596,5.889999866485596
2017-05-10,3900,6.21999979019165,6.300000190734863,6.300000190734863,6.090000152587891,6.300000190734863
2017-05-09,3300,5.96999979019165,6.170000076293945,6.179999828338623,5.96999979019165,6.170000076293945
2017-05-08,14000,6.170000076293945,6.170000076293945,6.179999828338623,5.880000114440918,6.170000076293945
2017-05-05,1600,6.150000095367432,6.199999809265137,6.28000020980835,6.010000228881836,6.199999809265137
2017-05-04,7300,6.300000190734863,6.179999828338623,6.320000171661377,6.179999828338623,6.179999828338623
2017-05-03,2500,6.349999904632568,6.269999980926514,6.349999904632568,6.269999980926514,6.269999980926514
2017-05-02,3000,6.349999904632568,6.320000171661377,6.409999847412109,6.320000171661377,6.320000171661377
2017-05-01,1300,6.380000114440918,6.440000057220459,6.590000152587891,6.380000114440918,6.440000057220459
2017-04-28,5400,6.389999866485596,6.369999885559082,6.519999980926514,6.349999904632568,6.369999885559082
2017-04-27,1700,6.599999904632568,6.579999923706055,6.599999904632568,6.579999923706055,6.579999923706055
2017-04-26,8300,6.309999942779541,6.46999979019165,6.699999809265137,6.309999942779541,6.46999979019165
2017-04-25,19100,6.289999961853027,6.260000228881836,6.690000057220459,5.900000095367432,6.260000228881836
2017-04-24,16700,6.099999904632568,6.130000114440918,6.659999847412109,5.920000076293945,6.130000114440918
2017-04-21,2700,6.059999942779541,6.070000171661377,6.320000171661377,5.949999809265137,6.070000171661377
2017-04-20,10200,6.289999961853027,6.550000190734863,6.690000057220459,6.019999980926514,6.550000190734863
2017-04-19,55700,5.889999866485596,6.329999923706055,6.5,5.889999866485596,6.329999923706055
2017-04-18,14800,5.829999923706055,5.849999904632568,5.909999847412109,5.489999771118164,5.849999904632568
2017-04-17,14400,5.710000038146973,5.840000152587891,5.900000095367432,5.460000038146973,5.840000152587891
2017-04-13,22600,5.53000020980835,5.760000228881836,5.78000020980835,5.53000020980835,5.760000228881836
2017-04-12,7900,5.699999809265137,5.5,5.699999809265137,5.309999942779541,5.5
2017-04-11,4100,5.579999923706055,5.679999828338623,5.699999809265137,5.579999923706055,5.679999828338623
2017-04-10,9500,5.630000114440918,5.5,5.789999961853027,5.349999904632568,5.5
2017-04-07,24100,5.849999904632568,5.690000057220459,5.900000095367432,5.429999828338623,5.690000057220459
2017-04-06,45400,5.269999980926514,5.789999961853027,5.949999809265137,5.269999980926514,5.789999961853027
2017-04-05,16500,5.28000020980835,5.28000020980835,5.650000095367432,5.269999980926514,5.28000020980835
2017-04-04,15800,5.320000171661377,5.329999923706055,5.340000152587891,5.179999828338623,5.329999923706055
2017-04-03,1000,5.329999923706055,5.320000171661377,5.380000114440918,5.320000171661377,5.320000171661377
2017-03-31,2900,5.320000171661377,5.320000171661377,5.320000171661377,5.320000171661377,5.320000171661377
2017-03-30,3300,5.349999904632568,5.300000190734863,5.360000133514404,5.300000190734863,5.300000190734863
2017-03-29,2700,5.510000228881836,5.369999885559082,5.510000228881836,5.349999904632568,5.369999885559082
2017-03-28,25500,5.360000133514404,5.389999866485596,5.639999866485596,5.360000133514404,5.389999866485596
2017-03-27,11900,5.019999980926514,5.139999866485596,5.599999904632568,5.019999980926514,5.139999866485596
2017-03-24,8300,5.050000190734863,5.0,5.050000190734863,5.0,5.0
2017-03-23,19100,5.0,4.96999979019165,5.099999904632568,4.96999979019165,4.96999979019165
2017-03-22,2300,5.050000190734863,5.019999980926514,5.050000190734863,4.96999979019165,5.019999980926514
2017-03-21,14300,5.25,5.110000133514404,5.289999961853027,5.050000190734863,5.110000133514404
2017-03-20,28500,5.170000076293945,5.199999809265137,5.699999809265137,5.099999904632568,5.199999809265137
2017-03-17,1800,5.110000133514404,5.079999923706055,5.179999828338623,5.059999942779541,5.079999923706055
2017-03-16,24400,5.050000190734863,5.119999885559082,5.199999809265137,4.960000038146973,5.119999885559082
2017-03-15,30100,5.269999980926514,5.099999904632568,5.329999923706055,4.980000019073486,5.099999904632568
2017-03-14,18000,5.010000228881836,5.110000133514404,5.139999866485596,4.960000038146973,5.110000133514404
2017-03-13,4200,5.25,5.039999961853027,5.349999904632568,5.039999961853027,5.039999961853027
2017-03-10,36500,5.380000114440918,5.179999828338623,5.380000114440918,5.019999980926514,5.179999828338623
2017-03-09,10900,5.420000076293945,5.179999828338623,5.420000076293945,5.139999866485596,5.179999828338623
2017-03-08,24200,5.309999942779541,5.159999847412109,5.309999942779541,5.039999961853027,5.159999847412109
2017-03-07,8600,5.019999980926514,5.25,5.389999866485596,5.010000228881836,5.25
2017-03-06,24400,5.489999771118164,5.239999771118164,5.570000171661377,5.239999771118164,5.239999771118164
2017-03-03,25300,5.449999809265137,5.460000038146973,5.480000019073486,5.119999885559082,5.460000038146973
2017-03-02,26300,5.619999885559082,5.5,5.690000057220459,5.349999904632568,5.5
2017-03-01,4600,5.739999771118164,5.78000020980835,5.78000020980835,5.639999866485596,5.78000020980835
2017-02-28,6100,5.940000057220459,5.829999923706055,5.96999979019165,5.440000057220459,5.829999923706055
2017-02-27,8000,5.789999961853027,5.739999771118164,6.369999885559082,5.739999771118164,5.739999771118164
2017-02-24,10800,5.860000133514404,5.800000190734863,6.099999904632568,5.599999904632568,5.800000190734863
2017-02-23,12600,6.800000190734863,6.119999885559082,6.889999866485596,6.019999980926514,6.119999885559082
2017-02-22,16400,6.0,6.730000019073486,6.869999885559082,5.739999771118164,6.730000019073486
2017-02-21,8600,5.659999847412109,5.989999771118164,6.0,5.590000152587891,5.989999771118164
2017-02-17,25300,6.059999942779541,5.650000095367432,6.059999942779541,5.579999923706055,5.650000095367432
2017-02-16,38900,6.340000152587891,6.070000171661377,6.340000152587891,6.050000190734863,6.070000171661377
2017-02-15,114600,6.610000133514404,6.539999961853027,7.480000019073486,6.0,6.539999961853027
2017-02-14,1401400,6.599999904632568,7.53000020980835,8.869999885559082,6.599999904632568,7.53000020980835
2017-02-13,186700,4.449999809265137,5.800000190734863,5.829999923706055,4.320000171661377,5.800000190734863
2017-02-10,7900,4.519999980926514,4.420000076293945,4.539999961853027,4.420000076293945,4.420000076293945
2017-02-09,42000,5.460000038146973,4.650000095367432,5.550000190734863,4.369999885559082,4.650000095367432
2017-02-08,8300,4.369999885559082,4.360000133514404,4.46999979019165,4.349999904632568,4.360000133514404
2017-02-07,13600,4.349999904632568,4.360000133514404,4.579999923706055,4.320000171661377,4.360000133514404
2017-02-06,5000,4.340000152587891,4.510000228881836,4.510000228881836,4.320000171661377,4.510000228881836
2017-02-03,18900,4.21999979019165,4.5,4.739999771118164,4.21999979019165,4.5
2017-02-02,9900,4.53000020980835,4.309999942779541,4.900000095367432,4.309999942779541,4.309999942779541
2017-02-01,0,4.289999961853027,4.289999961853027,4.289999961853027,4.289999961853027,4.289999961853027
2017-01-31,1200,4.28000020980835,4.289999961853027,4.389999866485596,4.28000020980835,4.289999961853027
2017-01-30,0,4.550000190734863,4.550000190734863,4.550000190734863,4.550000190734863,4.550000190734863
2017-01-27,300,4.550000190734863,4.550000190734863,4.550000190734863,4.550000190734863,4.550000190734863
2017-01-26,4200,4.619999885559082,4.5,4.619999885559082,4.5,4.5
2017-01-25,2200,4.510000228881836,4.460000038146973,4.699999809265137,4.349999904632568,4.460000038146973
2017-01-24,26100,4.480000019073486,4.579999923706055,4.699999809265137,4.329999923706055,4.579999923706055
2017-01-23,2700,4.389999866485596,4.420000076293945,4.550000190734863,4.210000038146973,4.420000076293945
2017-01-20,12300,4.28000020980835,4.320000171661377,4.400000095367432,4.230000019073486,4.320000171661377
2017-01-19,400,4.260000228881836,4.260000228881836,4.260000228881836,4.260000228881836,4.260000228881836
2017-01-18,3000,4.440000057220459,4.25,4.460000038146973,4.25,4.25
2017-01-17,5700,4.429999828338623,4.539999961853027,4.539999961853027,4.360000133514404,4.539999961853027
2017-01-13,2600,4.239999771118164,4.510000228881836,4.510000228881836,4.239999771118164,4.510000228881836
2017-01-12,800,4.389999866485596,4.309999942779541,4.429999828338623,4.309999942779541,4.309999942779541
2017-01-11,4100,4.389999866485596,4.340000152587891,4.389999866485596,4.210000038146973,4.340000152587891
2017-01-10,600,4.199999809265137,4.260000228881836,4.449999809265137,4.199999809265137,4.260000228881836
2017-01-09,600,4.309999942779541,4.340000152587891,4.510000228881836,4.210000038146973,4.340000152587891
2017-01-06,17300,4.300000190734863,4.349999904632568,4.449999809265137,4.300000190734863,4.349999904632568
2017-01-05,37900,4.230000019073486,4.349999904632568,4.360000133514404,4.170000076293945,4.349999904632568
2017-01-04,8400,4.210000038146973,4.21999979019165,4.360000133514404,4.210000038146973,4.21999979019165
2017-01-03,11000,4.300000190734863,4.429999828338623,4.670000076293945,4.130000114440918,4.429999828338623
2016-12-30,4100,4.150000095367432,4.639999866485596,4.650000095367432,4.150000095367432,4.639999866485596
2016-12-29,12800,4.340000152587891,4.28000020980835,4.449999809265137,4.159999847412109,4.28000020980835
2016-12-28,9600,4.170000076293945,4.289999961853027,4.480000019073486,4.150000095367432,4.289999961853027
2016-12-27,4000,4.150000095367432,4.150000095367432,4.190000057220459,4.099999904632568,4.150000095367432
2016-12-23,700,4.099999904632568,4.110000133514404,4.150000095367432,4.099999904632568,4.110000133514404
2016-12-22,3700,4.170000076293945,4.110000133514404,4.349999904632568,4.099999904632568,4.110000133514404
2016-12-21,42500,4.239999771118164,4.139999866485596,4.420000076293945,4.130000114440918,4.139999866485596
2016-12-20,39100,4.199999809265137,4.239999771118164,4.449999809265137,4.099999904632568,4.239999771118164
2016-12-19,53800,4.260000228881836,4.199999809265137,4.489999771118164,4.150000095367432,4.199999809265137
2016-12-16,21000,4.170000076293945,4.079999923706055,4.360000133514404,4.079999923706055,4.079999923706055
2016-12-15,22800,4.400000095367432,4.139999866485596,4.619999885559082,4.0,4.139999866485596
2016-12-14,14700,4.400000095367432,4.349999904632568,4.630000114440918,4.300000190734863,4.349999904632568
2016-12-13,13300,4.650000095367432,4.369999885559082,4.699999809265137,4.369999885559082,4.369999885559082
2016-12-12,70100,4.789999961853027,4.340000152587891,4.849999904632568,4.230000019073486,4.340000152587891
2016-12-09,11100,4.320000171661377,4.53000020980835,4.630000114440918,4.320000171661377,4.53000020980835
2016-12-08,7300,4.210000038146973,4.510000228881836,4.980000019073486,4.210000038146973,4.510000228881836
2016-12-07,82300,4.179999828338623,4.429999828338623,4.46999979019165,4.0,4.429999828338623
2016-12-06,1300,4.28000020980835,4.150000095367432,4.369999885559082,4.150000095367432,4.150000095367432
2016-12-05,4000,4.329999923706055,4.309999942779541,4.579999923706055,4.309999942779541,4.309999942779541
2016-12-02,3600,4.400000095367432,4.309999942779541,4.429999828338623,4.300000190734863,4.309999942779541
2016-12-01,6200,4.610000133514404,4.519999980926514,4.630000114440918,4.300000190734863,4.519999980926514
2016-11-30,4200,4.570000171661377,4.130000114440918,4.590000152587891,4.130000114440918,4.130000114440918
2016-11-29,2500,4.239999771118164,4.380000114440918,4.590000152587891,4.239999771118164,4.380000114440918
2016-11-28,2100,4.239999771118164,4.309999942779541,4.400000095367432,4.239999771118164,4.309999942779541
2016-11-25,400,4.409999847412109,4.389999866485596,4.409999847412109,4.389999866485596,4.389999866485596
2016-11-23,2500,4.239999771118164,4.46999979019165,4.46999979019165,4.150000095367432,4.46999979019165
2016-11-22,3200,4.329999923706055,4.199999809265137,4.360000133514404,4.170000076293945,4.199999809265137
2016-11-21,5300,4.090000152587891,4.139999866485596,4.570000171661377,4.090000152587891,4.139999866485596
2016-11-18,6600,4.130000114440918,4.130000114440918,4.25,4.090000152587891,4.130000114440918
2016-11-17,22600,4.550000190734863,4.269999980926514,4.579999923706055,4.130000114440918,4.269999980926514
2016-11-16,94300,4.639999866485596,4.510000228881836,6.199999809265137,4.510000228881836,4.510000228881836
2016-11-15,13000,4.5,4.630000114440918,4.699999809265137,4.5,4.630000114440918
2016-11-14,10200,4.599999904632568,4.380000114440918,4.650000095367432,4.380000114440918,4.380000114440918
2016-11-11,62700,4.71999979019165,4.449999809265137,5.019999980926514,4.440000057220459,4.449999809265137
2016-11-10,41400,4.860000133514404,4.78000020980835,4.960000038146973,4.699999809265137,4.78000020980835
2016-11-09,97300,4.46999979019165,4.820000171661377,5.099999904632568,4.46999979019165,4.820000171661377
2016-11-08,36300,4.190000057220459,4.559999942779541,4.599999904632568,4.139999866485596,4.559999942779541
2016-11-07,200,4.440000057220459,4.440000057220459,4.440000057220459,4.440000057220459,4.440000057220459
2016-11-04,0,4.179999828338623,4.179999828338623,4.179999828338623,4.179999828338623,4.179999828338623
2016-11-03,3100,4.340000152587891,4.179999828338623,4.630000114440918,4.179999828338623,4.179999828338623
2016-11-02,1600,4.440000057220459,4.139999866485596,4.440000057220459,4.139999866485596,4.139999866485596
2016-11-01,700,4.230000019073486,4.269999980926514,4.519999980926514,4.230000019073486,4.269999980926514
2016-10-31,5500,4.619999885559082,4.239999771118164,4.619999885559082,4.21999979019165,4.239999771118164
2016-10-28,3000,4.409999847412109,4.440000057220459,5.269999980926514,4.409999847412109,4.440000057220459
2016-10-27,2300,4.300000190734863,4.320000171661377,4.360000133514404,4.300000190734863,4.320000171661377
2016-10-26,55100,4.230000019073486,4.380000114440918,4.480000019073486,4.170000076293945,4.380000114440918
2016-10-25,35800,3.9700000286102295,4.489999771118164,4.489999771118164,3.9700000286102295,4.489999771118164
2016-10-24,30600,4.03000020980835,3.990000009536743,4.03000020980835,3.9700000286102295,3.990000009536743
2016-10-21,30600,3.9000000953674316,4.010000228881836,4.099999904632568,3.9000000953674316,4.010000228881836
2016-10-20,15700,4.300000190734863,4.0,4.300000190734863,3.8399999141693115,4.0
2016-10-19,5200,4.5,4.269999980926514,4.5,4.269999980926514,4.269999980926514
2016-10-18,2500,4.28000020980835,4.400000095367432,4.610000133514404,4.28000020980835,4.400000095367432
2016-10-17,25500,4.610000133514404,4.260000228881836,4.639999866485596,4.21999979019165,4.260000228881836
2016-10-14,6700,4.880000114440918,4.599999904632568,5.059999942779541,4.590000152587891,4.599999904632568
2016-10-13,55100,4.440000057220459,4.650000095367432,5.170000076293945,4.349999904632568,4.650000095367432
2016-10-12,38500,4.429999828338623,4.480000019073486,4.599999904632568,4.110000133514404,4.480000019073486
2016-10-11,58300,5.150000095367432,4.46999979019165,5.150000095367432,4.440000057220459,4.46999979019165
2016-10-10,66200,5.78000020980835,5.170000076293945,6.179999828338623,5.090000152587891,5.170000076293945
2016-10-07,69300,6.190000057220459,5.960000038146973,6.239999771118164,5.960000038146973,5.960000038146973
2016-10-06,36600,6.769999980926514,6.190000057220459,6.960000038146973,6.03000020980835,6.190000057220459
2016-10-05,165800,7.0,6.690000057220459,7.190000057220459,6.079999923706055,6.690000057220459
2016-10-04,257400,5.869999885559082,7.289999961853027,7.5,5.599999904632568,7.289999961853027
2016-10-03,2436300,5.670005798339844,6.5800065994262695,12.530012130737305,5.670005798339844,6.5800065994262695
2016-09-30,134600,4.970005035400391,4.830004692077637,5.53000545501709,4.830004692077637,4.830004692077637
2016-09-29,28300,5.040005207061768,5.110004901885986,5.390005588531494,4.970005035400391,5.110004901885986
2016-09-28,65100,5.460005283355713,4.900004863739014,5.460005283355713,4.900004863739014,4.900004863739014
2016-09-27,121000,5.25000524520874,5.180005073547363,5.390005588531494,5.040005207061768,5.180005073547363
2016-09-26,33000,5.53000545501709,5.040005207061768,5.53000545501709,5.040005207061768,5.040005207061768
2016-09-23,85700,5.53000545501709,5.25000524520874,5.600005626678467,5.25000524520874,5.25000524520874
2016-09-22,113400,5.040005207061768,5.320005416870117,5.53000545501709,5.040005207061768,5.320005416870117
2016-09-21,3600,5.600005626678467,5.25000524520874,5.600005626678467,5.25000524520874,5.25000524520874
2016-09-20,1900,5.320000171661377,5.599999904632568,5.670000076293945,5.25,5.599999904632568
2016-09-19,14100,5.53000545501709,5.53000545501709,5.670005798339844,4.830004692077637,5.53000545501709
2016-09-16,33300,6.71999979019165,5.739999771118164,7.349999904632568,4.900000095367432,5.739999771118164
2016-09-15,133400,6.370006561279297,6.370006561279297,7.000007152557373,6.02000617980957,6.370006561279297
2016-09-14,51800,6.02000617980957,6.440006256103516,6.510006427764893,5.8100056648254395,6.440006256103516
2016-09-13,127200,5.180005073547363,6.02000617980957,6.02000617980957,4.830004692077637,6.02000617980957
2016-09-12,99000,4.830004692077637,5.180005073547363,5.320005416870117,4.830004692077637,5.180005073547363
2016-09-09,7400,4.760000228881836,4.900000095367432,5.110000133514404,4.760000228881836,4.900000095367432
2016-09-08,3800,4.900004863739014,4.830004692077637,4.900004863739014,4.830004692077637,4.830004692077637
2016-09-07,31400,4.830004692077637,4.760004997253418,5.320005416870117,4.760004997253418,4.760004997253418
2016-09-06,19400,5.25000524520874,4.830004692077637,5.25000524520874,4.830004692077637,4.830004692077637
2016-09-02,1700,5.110004901885986,4.760004997253418,5.110004901885986,4.760004997253418,4.760004997253418
2016-09-01,0,5.180005073547363,5.180005073547363,5.180005073547363,5.180005073547363,5.180005073547363
2016-08-31,9000,5.460005283355713,5.180005073547363,5.460005283355713,5.040005207061768,5.180005073547363
2016-08-30,0,4.829999923706055,4.829999923706055,4.829999923706055,4.829999923706055,4.829999923706055
2016-08-29,6500,5.25000524520874,5.180005073547363,5.25000524520874,4.900004863739014,5.180005073547363
2016-08-26,2300,4.760004997253418,5.25000524520874,5.320005416870117,4.760004997253418,5.25000524520874
2016-08-25,6600,5.040005207061768,4.760004997253418,5.040005207061768,4.760004997253418,4.760004997253418
2016-08-24,14400,4.900004863739014,5.040005207061768,5.320005416870117,4.760004997253418,5.040005207061768
2016-08-23,74100,4.760004997253418,4.760004997253418,5.390005588531494,4.760004997253418,4.760004997253418
2016-08-22,2200,4.830004692077637,4.900004863739014,4.970005035400391,4.830004692077637,4.900004863739014
2016-08-19,1500,4.900004863739014,5.040005207061768,5.110004901885986,4.760004997253418,5.040005207061768
2016-08-18,16000,5.180005073547363,5.040005207061768,5.180005073547363,4.760004997253418,5.040005207061768
2016-08-17,4900,5.390005588531494,5.110004901885986,5.390005588531494,5.040005207061768,5.110004901885986
2016-08-16,41600,5.040005207061768,5.390005588531494,5.53000545501709,4.760004997253418,5.390005588531494
2016-08-15,79300,4.900004863739014,4.900004863739014,5.180005073547363,4.550004482269287,4.900004863739014
2016-08-12,3800,5.179999828338623,5.179999828338623,5.389999866485596,4.829999923706055,5.179999828338623
2016-08-11,37700,4.550004482269287,4.900004863739014,5.600005626678467,4.550004482269287,4.900004863739014
2016-08-10,112200,5.320005416870117,5.110004901885986,5.53000545501709,4.690004825592041,5.110004901885986
2016-08-09,160400,7.000007152557373,5.390005588531494,7.070006847381592,5.390005588531494,5.390005588531494
2016-08-08,62900,6.440006256103516,7.070006847381592,7.560007572174072,6.160006046295166,7.070006847381592
2016-08-05,30200,6.159999847412109,6.230000019073486,7.909999847412109,6.159999847412109,6.230000019073486
2016-08-04,12600,6.30000638961792,6.6500067710876465,6.790006637573242,6.30000638961792,6.6500067710876465
2016-08-03,33700,6.02000617980957,6.30000638961792,6.790006637573242,6.02000617980957,6.30000638961792
2016-08-02,37400,6.860006809234619,6.090005874633789,7.070006847381592,5.600005626678467,6.090005874633789
2016-08-01,108100,6.860006809234619,6.930006980895996,7.210007190704346,6.370006561279297,6.930006980895996
2016-07-29,47300,5.880005836486816,6.510006427764893,6.790006637573242,5.600005626678467,6.510006427764893
2016-07-28,5300,5.320000171661377,5.880000114440918,6.159999847412109,5.320000171661377,5.880000114440918
2016-07-27,31900,4.760004997253418,5.320005416870117,5.390005588531494,4.550004482269287,5.320005416870117
2016-07-26,99300,4.410004615783691,5.180005073547363,5.390005588531494,4.3400044441223145,5.180005073547363
2016-07-25,169300,4.48000431060791,4.2700042724609375,4.970005035400391,4.2700042724609375,4.2700042724609375
2016-07-22,29100,5.180005073547363,4.48000431060791,5.180005073547363,4.2700042724609375,4.48000431060791
2016-07-21,8800,4.900004863739014,4.900004863739014,5.25000524520874,4.900004863739014,4.900004863739014
2016-07-20,7300,4.900004863739014,4.970005035400391,4.970005035400391,4.900004863739014,4.970005035400391
2016-07-19,34200,4.690004825592041,5.110004901885986,5.180005073547363,4.690004825592041,5.110004901885986
2016-07-18,12900,4.3400044441223145,4.900004863739014,4.900004863739014,4.2700042724609375,4.900004863739014
2016-07-15,150800,4.3400044441223145,4.690004825592041,5.110004901885986,4.3400044441223145,4.690004825592041
2016-07-14,18900,4.2000041007995605,4.48000431060791,5.110004901885986,4.2000041007995605,4.48000431060791
2016-07-13,47000,4.130003929138184,4.130003929138184,4.830004692077637,4.130003929138184,4.130003929138184
2016-07-12,770500,4.2700042724609375,4.830004692077637,6.930006980895996,4.2700042724609375,4.830004692077637
2016-07-11,11500,4.3400044441223145,4.130003929138184,4.3400044441223145,4.130003929138184,4.130003929138184
2016-07-08,800,4.199999809265137,4.199999809265137,4.199999809265137,4.130000114440918,4.199999809265137
2016-07-07,6200,3.850003957748413,4.2000041007995605,4.2000041007995605,3.850003957748413,4.2000041007995605
2016-07-06,2600,4.060004234313965,3.920003890991211,4.130003929138184,3.920003890991211,3.920003890991211
2016-07-05,300,4.2000041007995605,4.2000041007995605,4.2000041007995605,4.2000041007995605,4.2000041007995605
2016-07-01,13500,3.920003890991211,4.130003929138184,4.3400044441223145,3.920003890991211,4.130003929138184
2016-06-30,4500,4.060004234313965,4.2000041007995605,4.2000041007995605,3.990004062652588,4.2000041007995605
2016-06-29,700,3.9200000762939453,4.199999809265137,4.340000152587891,3.9200000762939453,4.199999809265137
2016-06-28,300,3.9200000762939453,3.9200000762939453,3.9200000762939453,3.9200000762939453,3.9200000762939453
2016-06-27,4600,4.2000041007995605,3.920003890991211,4.2000041007995605,3.920003890991211,3.920003890991211
2016-06-24,6600,3.920003890991211,3.990004062652588,4.3400044441223145,3.920003890991211,3.990004062652588
2016-06-23,7000,4.3400044441223145,4.3400044441223145,4.410004615783691,3.920003890991211,4.3400044441223145
2016-06-22,15100,4.410004615783691,4.2000041007995605,4.410004615783691,4.2000041007995605,4.2000041007995605
2016-06-21,400,4.2700042724609375,4.2000041007995605,4.2700042724609375,4.2000041007995605,4.2000041007995605
2016-06-20,1800,4.2000041007995605,4.3400044441223145,4.410004615783691,4.2000041007995605,4.3400044441223145
2016-06-17,5300,4.2000041007995605,4.2700042724609375,4.410004615783691,4.2000041007995605,4.2700042724609375
2016-06-16,4500,4.2000041007995605,4.2700042724609375,4.410004615783691,4.2000041007995605,4.2700042724609375
2016-06-15,2400,4.3400044441223145,4.3400044441223145,4.3400044441223145,4.3400044441223145,4.3400044441223145
2016-06-14,17900,4.2000041007995605,4.410004615783691,4.410004615783691,4.2000041007995605,4.410004615783691
2016-06-13,14400,3.920003890991211,4.2700042724609375,4.3400044441223145,3.920003890991211,4.2700042724609375
2016-06-10,6800,4.2000041007995605,3.990004062652588,4.3400044441223145,3.990004062652588,3.990004062652588
2016-06-09,600,4.060004234313965,4.410004615783691,4.410004615783691,4.060004234313965,4.410004615783691
2016-06-08,6800,3.920003890991211,4.3400044441223145,4.48000431060791,3.920003890991211,4.3400044441223145
2016-06-07,3900,4.3400044441223145,3.920003890991211,4.48000431060791,3.920003890991211,3.920003890991211
2016-06-06,7500,4.3400044441223145,4.410004615783691,4.48000431060791,3.920003890991211,4.410004615783691
2016-06-03,500,4.409999847412109,4.340000152587891,4.480000019073486,4.340000152587891,4.340000152587891
2016-06-02,4500,4.48000431060791,4.48000431060791,4.48000431060791,4.3400044441223145,4.48000431060791
2016-06-01,2800,4.48000431060791,4.3400044441223145,4.48000431060791,4.3400044441223145,4.3400044441223145
2016-05-31,9200,4.48000431060791,4.410004615783691,4.48000431060791,4.410004615783691,4.410004615783691
2016-05-27,1600,4.199999809265137,4.269999980926514,4.480000019073486,4.059999942779541,4.269999980926514
2016-05-26,1100,4.060004234313965,4.2000041007995605,4.550004482269287,4.060004234313965,4.2000041007995605
2016-05-25,11700,4.060004234313965,4.130003929138184,4.550004482269287,3.920003890991211,4.130003929138184
2016-05-24,2900,4.199999809265137,4.199999809265137,4.550000190734863,4.130000114440918,4.199999809265137
2016-05-23,1700,4.2000041007995605,4.2700042724609375,4.2700042724609375,4.2000041007995605,4.2700042724609375
2016-05-20,5700,3.710003614425659,4.3400044441223145,4.410004615783691,3.5700035095214844,4.3400044441223145
2016-05-19,76200,4.130003929138184,4.060004234313965,4.130003929138184,3.6400036811828613,4.060004234313965
2016-05-18,11000,4.2700042724609375,4.130003929138184,4.410004615783691,4.130003929138184,4.130003929138184
2016-05-17,3200,4.2700042724609375,4.410004615783691,4.620004653930664,4.2700042724609375,4.410004615783691
2016-05-16,6700,4.620004653930664,4.550004482269287,4.620004653930664,4.48000431060791,4.550004482269287
2016-05-13,3200,4.480000019073486,4.199999809265137,4.619999885559082,4.059999942779541,4.199999809265137
2016-05-12,1000,4.409999847412109,4.690000057220459,4.96999979019165,4.409999847412109,4.690000057220459
2016-05-11,300,4.550000190734863,4.619999885559082,4.619999885559082,4.550000190734863,4.619999885559082
2016-05-10,2000,4.620004653930664,4.410004615783691,4.760004997253418,4.410004615783691,4.410004615783691
2016-05-09,26800,4.550004482269287,4.410004615783691,4.970005035400391,4.410004615783691,4.410004615783691
2016-05-06,74500,4.970005035400391,4.2000041007995605,5.180005073547363,3.850003957748413,4.2000041007995605
2016-05-05,10200,5.390005588531494,4.970005035400391,5.390005588531494,4.970005035400391,4.970005035400391
2016-05-04,600,5.110004901885986,5.110004901885986,5.110004901885986,5.110004901885986,5.110004901885986
2016-05-03,5300,4.900004863739014,5.25000524520874,5.460005283355713,4.900004863739014,5.25000524520874
2016-05-02,31600,5.180005073547363,5.25000524520874,5.320005416870117,4.900004863739014,5.25000524520874
2016-04-29,1500,5.53000545501709,5.25000524520874,5.53000545501709,5.25000524520874,5.25000524520874
2016-04-28,10800,5.110004901885986,5.53000545501709,5.53000545501709,5.110004901885986,5.53000545501709
2016-04-27,4400,5.320005416870117,5.460005283355713,5.53000545501709,5.180005073547363,5.460005283355713
2016-04-26,3100,5.180005073547363,5.180005073547363,5.25000524520874,5.180005073547363,5.180005073547363
2016-04-25,700,5.180005073547363,5.180005073547363,5.180005073547363,5.180005073547363,5.180005073547363
2016-04-22,7600,5.53000545501709,5.320005416870117,5.53000545501709,5.25000524520874,5.320005416870117
2016-04-21,2300,5.110004901885986,5.320005416870117,5.670005798339844,5.110004901885986,5.320005416870117
2016-04-20,5300,5.110004901885986,5.25000524520874,5.670005798339844,5.110004901885986,5.25000524520874
2016-04-19,0,5.599999904632568,5.599999904632568,5.670000076293945,5.599999904632568,5.599999904632568
2016-04-18,11000,5.390005588531494,5.320005416870117,5.600005626678467,5.320005416870117,5.320005416870117
2016-04-15,1200,5.039999961853027,5.53000020980835,5.599999904632568,5.039999961853027,5.53000020980835
2016-04-14,2800,5.180005073547363,5.180005073547363,5.53000545501709,5.180005073547363,5.180005073547363
2016-04-13,500,5.389999866485596,5.179999828338623,5.389999866485596,5.179999828338623,5.179999828338623
2016-04-12,300,5.460005283355713,5.460005283355713,5.460005283355713,5.460005283355713,5.460005283355713
2016-04-11,12900,5.320005416870117,5.460005283355713,5.600005626678467,5.25000524520874,5.460005283355713
2016-04-08,200,5.53000545501709,5.390005588531494,5.53000545501709,5.390005588531494,5.390005588531494
2016-04-07,300,5.460000038146973,5.389999866485596,5.599999904632568,5.389999866485596,5.389999866485596
2016-04-06,12800,5.25000524520874,5.53000545501709,5.880005836486816,5.25000524520874,5.53000545501709
2016-04-05,700,5.320005416870117,5.600005626678467,5.600005626678467,5.320005416870117,5.600005626678467
2016-04-04,900,5.600005626678467,5.460005283355713,5.600005626678467,5.25000524520874,5.460005283355713
2016-04-01,6600,5.390005588531494,5.950006008148193,6.02000617980957,5.390005588531494,5.950006008148193
2016-03-31,5400,5.110004901885986,5.460005283355713,5.950006008148193,5.110004901885986,5.460005283355713
2016-03-30,2000,5.389999866485596,5.599999904632568,5.599999904632568,5.039999961853027,5.599999904632568
2016-03-29,19600,5.040005207061768,4.830004692077637,5.600005626678467,4.690004825592041,4.830004692077637
2016-03-28,12100,5.110004901885986,4.900004863739014,5.880005836486816,4.900004863739014,4.900004863739014
2016-03-24,105200,5.040005207061768,4.900004863739014,5.040005207061768,4.900004863739014,4.900004863739014
2016-03-23,4800,5.110004901885986,5.390005588531494,5.460005283355713,5.110004901885986,5.390005588531494
2016-03-22,28200,5.600005626678467,5.110004901885986,6.440006256103516,5.110004901885986,5.110004901885986
2016-03-21,400,5.390005588531494,5.390005588531494,5.390005588531494,5.390005588531494,5.390005588531494
2016-03-18,9200,5.390005588531494,5.600005626678467,5.600005626678467,5.390005588531494,5.600005626678467
2016-03-17,8100,5.950006008148193,5.8100056648254395,5.950006008148193,5.25000524520874,5.8100056648254395
2016-03-16,5600,5.950006008148193,6.02000617980957,6.510006427764893,5.950006008148193,6.02000617980957
2016-03-15,7000,6.02000617980957,5.950006008148193,6.440006256103516,5.950006008148193,5.950006008148193
2016-03-14,100,6.6500067710876465,6.6500067710876465,6.6500067710876465,6.6500067710876465,6.6500067710876465
2016-03-11,800,6.369999885559082,5.949999809265137,6.440000057220459,5.880000114440918,5.949999809265137
2016-03-10,300,6.30000638961792,6.370006561279297,6.370006561279297,6.30000638961792,6.370006561279297
2016-03-09,2500,6.790006637573242,6.720006942749023,6.790006637573242,6.720006942749023,6.720006942749023
2016-03-08,5600,7.140007019042969,7.140007019042969,7.140007019042969,6.440006256103516,7.140007019042969
2016-03-07,500,6.090005874633789,6.510006427764893,6.510006427764893,6.090005874633789,6.510006427764893
2016-03-04,800,7.0,6.929999828338623,7.070000171661377,6.929999828338623,6.929999828338623
2016-03-03,4700,6.720006942749023,6.720006942749023,6.930006980895996,6.720006942749023,6.720006942749023
2016-03-02,2100,6.720006942749023,6.860006809234619,6.860006809234619,6.720006942749023,6.860006809234619
2016-03-01,2100,6.6500067710876465,6.6500067710876465,6.6500067710876465,6.6500067710876465,6.6500067710876465
2016-02-29,8000,6.440006256103516,6.6500067710876465,6.6500067710876465,6.440006256103516,6.6500067710876465
2016-02-26,400,6.789999961853027,6.860000133514404,6.860000133514404,6.019999980926514,6.860000133514404
2016-02-25,19600,6.5800065994262695,6.6500067710876465,6.720006942749023,6.5800065994262695,6.6500067710876465
2016-02-24,2200,6.370006561279297,6.370006561279297,6.440006256103516,6.370006561279297,6.370006561279297
2016-02-23,15400,6.160006046295166,6.370006561279297,6.440006256103516,6.160006046295166,6.370006561279297
2016-02-22,1900,5.950006008148193,6.160006046295166,6.160006046295166,5.950006008148193,6.160006046295166
2016-02-19,3600,5.8100056648254395,5.670005798339844,6.440006256103516,5.670005798339844,5.670005798339844
2016-02-18,6700,5.600005626678467,6.440006256103516,6.440006256103516,5.600005626678467,6.440006256103516
2016-02-17,3200,5.740005970001221,5.600005626678467,6.440006256103516,5.600005626678467,5.600005626678467
2016-02-16,5000,5.740005970001221,5.740005970001221,5.740005970001221,5.740005970001221,5.740005970001221
2016-02-12,100,5.809999942779541,5.880000114440918,5.880000114440918,5.809999942779541,5.880000114440918
2016-02-11,0,5.880000114440918,5.880000114440918,5.880000114440918,5.880000114440918,5.880000114440918
2016-02-10,0,5.880000114440918,5.880000114440918,5.880000114440918,5.880000114440918,5.880000114440918
2016-02-09,800,6.02000617980957,6.160006046295166,6.160006046295166,5.600005626678467,6.160006046295166
2016-02-08,600,5.740005970001221,5.880005836486816,5.950006008148193,5.740005970001221,5.880005836486816
2016-02-05,100,5.739999771118164,5.949999809265137,5.949999809265137,5.670000076293945,5.949999809265137
2016-02-04,5800,5.600005626678467,6.370006561279297,6.440006256103516,5.600005626678467,6.370006561279297
2016-02-03,1600,5.950006008148193,5.670005798339844,5.950006008148193,5.600005626678467,5.670005798339844
2016-02-02,100,5.950006008148193,5.950006008148193,5.950006008148193,5.950006008148193,5.950006008148193
2016-02-01,10200,6.510006427764893,6.160006046295166,6.5800065994262695,6.160006046295166,6.160006046295166
2016-01-29,300,6.369999885559082,6.300000190734863,6.440000057220459,5.809999942779541,6.300000190734863
2016-01-28,700,5.599999904632568,5.599999904632568,6.369999885559082,5.599999904632568,5.599999904632568
2016-01-27,800,5.599999904632568,5.739999771118164,5.739999771118164,5.599999904632568,5.739999771118164
2016-01-26,800,5.600005626678467,5.740005970001221,5.740005970001221,5.600005626678467,5.740005970001221
2016-01-25,1100,6.160006046295166,6.160006046295166,6.160006046295166,6.160006046295166,6.160006046295166
2016-01-22,4200,6.230006217956543,5.950006008148193,6.370006561279297,5.670005798339844,5.950006008148193
2016-01-21,8000,6.30000638961792,5.950006008148193,6.30000638961792,5.600005626678467,5.950006008148193
2016-01-20,20400,5.950006008148193,6.30000638961792,6.30000638961792,5.600005626678467,6.30000638961792
2016-01-19,15400,5.950006008148193,5.950006008148193,6.160006046295166,5.670005798339844,5.950006008148193
2016-01-15,2000,5.949999809265137,5.599999904632568,5.949999809265137,5.599999904632568,5.599999904632568
2016-01-14,2400,5.320000171661377,5.880000114440918,5.880000114440918,4.829999923706055,5.880000114440918
2016-01-13,1500,5.25,4.829999923706055,5.53000020980835,4.409999847412109,4.829999923706055
2016-01-12,6800,4.199999809265137,5.110000133514404,5.25,3.990000009536743,5.110000133514404
2016-01-11,34100,4.620004653930664,4.550004482269287,4.690004825592041,3.850003957748413,4.550004482269287
2016-01-08,7500,4.830004692077637,4.130003929138184,4.830004692077637,4.130003929138184,4.130003929138184
2016-01-07,21200,3.850003957748413,4.3400044441223145,4.970005035400391,3.780003786087036,4.3400044441223145
2016-01-06,28200,3.5700035095214844,3.990004062652588,5.040005207061768,3.5700035095214844,3.990004062652588
2016-01-05,42000,3.710003614425659,3.850003957748413,4.2000041007995605,3.710003614425659,3.850003957748413
2016-01-04,5700,3.710003614425659,3.710003614425659,4.410004615783691,3.4300034046173096,3.710003614425659
2015-12-31,26600,4.690004825592041,4.060004234313965,4.690004825592041,3.850003957748413,4.060004234313965
2015-12-30,1800,3.569999933242798,3.7799999713897705,4.760000228881836,3.5,3.7799999713897705
2015-12-29,4900,4.130000114440918,3.7799999713897705,4.760000228881836,3.359999895095825,3.7799999713897705
2015-12-28,13400,4.2000041007995605,4.2700042724609375,4.830004692077637,4.130003929138184,4.2700042724609375
2015-12-24,48800,4.2000041007995605,4.2000041007995605,5.25000524520874,4.130003929138184,4.2000041007995605
2015-12-23,4000,3.7100000381469727,4.480000019073486,4.480000019073486,3.1500000953674316,4.480000019073486
2015-12-22,45500,3.080003023147583,3.710003614425659,3.780003786087036,3.010003089904785,3.710003614425659
2015-12-21,35000,3.4300034046173096,2.8700029850006104,3.710003614425659,2.8000028133392334,2.8700029850006104
2015-12-18,20100,2.5899999141693115,3.0799999237060547,3.5,2.5899999141693115,3.0799999237060547
2015-12-17,7800,2.869999885559082,3.1500000953674316,3.640000104904175,2.7300000190734863,3.1500000953674316
2015-12-16,2300,2.940000057220459,3.1500000953674316,3.640000104904175,2.940000057220459,3.1500000953674316
2015-12-15,11000,4.199999809265137,3.5,4.199999809265137,2.799999952316284,3.5
2015-12-14,29600,3.710003614425659,3.5000035762786865,4.060004234313965,3.5000035762786865,3.5000035762786865
2015-12-11,2600,3.5,3.5,4.059999942779541,3.5,3.5
2015-12-10,5100,3.5,3.2200000286102295,3.9200000762939453,3.1500000953674316,3.2200000286102295
2015-12-09,20400,3.8499999046325684,3.359999895095825,4.409999847412109,2.799999952316284,3.359999895095825
2015-12-08,6300,4.340000152587891,3.569999933242798,4.409999847412109,3.569999933242798,3.569999933242798
2015-12-07,3400,4.340000152587891,4.340000152587891,4.619999885559082,4.340000152587891,4.340000152587891
2015-12-04,400,4.900000095367432,4.409999847412109,4.900000095367432,4.409999847412109,4.409999847412109
2015-12-03,1000,4.690000057220459,4.760000228881836,4.760000228881836,4.340000152587891,4.760000228881836
2015-12-02,200,4.550000190734863,4.550000190734863,4.550000190734863,4.550000190734863,4.550000190734863
2015-12-01,100,4.690000057220459,4.619999885559082,4.690000057220459,4.619999885559082,4.619999885559082
2015-11-30,300,4.619999885559082,4.619999885559082,4.619999885559082,4.550000190734863,4.619999885559082
2015-11-27,0,4.829999923706055,4.829999923706055,4.829999923706055,4.829999923706055,4.829999923706055
2015-11-25,0,4.829999923706055,4.829999923706055,4.829999923706055,4.829999923706055,4.829999923706055
2015-11-24,900,4.829999923706055,4.619999885559082,4.900000095367432,4.550000190734863,4.619999885559082
2015-11-23,2200,5.110000133514404,4.550000190734863,5.110000133514404,4.480000019073486,4.550000190734863
2015-11-20,300,5.25,4.760000228881836,5.25,4.760000228881836,4.760000228881836
2015-11-19,1000,4.829999923706055,5.039999961853027,5.25,4.619999885559082,5.039999961853027
2015-11-18,6600,4.96999979019165,4.900000095367432,5.179999828338623,4.900000095367432,4.900000095367432
2015-11-17,200,4.96999979019165,4.96999979019165,4.96999979019165,4.96999979019165,4.96999979019165
2015-11-16,100,4.829999923706055,4.829999923706055,4.829999923706055,4.829999923706055,4.829999923706055
2015-11-13,0,4.829999923706055,4.829999923706055,4.829999923706055,4.829999923706055,4.829999923706055
2015-11-12,0,4.829999923706055,4.829999923706055,4.829999923706055,4.829999923706055,4.829999923706055
2015-11-11,3500,4.619999885559082,4.690000057220459,5.110000133514404,4.619999885559082,4.690000057220459
2015-11-10,0,5.110000133514404,5.110000133514404,5.110000133514404,5.110000133514404,5.110000133514404
2015-11-09,300,4.619999885559082,5.110000133514404,5.179999828338623,4.619999885559082,5.110000133514404
2015-11-06,100,4.550000190734863,4.829999923706055,5.110000133514404,4.550000190734863,4.829999923706055
2015-11-05,200,4.550000190734863,4.550000190734863,5.039999961853027,4.550000190734863,4.550000190734863
2015-11-04,2800,5.25000524520874,4.900004863739014,5.25000524520874,4.900004863739014,4.900004863739014
2015-11-03,1800,4.900000095367432,5.110000133514404,5.110000133514404,4.550000190734863,5.110000133514404
2015-11-02,600,4.690000057220459,5.110000133514404,5.25,4.619999885559082,5.110000133514404
2015-10-30,900,4.619999885559082,4.829999923706055,5.110000133514404,4.619999885559082,4.829999923706055
2015-10-29,9400,4.620004653930664,4.3400044441223145,4.830004692077637,4.3400044441223145,4.3400044441223145
2015-10-28,400,5.110004901885986,4.550004482269287,5.180005073547363,4.550004482269287,4.550004482269287
2015-10-27,31700,4.900004863739014,4.620004653930664,5.180005073547363,4.550004482269287,4.620004653930664
2015-10-26,4400,4.830004692077637,4.900004863739014,5.110004901885986,4.760004997253418,4.900004863739014
2015-10-23,900,4.96999979019165,4.900000095367432,5.110000133514404,4.760000228881836,4.900000095367432
2015-10-22,700,4.690000057220459,4.829999923706055,4.829999923706055,4.690000057220459,4.829999923706055
2015-10-21,100,4.96999979019165,4.829999923706055,4.96999979019165,4.829999923706055,4.829999923706055
2015-10-20,300,5.179999828338623,5.179999828338623,5.179999828338623,4.900000095367432,5.179999828338623
2015-10-19,1500,5.25,5.039999961853027,5.25,4.96999979019165,5.039999961853027
2015-10-16,700,4.900000095367432,5.25,5.25,4.900000095367432,5.25
2015-10-15,500,4.619999885559082,4.760000228881836,4.760000228881836,4.619999885559082,4.760000228881836
2015-10-14,1900,4.690000057220459,4.690000057220459,4.96999979019165,4.550000190734863,4.690000057220459
2015-10-13,400,4.690000057220459,4.690000057220459,4.690000057220459,4.690000057220459,4.690000057220459
2015-10-12,400,4.900000095367432,4.550000190734863,4.900000095367432,4.550000190734863,4.550000190734863
2015-10-09,100,4.760000228881836,4.900000095367432,4.900000095367432,4.690000057220459,4.900000095367432
2015-10-08,1200,4.690000057220459,4.900000095367432,5.039999961853027,4.690000057220459,4.900000095367432
2015-10-07,2000,5.110000133514404,4.619999885559082,5.110000133514404,4.550000190734863,4.619999885559082
2015-10-06,1200,4.900000095367432,4.829999923706055,4.900000095367432,4.690000057220459,4.829999923706055
2015-10-05,2200,4.760000228881836,4.760000228881836,5.110000133514404,4.690000057220459,4.760000228881836
2015-10-02,3300,5.25,4.760000228881836,5.25,3.990000009536743,4.760000228881836
2015-10-01,500,5.460000038146973,5.179999828338623,5.53000020980835,4.619999885559082,5.179999828338623
2015-09-30,5900,5.110004901885986,5.180005073547363,5.180005073547363,4.970005035400391,5.180005073547363
2015-09-29,33100,5.460005283355713,4.690004825592041,5.460005283355713,4.690004825592041,4.690004825592041
2015-09-28,9500,5.670005798339844,5.53000545501709,6.02000617980957,5.53000545501709,5.53000545501709
2015-09-25,7200,6.02000617980957,5.600005626678467,6.02000617980957,5.600005626678467,5.600005626678467
2015-09-24,32600,6.02000617980957,6.090005874633789,6.30000638961792,5.950006008148193,6.090005874633789
2015-09-23,2700,6.370006561279297,6.440006256103516,7.140007019042969,6.370006561279297,6.440006256103516
2015-09-22,6000,6.930006980895996,6.510006427764893,7.560007572174072,6.370006561279297,6.510006427764893
2015-09-21,1100,6.789999961853027,7.070000171661377,7.210000038146973,6.789999961853027,7.070000171661377
2015-09-18,57100,7.140007019042969,7.490007400512695,7.490007400512695,5.8100056648254395,7.490007400512695
2015-09-17,1400,7.210007190704346,7.560007572174072,7.700007915496826,7.210007190704346,7.560007572174072
2015-09-16,1300,7.28000020980835,7.699999809265137,7.769999980926514,7.139999866485596,7.699999809265137
2015-09-15,5000,7.140007019042969,7.140007019042969,7.280007362365723,7.070006847381592,7.140007019042969
2015-09-14,100,7.139999866485596,7.139999866485596,7.559999942779541,7.070000171661377,7.139999866485596
2015-09-11,6100,6.71999979019165,7.420000076293945,7.909999847412109,6.510000228881836,7.420000076293945
2015-09-10,300,6.71999979019165,6.650000095367432,6.860000133514404,6.650000095367432,6.650000095367432
2015-09-09,6500,7.000007152557373,6.720006942749023,7.140007019042969,6.720006942749023,6.720006942749023
2015-09-08,19900,7.420007228851318,6.930006980895996,7.630007743835449,6.790006637573242,6.930006980895996
2015-09-04,2200,7.420007228851318,7.420007228851318,7.630007743835449,7.420007228851318,7.420007228851318
2015-09-03,4200,7.28000020980835,7.349999904632568,7.699999809265137,7.210000038146973,7.349999904632568
2015-09-02,1200,7.489999771118164,7.28000020980835,7.630000114440918,7.28000020980835,7.28000020980835
2015-09-01,400,7.349999904632568,7.349999904632568,7.349999904632568,7.28000020980835,7.349999904632568
2015-08-31,1000,7.840007781982422,7.490007400512695,7.840007781982422,7.3500075340271,7.490007400512695
2015-08-28,9700,7.910007953643799,7.560007572174072,7.910007953643799,7.560007572174072,7.560007572174072
2015-08-27,3700,7.770007610321045,7.560007572174072,7.770007610321045,7.560007572174072,7.560007572174072
2015-08-26,7100,7.840007781982422,7.630007743835449,7.840007781982422,7.560007572174072,7.630007743835449
2015-08-25,16300,9.100008964538574,7.910007953643799,9.100008964538574,7.3500075340271,7.910007953643799
2015-08-24,171100,6.720006942749023,7.700007915496826,7.700007915496826,6.510006427764893,7.700007915496826
2015-08-21,41400,6.720006942749023,6.790006637573242,7.000007152557373,6.5800065994262695,6.790006637573242
2015-08-20,22900,7.000007152557373,7.210007190704346,7.420007228851318,6.510006427764893,7.210007190704346
2015-08-19,21700,7.490007400512695,6.720006942749023,7.700007915496826,6.6500067710876465,6.720006942749023
2015-08-18,33700,7.210007190704346,6.930006980895996,7.980008125305176,6.510006427764893,6.930006980895996
2015-08-17,7600,7.139999866485596,7.139999866485596,7.699999809265137,6.510000228881836,7.139999866485596
2015-08-14,82600,7.840007781982422,6.370006561279297,7.840007781982422,5.950006008148193,6.370006561279297
2015-08-13,4600,8.399999618530273,7.840000152587891,8.960000038146973,7.840000152587891,7.840000152587891
2015-08-12,1400,8.960000038146973,8.399999618530273,8.960000038146973,8.399999618530273,8.399999618530273
2015-08-11,6700,8.610008239746094,8.820009231567383,8.96000862121582,8.610008239746094,8.820009231567383
2015-08-10,2300,8.540008544921875,8.610008239746094,8.610008239746094,8.400008201599121,8.610008239746094
2015-08-07,7800,8.890008926391602,8.680008888244629,8.890008926391602,8.470008850097656,8.680008888244629
2015-08-06,8000,8.890008926391602,8.680008888244629,8.890008926391602,8.680008888244629,8.680008888244629
2015-08-05,800,8.890008926391602,8.890008926391602,8.890008926391602,8.610008239746094,8.890008926391602
2015-08-04,3100,8.470008850097656,8.96000862121582,8.96000862121582,8.470008850097656,8.96000862121582
2015-08-03,3500,8.540008544921875,8.890008926391602,8.890008926391602,8.400008201599121,8.890008926391602
2015-07-31,13900,8.820009231567383,8.96000862121582,8.96000862121582,8.470008850097656,8.96000862121582
2015-07-30,3300,8.470008850097656,8.540008544921875,8.96000862121582,8.400008201599121,8.540008544921875
2015-07-29,9900,8.610008239746094,8.750008583068848,8.750008583068848,8.470008850097656,8.750008583068848
2015-07-28,3400,8.540008544921875,8.610008239746094,8.750008583068848,8.540008544921875,8.610008239746094
2015-07-27,8200,8.470008850097656,8.750008583068848,8.96000862121582,8.400008201599121,8.750008583068848
2015-07-24,7400,8.96000862121582,8.680008888244629,8.96000862121582,8.540008544921875,8.680008888244629
2015-07-23,12700,8.400008201599121,8.890008926391602,8.890008926391602,8.400008201599121,8.890008926391602
2015-07-22,7500,8.540008544921875,8.470008850097656,8.540008544921875,8.400008201599121,8.470008850097656
2015-07-21,2400,8.680008888244629,8.680008888244629,8.820009231567383,8.610008239746094,8.680008888244629
2015-07-20,8700,8.820009231567383,8.680008888244629,9.100008964538574,8.400008201599121,8.680008888244629
2015-07-17,6400,8.96000862121582,8.820009231567383,8.96000862121582,8.610008239746094,8.820009231567383
2015-07-16,1100,8.820009231567383,8.96000862121582,8.96000862121582,8.820009231567383,8.96000862121582
2015-07-15,5100,8.96000862121582,8.96000862121582,9.590009689331055,8.890008926391602,8.96000862121582
2015-07-14,2400,9.310009002685547,9.17000961303711,9.310009002685547,9.17000961303711,9.17000961303711
2015-07-13,3000,8.890008926391602,9.100008964538574,9.310009002685547,8.750008583068848,9.100008964538574
2015-07-10,4400,9.100008964538574,9.030009269714355,9.100008964538574,9.030009269714355,9.030009269714355
2015-07-09,14500,8.96000862121582,8.96000862121582,9.030009269714355,8.750008583068848,8.96000862121582
2015-07-08,10000,8.820009231567383,9.240009307861328,9.380009651184082,8.820009231567383,9.240009307861328
2015-07-07,14800,8.96000862121582,8.96000862121582,9.17000961303711,8.96000862121582,8.96000862121582
2015-07-06,13300,8.680008888244629,9.17000961303711,9.4500093460083,8.680008888244629,9.17000961303711
2015-07-02,1500,9.660009384155273,9.380009651184082,9.660009384155273,9.380009651184082,9.380009651184082
2015-07-01,6500,9.030009269714355,9.030009269714355,9.520009994506836,8.820009231567383,9.030009269714355
2015-06-30,7600,8.890008926391602,8.820009231567383,9.380009651184082,8.750008583068848,8.820009231567383
2015-06-29,38300,9.310009002685547,9.100008964538574,9.310009002685547,8.610008239746094,9.100008964538574
2015-06-26,100,8.330008506774902,8.330008506774902,8.330008506774902,8.330008506774902,8.330008506774902
2015-06-25,1200,8.680008888244629,8.260007858276367,8.680008888244629,8.260007858276367,8.260007858276367
2015-06-24,2600,8.400008201599121,8.330008506774902,8.680008888244629,8.330008506774902,8.330008506774902
2015-06-23,300,8.400008201599121,8.400008201599121,8.400008201599121,8.400008201599121,8.400008201599121
2015-06-22,1100,8.050007820129395,8.260007858276367,8.750008583068848,8.050007820129395,8.260007858276367
2015-06-19,11300,8.820009231567383,8.050007820129395,8.820009231567383,7.980008125305176,8.050007820129395
2015-06-18,2900,8.260007858276367,8.750008583068848,8.750008583068848,8.260007858276367,8.750008583068848
2015-06-17,8300,8.680008888244629,8.050007820129395,8.680008888244629,8.050007820129395,8.050007820129395
2015-06-16,4500,8.470008850097656,8.400008201599121,8.610008239746094,8.400008201599121,8.400008201599121
2015-06-15,6500,8.050007820129395,8.190008163452148,8.610008239746094,8.050007820129395,8.190008163452148
2015-06-12,5700,9.030009269714355,8.050007820129395,9.030009269714355,7.980008125305176,8.050007820129395
2015-06-11,5000,8.260007858276367,8.260007858276367,8.820009231567383,8.260007858276367,8.260007858276367
2015-06-10,5700,8.750008583068848,8.540008544921875,8.820009231567383,8.400008201599121,8.540008544921875
2015-06-09,800,8.399999618530273,8.260000228881836,9.3100004196167,8.260000228881836,8.260000228881836
2015-06-08,19100,8.610008239746094,8.12000846862793,8.890008926391602,8.12000846862793,8.12000846862793
2015-06-05,94100,8.400008201599121,8.610008239746094,9.800009727478027,8.050007820129395,8.610008239746094
2015-06-04,35300,8.12000846862793,8.330008506774902,8.400008201599121,8.050007820129395,8.330008506774902
2015-06-03,300,7.909999847412109,8.1899995803833,8.399999618530273,7.909999847412109,8.1899995803833
2015-06-02,1800,8.050007820129395,8.190008163452148,8.190008163452148,7.910007953643799,8.190008163452148
2015-06-01,1500,7.909999847412109,8.1899995803833,8.1899995803833,7.909999847412109,8.1899995803833
2015-05-29,300,8.330008506774902,8.330008506774902,8.400008201599121,8.330008506774902,8.330008506774902
2015-05-28,0,7.910007953643799,7.910007953643799,7.910007953643799,7.910007953643799,7.910007953643799
2015-05-27,8900,8.610008239746094,7.910007953643799,8.610008239746094,7.840007781982422,7.910007953643799
2015-05-26,18100,7.840007781982422,8.050007820129395,8.260007858276367,7.770007610321045,8.050007820129395
2015-05-22,2100,7.980008125305176,7.840007781982422,7.980008125305176,7.770007610321045,7.840007781982422
2015-05-21,8700,7.630007743835449,8.330008506774902,8.330008506774902,7.630007743835449,8.330008506774902
2015-05-20,13200,7.840007781982422,7.630007743835449,7.840007781982422,7.630007743835449,7.630007743835449
2015-05-19,2500,8.050000190734863,7.630000114440918,8.050000190734863,7.630000114440918,7.630000114440918
2015-05-18,1300,7.840007781982422,7.980008125305176,7.980008125305176,7.840007781982422,7.980008125305176
2015-05-15,5900,8.050007820129395,7.840007781982422,8.12000846862793,7.840007781982422,7.840007781982422
2015-05-14,10100,7.700007915496826,8.050007820129395,8.050007820129395,7.700007915496826,8.050007820129395
2015-05-13,0,7.700007915496826,7.700007915496826,7.700007915496826,7.700007915496826,7.700007915496826
2015-05-12,7200,7.770007610321045,7.700007915496826,7.980008125305176,7.700007915496826,7.700007915496826
2015-05-11,3300,8.12000846862793,7.980008125305176,8.190008163452148,7.980008125305176,7.980008125305176
2015-05-08,0,8.190008163452148,8.190008163452148,8.190008163452148,8.190008163452148,8.190008163452148
2015-05-07,3300,7.700007915496826,8.190008163452148,8.190008163452148,7.700007915496826,8.190008163452148
2015-05-06,1700,7.980008125305176,7.700007915496826,8.050007820129395,7.700007915496826,7.700007915496826
2015-05-05,1400,8.330008506774902,8.050007820129395,8.330008506774902,7.910007953643799,8.050007820129395
2015-05-04,4800,7.840007781982422,8.400008201599121,8.400008201599121,7.840007781982422,8.400008201599121
2015-05-01,4500,8.050007820129395,8.330008506774902,8.680008888244629,8.050007820129395,8.330008506774902
2015-04-30,4700,7.770007610321045,7.840007781982422,8.050007820129395,7.700007915496826,7.840007781982422
2015-04-29,7500,8.330008506774902,8.050007820129395,8.680008888244629,7.770007610321045,8.050007820129395
2015-04-28,8600,8.680008888244629,8.190008163452148,8.680008888244629,7.770007610321045,8.190008163452148
2015-04-27,4500,8.540008544921875,8.470008850097656,8.890008926391602,8.400008201599121,8.470008850097656
2015-04-24,17100,8.540008544921875,8.400008201599121,8.96000862121582,8.400008201599121,8.400008201599121
2015-04-23,114700,7.910007953643799,8.540008544921875,9.240009307861328,7.700007915496826,8.540008544921875
2015-04-22,1000,7.769999980926514,8.050000190734863,8.119999885559082,7.699999809265137,8.050000190734863
2015-04-21,3100,7.769999980926514,8.050000190734863,8.260000228881836,7.559999942779541,8.050000190734863
2015-04-20,15600,7.840007781982422,7.910007953643799,7.910007953643799,7.630007743835449,7.910007953643799
2015-04-17,8900,8.330008506774902,7.910007953643799,8.330008506774902,7.910007953643799,7.910007953643799
2015-04-16,4300,7.909999847412109,8.260000228881836,8.329999923706055,7.699999809265137,8.260000228881836
2015-04-15,900,7.769999980926514,7.489999771118164,8.050000190734863,7.489999771118164,7.489999771118164
2015-04-14,0,7.770007610321045,7.770007610321045,7.770007610321045,7.770007610321045,7.770007610321045
2015-04-13,1700,7.840007781982422,7.770007610321045,7.910007953643799,7.770007610321045,7.770007610321045
2015-04-10,46600,7.700007915496826,7.980008125305176,7.980008125305176,7.420007228851318,7.980008125305176
2015-04-09,200,7.980008125305176,7.980008125305176,7.980008125305176,7.980008125305176,7.980008125305176
2015-04-08,700,7.770007610321045,7.770007610321045,7.770007610321045,7.700007915496826,7.770007610321045
2015-04-07,2500,7.840007781982422,8.050007820129395,8.050007820129395,7.770007610321045,8.050007820129395
2015-04-06,5500,7.770007610321045,7.840007781982422,7.910007953643799,7.770007610321045,7.840007781982422
2015-04-02,3800,7.910007953643799,8.050007820129395,8.12000846862793,7.770007610321045,8.050007820129395
2015-04-01,2800,7.980008125305176,8.330008506774902,8.330008506774902,7.840007781982422,8.330008506774902
2015-03-31,8400,7.770007610321045,7.840007781982422,8.050007820129395,7.700007915496826,7.840007781982422
2015-03-30,19600,7.770007610321045,7.840007781982422,8.330008506774902,7.700007915496826,7.840007781982422
2015-03-27,800,7.770007610321045,7.980008125305176,8.12000846862793,7.770007610321045,7.980008125305176
2015-03-26,400,7.910007953643799,7.910007953643799,7.910007953643799,7.910007953643799,7.910007953643799
2015-03-25,300,7.770007610321045,8.050007820129395,8.050007820129395,7.770007610321045,8.050007820129395
2015-03-24,400,8.12000846862793,8.050007820129395,8.12000846862793,8.050007820129395,8.050007820129395
2015-03-23,500,7.770007610321045,7.840007781982422,7.840007781982422,7.770007610321045,7.840007781982422
2015-03-20,2100,7.980008125305176,7.700007915496826,8.12000846862793,7.700007915496826,7.700007915496826
2015-03-19,1700,8.119999885559082,8.119999885559082,8.1899995803833,7.909999847412109,8.119999885559082
2015-03-18,6200,7.700007915496826,8.12000846862793,8.190008163452148,7.700007915496826,8.12000846862793
2015-03-17,1200,7.770007610321045,8.12000846862793,8.12000846862793,7.770007610321045,8.12000846862793
2015-03-16,3100,7.700007915496826,8.12000846862793,8.12000846862793,7.700007915496826,8.12000846862793
2015-03-13,2800,7.910007953643799,7.980008125305176,8.330008506774902,7.910007953643799,7.980008125305176
2015-03-12,15700,7.560007572174072,7.980008125305176,8.470008850097656,7.560007572174072,7.980008125305176
2015-03-11,900,7.630000114440918,7.559999942779541,7.699999809265137,7.559999942779541,7.559999942779541
2015-03-10,8600,7.700007915496826,7.560007572174072,7.700007915496826,7.560007572174072,7.560007572174072
2015-03-09,9000,7.910007953643799,7.770007610321045,7.910007953643799,7.630007743835449,7.770007610321045
2015-03-06,10600,7.840007781982422,7.910007953643799,7.910007953643799,7.700007915496826,7.910007953643799
2015-03-05,8100,7.910007953643799,7.840007781982422,7.910007953643799,7.560007572174072,7.840007781982422
2015-03-04,6400,7.630007743835449,7.630007743835449,8.050007820129395,7.560007572174072,7.630007743835449
2015-03-03,2900,7.700007915496826,7.980008125305176,8.050007820129395,7.560007572174072,7.980008125305176
2015-03-02,20100,7.560007572174072,7.980008125305176,7.980008125305176,7.560007572174072,7.980008125305176
2015-02-27,6700,7.560007572174072,7.630007743835449,7.630007743835449,7.560007572174072,7.630007743835449
2015-02-26,8900,7.840007781982422,7.700007915496826,7.910007953643799,7.700007915496826,7.700007915496826
2015-02-25,10100,7.910007953643799,7.980008125305176,7.980008125305176,7.840007781982422,7.980008125305176
2015-02-24,6000,7.560007572174072,7.980008125305176,7.980008125305176,7.490007400512695,7.980008125305176
2015-02-23,19300,7.840007781982422,7.980008125305176,8.12000846862793,7.490007400512695,7.980008125305176
2015-02-20,400,8.190008163452148,8.260007858276367,8.260007858276367,8.190008163452148,8.260007858276367
2015-02-19,2900,8.050000190734863,7.909999847412109,8.329999923706055,7.769999980926514,7.909999847412109
2015-02-18,13400,8.190008163452148,8.190008163452148,8.190008163452148,7.910007953643799,8.190008163452148
2015-02-17,8300,8.12000846862793,8.470008850097656,8.470008850097656,8.12000846862793,8.470008850097656
2015-02-13,1700,8.470008850097656,8.400008201599121,8.470008850097656,8.330008506774902,8.400008201599121
2015-02-12,12400,8.12000846862793,8.050007820129395,8.400008201599121,8.050007820129395,8.050007820129395
2015-02-11,8100,8.260007858276367,8.470008850097656,8.470008850097656,8.260007858276367,8.470008850097656
2015-02-10,1600,8.12000846862793,8.190008163452148,8.400008201599121,8.050007820129395,8.190008163452148
2015-02-09,21200,8.610008239746094,8.12000846862793,8.610008239746094,8.12000846862793,8.12000846862793
2015-02-06,7300,8.400008201599121,8.610008239746094,8.610008239746094,8.330008506774902,8.610008239746094
2015-02-05,6000,8.050007820129395,8.470008850097656,8.470008850097656,7.980008125305176,8.470008850097656
2015-02-04,200,8.190008163452148,8.190008163452148,8.190008163452148,8.190008163452148,8.190008163452148
2015-02-03,800,8.050007820129395,8.260007858276367,8.260007858276367,8.050007820129395,8.260007858276367
2015-02-02,12900,8.330008506774902,8.400008201599121,8.400008201599121,8.050007820129395,8.400008201599121
2015-01-30,5700,8.12000846862793,8.470008850097656,8.470008850097656,8.12000846862793,8.470008850097656
2015-01-29,10000,8.260007858276367,8.260007858276367,8.260007858276367,8.260007858276367,8.260007858276367
2015-01-28,2700,8.260007858276367,8.260007858276367,8.260007858276367,8.050007820129395,8.260007858276367
2015-01-27,25400,8.050007820129395,8.400008201599121,8.400008201599121,8.050007820129395,8.400008201599121
2015-01-26,5000,7.980008125305176,8.050007820129395,8.260007858276367,7.980008125305176,8.050007820129395
2015-01-23,20000,8.190008163452148,7.980008125305176,8.400008201599121,7.980008125305176,7.980008125305176
2015-01-22,3200,8.400008201599121,8.12000846862793,8.400008201599121,8.12000846862793,8.12000846862793
2015-01-21,7600,8.050007820129395,8.190008163452148,8.400008201599121,8.050007820129395,8.190008163452148
2015-01-20,4500,8.050007820129395,8.050007820129395,8.330008506774902,8.050007820129395,8.050007820129395
2015-01-16,14500,8.680008888244629,8.050007820129395,8.680008888244629,8.050007820129395,8.050007820129395
2015-01-15,6300,8.190008163452148,8.050007820129395,8.190008163452148,8.050007820129395,8.050007820129395
2015-01-14,5400,8.050007820129395,8.190008163452148,8.260007858276367,8.050007820129395,8.190008163452148
2015-01-13,500,8.050007820129395,8.050007820129395,8.050007820129395,8.050007820129395,8.050007820129395
2015-01-12,14400,8.680008888244629,8.190008163452148,8.680008888244629,8.050007820129395,8.190008163452148
2015-01-09,4700,8.470008850097656,8.680008888244629,8.680008888244629,8.190008163452148,8.680008888244629
2015-01-08,10800,8.190008163452148,8.330008506774902,8.470008850097656,8.12000846862793,8.330008506774902
2015-01-07,5600,8.470008850097656,8.050007820129395,8.470008850097656,8.050007820129395,8.050007820129395
2015-01-06,500,8.260007858276367,8.400008201599121,8.400008201599121,8.12000846862793,8.400008201599121
2015-01-05,15300,8.470008850097656,8.050007820129395,8.470008850097656,8.050007820129395,8.050007820129395
2015-01-02,3100,8.330008506774902,8.470008850097656,8.470008850097656,8.260007858276367,8.470008850097656
2014-12-31,6800,8.050000190734863,8.1899995803833,8.329999923706055,8.050000190734863,8.1899995803833
2014-12-30,2000,8.050000190734863,8.050000190734863,8.119999885559082,8.050000190734863,8.050000190734863
2014-12-29,1500,8.119999885559082,8.1899995803833,8.470000267028809,8.050000190734863,8.1899995803833
2014-12-26,800,8.260000228881836,8.399999618530273,8.399999618530273,8.1899995803833,8.399999618530273
2014-12-24,200,8.329999923706055,8.399999618530273,8.399999618530273,8.1899995803833,8.399999618530273
2014-12-23,2500,8.1899995803833,8.119999885559082,8.1899995803833,8.050000190734863,8.119999885559082
2014-12-22,900,8.329999923706055,8.119999885559082,8.399999618530273,8.119999885559082,8.119999885559082
2014-12-19,900,8.329999923706055,8.609999656677246,8.609999656677246,8.050000190734863,8.609999656677246
2014-12-18,300,8.470000267028809,8.399999618530273,8.539999961853027,8.1899995803833,8.399999618530273
2014-12-17,4700,8.329999923706055,8.399999618530273,8.680000305175781,8.050000190734863,8.399999618530273
2014-12-16,700,8.470000267028809,8.119999885559082,8.470000267028809,8.119999885559082,8.119999885559082
2014-12-15,300,8.399999618530273,8.260000228881836,8.470000267028809,8.1899995803833,8.260000228881836
2014-12-12,500,8.1899995803833,8.329999923706055,8.399999618530273,8.1899995803833,8.329999923706055
2014-12-11,2200,8.260000228881836,8.470000267028809,8.470000267028809,8.119999885559082,8.470000267028809
2014-12-10,3300,8.680000305175781,8.1899995803833,8.680000305175781,8.1899995803833,8.1899995803833
2014-12-09,900,8.329999923706055,8.260000228881836,8.329999923706055,8.260000228881836,8.260000228881836
2014-12-08,400,8.1899995803833,8.329999923706055,8.680000305175781,8.1899995803833,8.329999923706055
2014-12-05,3900,8.539999961853027,8.260000228881836,8.539999961853027,8.1899995803833,8.260000228881836
2014-12-04,200,8.470000267028809,8.75,8.890000343322754,8.470000267028809,8.75
2014-12-03,400,8.399999618530273,8.539999961853027,9.029999732971191,8.399999618530273,8.539999961853027
2014-12-02,3200,8.399999618530273,8.399999618530273,9.100000381469727,8.399999618530273,8.399999618530273
2014-12-01,4800,9.239999771118164,8.399999618530273,9.239999771118164,8.399999618530273,8.399999618530273
2014-11-28,0,9.380000114440918,9.380000114440918,9.380000114440918,9.380000114440918,9.380000114440918
2014-11-26,3500,9.100000381469727,8.75,9.380000114440918,8.75,8.75
2014-11-25,1000,8.680000305175781,9.029999732971191,9.170000076293945,8.609999656677246,9.029999732971191
2014-11-24,2600,9.029999732971191,8.399999618530273,9.100000381469727,8.399999618530273,8.399999618530273
2014-11-21,900,9.100000381469727,8.680000305175781,9.100000381469727,8.680000305175781,8.680000305175781
2014-11-20,2000,8.819999694824219,8.539999961853027,9.3100004196167,8.539999961853027,8.539999961853027
2014-11-19,28700,8.470000267028809,8.960000038146973,9.449999809265137,8.470000267028809,8.960000038146973
2014-11-18,4100,8.119999885559082,8.329999923706055,8.470000267028809,8.119999885559082,8.329999923706055
2014-11-17,600,8.1899995803833,8.1899995803833,8.329999923706055,8.1899995803833,8.1899995803833
2014-11-14,700,8.1899995803833,8.119999885559082,8.539999961853027,8.119999885559082,8.119999885559082
2014-11-13,2300,8.1899995803833,8.1899995803833,8.539999961853027,8.1899995803833,8.1899995803833
2014-11-12,1400,8.329999923706055,8.260000228881836,8.539999961853027,8.1899995803833,8.260000228881836
2014-11-11,3800,8.399999618530273,8.329999923706055,8.609999656677246,8.329999923706055,8.329999923706055
2014-11-10,2400,8.680000305175781,8.329999923706055,8.680000305175781,8.260000228881836,8.329999923706055
2014-11-07,1800,8.680000305175781,8.399999618530273,8.75,8.399999618530273,8.399999618530273
2014-11-06,1200,8.960000038146973,8.399999618530273,9.3100004196167,8.399999618530273,8.399999618530273
2014-11-05,1600,9.3100004196167,8.609999656677246,9.380000114440918,8.399999618530273,8.609999656677246
2014-11-04,13500,9.65999984741211,8.399999618530273,10.149999618530273,8.399999618530273,8.399999618530273
2014-11-03,12800,8.539999961853027,9.800000190734863,10.149999618530273,8.470000267028809,9.800000190734863
2014-10-31,3100,8.329999923706055,8.470000267028809,8.680000305175781,8.329999923706055,8.470000267028809
2014-10-30,1900,8.329999923706055,8.329999923706055,8.609999656677246,8.260000228881836,8.329999923706055
2014-10-29,1000,8.119999885559082,8.470000267028809,8.470000267028809,8.119999885559082,8.470000267028809
2014-10-28,0,8.399999618530273,8.399999618530273,8.399999618530273,8.399999618530273,8.399999618530273
2014-10-27,1400,8.539999961853027,8.399999618530273,8.539999961853027,8.399999618530273,8.399999618530273
2014-10-24,300,8.819999694824219,8.680000305175781,8.819999694824219,8.470000267028809,8.680000305175781
2014-10-23,3900,8.609999656677246,8.470000267028809,8.609999656677246,8.399999618530273,8.470000267028809
2014-10-22,2900,8.539999961853027,8.609999656677246,8.75,8.539999961853027,8.609999656677246
2014-10-21,400,8.399999618530273,8.609999656677246,8.609999656677246,8.399999618530273,8.609999656677246
2014-10-20,1100,8.609999656677246,8.470000267028809,8.680000305175781,8.470000267028809,8.470000267028809
2014-10-17,1500,8.609999656677246,8.329999923706055,8.75,8.260000228881836,8.329999923706055
2014-10-16,2200,9.100000381469727,8.609999656677246,9.100000381469727,8.260000228881836,8.609999656677246
2014-10-15,4600,9.029999732971191,8.329999923706055,9.59000015258789,8.329999923706055,8.329999923706055
2014-10-14,900,9.800000190734863,9.3100004196167,9.800000190734863,9.029999732971191,9.3100004196167
2014-10-13,2100,9.449999809265137,9.520000457763672,10.220000267028809,8.819999694824219,9.520000457763672
2014-10-10,8200,9.65999984741211,8.960000038146973,10.359999656677246,8.960000038146973,8.960000038146973
2014-10-09,28600,8.539999961853027,9.869999885559082,11.970000267028809,8.329999923706055,9.869999885559082
2014-10-08,600,8.75,8.539999961853027,8.75,8.539999961853027,8.539999961853027
2014-10-07,0,8.470000267028809,8.470000267028809,8.470000267028809,8.470000267028809,8.470000267028809
2014-10-06,500,8.399999618530273,8.470000267028809,8.470000267028809,8.399999618530273,8.470000267028809
2014-10-03,500,8.470000267028809,8.399999618530273,8.75,8.399999618530273,8.399999618530273
2014-10-02,1200,8.680000305175781,8.680000305175781,8.75,8.680000305175781,8.680000305175781
2014-10-01,800,8.539999961853027,8.680000305175781,8.680000305175781,8.470000267028809,8.680000305175781
2014-09-30,600,8.609999656677246,8.399999618530273,8.609999656677246,8.260000228881836,8.399999618530273
2014-09-29,500,8.119999885559082,8.539999961853027,8.539999961853027,8.119999885559082,8.539999961853027
2014-09-26,1400,8.399999618530273,8.399999618530273,8.680000305175781,8.399999618530273,8.399999618530273
2014-09-25,100,8.399999618530273,8.539999961853027,8.539999961853027,8.399999618530273,8.539999961853027
2014-09-24,2800,8.75,8.399999618530273,8.75,8.399999618530273,8.399999618530273
2014-09-23,0,8.539999961853027,8.75,8.75,8.539999961853027,8.75
2014-09-22,300,8.680000305175781,8.539999961853027,8.75,8.539999961853027,8.539999961853027
2014-09-19,1600,8.819999694824219,8.75,8.819999694824219,8.609999656677246,8.75
2014-09-18,1100,8.470000267028809,8.470000267028809,8.680000305175781,8.399999618530273,8.470000267028809
2014-09-17,4600,8.75,8.539999961853027,9.100000381469727,8.470000267028809,8.539999961853027
2014-09-16,0,8.329999923706055,8.399999618530273,8.399999618530273,8.329999923706055,8.399999618530273
2014-09-15,500,8.470000267028809,8.399999618530273,8.75,8.399999618530273,8.399999618530273
2014-09-12,200,8.890000343322754,8.680000305175781,8.890000343322754,8.539999961853027,8.680000305175781
2014-09-11,700,8.539999961853027,8.75,8.890000343322754,8.539999961853027,8.75
2014-09-10,900,8.399999618530273,8.470000267028809,8.539999961853027,8.399999618530273,8.470000267028809
2014-09-09,1800,8.539999961853027,8.539999961853027,8.75,8.539999961853027,8.539999961853027
2014-09-08,1600,9.239999771118164,8.890000343322754,9.239999771118164,8.609999656677246,8.890000343322754
2014-09-05,2700,9.100000381469727,9.170000076293945,9.3100004196167,8.539999961853027,9.170000076293945
2014-09-04,1700,8.680000305175781,8.819999694824219,9.100000381469727,8.470000267028809,8.819999694824219
2014-09-03,700,8.539999961853027,8.680000305175781,8.680000305175781,8.539999961853027,8.680000305175781
2014-09-02,1200,8.960000038146973,8.539999961853027,9.100000381469727,8.399999618530273,8.539999961853027
2014-08-29,3600,8.470000267028809,8.539999961853027,9.800000190734863,8.1899995803833,8.539999961853027
2014-08-28,600,8.260000228881836,8.1899995803833,8.329999923706055,8.1899995803833,8.1899995803833
2014-08-27,1200,8.470000267028809,8.1899995803833,8.470000267028809,8.1899995803833,8.1899995803833
2014-08-26,700,8.050000190734863,8.1899995803833,8.399999618530273,8.050000190734863,8.1899995803833
2014-08-25,500,8.050000190734863,8.399999618530273,8.470000267028809,8.050000190734863,8.399999618530273
2014-08-22,1000,8.050000190734863,8.1899995803833,8.260000228881836,8.050000190734863,8.1899995803833
2014-08-21,1600,8.260000228881836,8.260000228881836,8.260000228881836,8.050000190734863,8.260000228881836
2014-08-20,2500,8.119999885559082,7.980000019073486,8.399999618530273,7.980000019073486,7.980000019073486
2014-08-19,9500,8.609999656677246,8.260000228881836,8.609999656677246,8.050000190734863,8.260000228881836
2014-08-18,400,8.680000305175781,8.609999656677246,8.960000038146973,8.609999656677246,8.609999656677246
2014-08-15,6400,9.170000076293945,8.890000343322754,9.170000076293945,8.399999618530273,8.890000343322754
2014-08-14,100,9.170000076293945,9.170000076293945,9.449999809265137,9.170000076293945,9.170000076293945
2014-08-13,300,9.029999732971191,9.170000076293945,9.449999809265137,8.890000343322754,9.170000076293945
2014-08-12,3500,9.239999771118164,9.029999732971191,9.59000015258789,8.960000038146973,9.029999732971191
2014-08-11,500,8.960000038146973,9.239999771118164,9.59000015258789,8.960000038146973,9.239999771118164
2014-08-08,1900,8.75,9.380000114440918,10.010000228881836,8.75,9.380000114440918
2014-08-07,1200,9.100000381469727,9.100000381469727,9.3100004196167,8.75,9.100000381469727
2014-08-06,500,9.520000457763672,9.239999771118164,9.520000457763672,9.100000381469727,9.239999771118164
2014-08-05,1700,9.239999771118164,9.239999771118164,9.3100004196167,8.75,9.239999771118164
2014-08-04,1600,9.65999984741211,8.890000343322754,9.65999984741211,8.819999694824219,8.890000343322754
2014-08-01,1900,9.170000076293945,9.3100004196167,9.449999809265137,8.75,9.3100004196167
2014-07-31,800,9.170000076293945,9.449999809265137,9.65999984741211,8.960000038146973,9.449999809265137
2014-07-30,3600,9.520000457763672,9.520000457763672,9.65999984741211,9.170000076293945,9.520000457763672
2014-07-29,900,9.520000457763672,9.380000114440918,9.59000015258789,9.3100004196167,9.380000114440918
2014-07-28,3300,9.170000076293945,9.380000114440918,10.079999923706055,9.100000381469727,9.380000114440918
2014-07-25,4900,9.65999984741211,9.520000457763672,10.220000267028809,9.100000381469727,9.520000457763672
2014-07-24,13700,10.640000343322754,9.65999984741211,11.479999542236328,9.65999984741211,9.65999984741211
2014-07-23,52600,11.6899995803833,10.640000343322754,13.510000228881836,10.289999961853027,10.640000343322754
2014-07-22,125100,8.470000267028809,12.25,12.949999809265137,8.470000267028809,12.25
2014-07-21,16800,9.520000457763672,8.329999923706055,9.520000457763672,8.329999923706055,8.329999923706055
2014-07-18,100,9.65999984741211,9.170000076293945,9.65999984741211,8.960000038146973,9.170000076293945
2014-07-17,4100,8.75,9.100000381469727,9.520000457763672,8.75,9.100000381469727
2014-07-16,11000,9.380000114440918,8.75,9.380000114440918,8.119999885559082,8.75
2014-07-15,1000,9.449999809265137,9.449999809265137,9.449999809265137,9.239999771118164,9.449999809265137
2014-07-14,900,9.449999809265137,9.520000457763672,9.729999542236328,9.449999809265137,9.520000457763672
2014-07-11,1500,9.9399995803833,9.869999885559082,9.9399995803833,9.449999809265137,9.869999885559082
2014-07-10,300,9.9399995803833,9.800000190734863,10.010000228881836,9.800000190734863,9.800000190734863
2014-07-09,2100,10.079999923706055,10.010000228881836,10.149999618530273,9.449999809265137,10.010000228881836
2014-07-08,7900,10.569999694824219,10.149999618530273,10.850000381469727,9.520000457763672,10.149999618530273
2014-07-07,4700,11.40999984741211,11.0600004196167,12.949999809265137,11.0600004196167,11.0600004196167
2014-07-03,2400,10.640000343322754,11.899999618530273,11.899999618530273,10.5,11.899999618530273
2014-07-02,1200,11.130000114440918,11.199999809265137,11.199999809265137,10.640000343322754,11.199999809265137
2014-07-01,2300,11.199999809265137,10.920000076293945,11.550000190734863,10.5,10.920000076293945
2014-06-30,4100,12.460000038146973,11.199999809265137,12.529999732971191,11.199999809265137,11.199999809265137
2014-06-27,10300,13.020000457763672,12.25,15.1899995803833,12.25,12.25
2014-06-26,100,12.319999694824219,12.529999732971191,12.670000076293945,12.319999694824219,12.529999732971191
2014-06-25,0,12.25,12.25,12.25,12.25,12.25
2014-06-24,200,12.600000381469727,12.319999694824219,12.600000381469727,12.25,12.319999694824219
2014-06-23,300,12.460000038146973,12.319999694824219,12.460000038146973,12.319999694824219,12.319999694824219
2014-06-20,500,12.460000038146973,12.949999809265137,12.949999809265137,12.25,12.949999809265137
2014-06-19,400,12.390000343322754,12.529999732971191,12.670000076293945,12.390000343322754,12.529999732971191
2014-06-18,800,12.600000381469727,12.600000381469727,12.949999809265137,12.600000381469727,12.600000381469727
2014-06-17,400,12.25,12.25,12.319999694824219,12.25,12.25
2014-06-16,1200,12.390000343322754,12.390000343322754,13.229999542236328,12.390000343322754,12.390000343322754
2014-06-13,200,12.460000038146973,12.949999809265137,12.949999809265137,12.390000343322754,12.949999809265137
2014-06-12,8700,12.039999961853027,12.460000038146973,14.90999984741211,12.039999961853027,12.460000038146973
2014-06-11,5700,12.039999961853027,11.970000267028809,12.039999961853027,10.569999694824219,11.970000267028809
2014-06-10,600,12.670000076293945,12.109999656677246,12.670000076293945,11.6899995803833,12.109999656677246
2014-06-09,500,12.670000076293945,13.020000457763672,13.369999885559082,11.899999618530273,13.020000457763672
2014-06-06,100,12.949999809265137,12.739999771118164,13.020000457763672,12.739999771118164,12.739999771118164
2014-06-05,2100,12.25,13.09000015258789,13.859999656677246,12.180000305175781,13.09000015258789
2014-06-04,500,12.180000305175781,12.25,12.25,11.760000228881836,12.25
2014-06-03,800,12.600000381469727,12.460000038146973,12.600000381469727,12.25,12.460000038146973
2014-06-02,500,12.949999809265137,12.529999732971191,12.949999809265137,12.460000038146973,12.529999732971191
2014-05-30,1000,13.369999885559082,13.4399995803833,13.4399995803833,12.600000381469727,13.4399995803833
2014-05-29,2100,13.510000228881836,13.09000015258789,13.859999656677246,12.460000038146973,13.09000015258789
2014-05-28,400,13.789999961853027,13.510000228881836,13.789999961853027,13.09000015258789,13.510000228881836
2014-05-27,300,12.880000114440918,12.949999809265137,13.4399995803833,12.739999771118164,12.949999809265137
2014-05-23,200,12.880000114440918,13.09000015258789,13.4399995803833,12.880000114440918,13.09000015258789
2014-05-22,600,13.369999885559082,13.09000015258789,13.369999885559082,13.09000015258789,13.09000015258789
2014-05-21,1900,13.789999961853027,13.300000190734863,13.789999961853027,13.229999542236328,13.300000190734863
2014-05-20,700,14.069999694824219,13.930000305175781,14.069999694824219,13.300000190734863,13.930000305175781
2014-05-19,1500,14.279999732971191,14.069999694824219,14.350000381469727,14.0,14.069999694824219
2014-05-16,900,13.789999961853027,14.0,14.069999694824219,13.4399995803833,14.0
2014-05-15,300,13.930000305175781,13.930000305175781,14.140000343322754,13.930000305175781,13.930000305175781
2014-05-14,1100,13.930000305175781,13.930000305175781,14.420000076293945,13.930000305175781,13.930000305175781
2014-05-13,600,14.279999732971191,13.510000228881836,14.5600004196167,13.510000228881836,13.510000228881836
2014-05-12,900,13.369999885559082,14.420000076293945,14.5600004196167,13.369999885559082,14.420000076293945
2014-05-09,800,14.140000343322754,13.510000228881836,14.140000343322754,13.510000228881836,13.510000228881836
2014-05-08,700,14.069999694824219,14.140000343322754,14.630000114440918,14.0,14.140000343322754
2014-05-07,2000,13.649999618530273,14.279999732971191,15.119999885559082,13.649999618530273,14.279999732971191
2014-05-06,1000,13.4399995803833,13.300000190734863,13.579999923706055,13.300000190734863,13.300000190734863
2014-05-05,1000,13.720000267028809,13.579999923706055,14.84000015258789,13.4399995803833,13.579999923706055
2014-05-02,3900,15.399999618530273,14.0,15.470000267028809,13.720000267028809,14.0
2014-05-01,300,15.609999656677246,15.609999656677246,16.030000686645508,15.399999618530273,15.609999656677246
2014-04-30,1100,15.050000190734863,15.470000267028809,16.520000457763672,14.489999771118164,15.470000267028809
2014-04-29,300,16.239999771118164,16.3799991607666,17.360000610351562,16.030000686645508,16.3799991607666
2014-04-28,1500,16.450000762939453,15.960000038146973,16.450000762939453,14.5600004196167,15.960000038146973
2014-04-25,700,15.119999885559082,15.329999923706055,15.470000267028809,14.84000015258789,15.329999923706055
2014-04-24,2700,15.1899995803833,14.84000015258789,16.799999237060547,14.84000015258789,14.84000015258789
2014-04-23,5600,14.84000015258789,15.680000305175781,16.799999237060547,14.630000114440918,15.680000305175781
2014-04-22,1800,13.720000267028809,14.630000114440918,14.770000457763672,13.720000267028809,14.630000114440918
2014-04-21,1000,13.649999618530273,13.649999618530273,13.649999618530273,13.4399995803833,13.649999618530273
2014-04-17,1200,13.720000267028809,13.789999961853027,13.859999656677246,13.4399995803833,13.789999961853027
2014-04-16,600,13.859999656677246,13.4399995803833,13.859999656677246,13.369999885559082,13.4399995803833
2014-04-15,600,13.4399995803833,13.720000267028809,13.859999656677246,13.09000015258789,13.720000267028809
2014-04-14,800,12.670000076293945,13.15999984741211,13.4399995803833,12.600000381469727,13.15999984741211
2014-04-11,1000,13.229999542236328,13.4399995803833,14.0,13.229999542236328,13.4399995803833
2014-04-10,700,13.300000190734863,13.300000190734863,13.4399995803833,13.300000190734863,13.300000190734863
2014-04-09,1700,13.510000228881836,13.300000190734863,13.579999923706055,13.300000190734863,13.300000190734863
2014-04-08,1300,13.930000305175781,13.4399995803833,14.279999732971191,13.4399995803833,13.4399995803833
2014-04-07,6600,14.90999984741211,14.140000343322754,14.979999542236328,13.859999656677246,14.140000343322754
2014-04-04,400,15.260000228881836,14.84000015258789,15.260000228881836,14.770000457763672,14.84000015258789
2014-04-03,1400,15.329999923706055,14.84000015258789,15.890000343322754,14.770000457763672,14.84000015258789
2014-04-02,3800,16.170000076293945,15.399999618530273,16.3799991607666,15.119999885559082,15.399999618530273
2014-04-01,8600,18.059999465942383,16.239999771118164,18.760000228881836,15.75,16.239999771118164
2014-03-31,24100,15.819999694824219,18.34000015258789,19.25,15.609999656677246,18.34000015258789
2014-03-28,500,15.470000267028809,15.1899995803833,15.960000038146973,14.90999984741211,15.1899995803833
2014-03-27,1600,14.699999809265137,15.260000228881836,15.680000305175781,14.699999809265137,15.260000228881836
2014-03-26,3600,14.90999984741211,15.75,16.100000381469727,14.5600004196167,15.75
2014-03-25,400,15.260000228881836,15.050000190734863,15.260000228881836,14.770000457763672,15.050000190734863
2014-03-24,900,15.399999618530273,14.979999542236328,15.399999618530273,14.84000015258789,14.979999542236328
2014-03-21,1400,15.119999885559082,15.050000190734863,15.119999885559082,14.420000076293945,15.050000190734863
2014-03-20,400,14.770000457763672,14.420000076293945,15.260000228881836,14.210000038146973,14.420000076293945
2014-03-19,5500,14.0,14.140000343322754,15.050000190734863,13.4399995803833,14.140000343322754
2014-03-18,2300,13.229999542236328,13.859999656677246,14.0,13.229999542236328,13.859999656677246
2014-03-17,400,12.739999771118164,13.369999885559082,13.4399995803833,12.739999771118164,13.369999885559082
2014-03-14,800,12.529999732971191,12.739999771118164,12.739999771118164,12.25,12.739999771118164
2014-03-13,1600,13.4399995803833,12.8100004196167,13.510000228881836,12.8100004196167,12.8100004196167
2014-03-12,3500,14.210000038146973,13.4399995803833,14.210000038146973,12.25,13.4399995803833
2014-03-11,7100,14.069999694824219,14.0,14.350000381469727,13.579999923706055,14.0
2014-03-10,9200,15.470000267028809,14.210000038146973,15.539999961853027,14.0,14.210000038146973
2014-03-07,500,16.030000686645508,16.100000381469727,16.170000076293945,15.470000267028809,16.100000381469727
2014-03-06,1600,16.100000381469727,15.680000305175781,16.450000762939453,15.329999923706055,15.680000305175781
2014-03-05,3900,16.030000686645508,16.100000381469727,17.360000610351562,15.960000038146973,16.100000381469727
2014-03-04,1000,15.260000228881836,15.75,15.75,15.050000190734863,15.75
2014-03-03,1500,15.609999656677246,15.260000228881836,15.609999656677246,15.050000190734863,15.260000228881836
2014-02-28,100,15.119999885559082,15.119999885559082,15.119999885559082,15.119999885559082,15.119999885559082
2014-02-27,400,15.1899995803833,15.470000267028809,16.030000686645508,15.050000190734863,15.470000267028809
2014-02-26,900,15.680000305175781,15.1899995803833,15.680000305175781,15.119999885559082,15.1899995803833
2014-02-25,200,15.680000305175781,15.470000267028809,15.680000305175781,15.399999618530273,15.470000267028809
2014-02-24,200,15.960000038146973,15.399999618530273,15.960000038146973,15.260000228881836,15.399999618530273
2014-02-21,1000,15.399999618530273,15.609999656677246,15.75,15.050000190734863,15.609999656677246
2014-02-20,800,15.470000267028809,15.75,15.75,14.90999984741211,15.75
2014-02-19,600,14.90999984741211,14.979999542236328,16.030000686645508,14.90999984741211,14.979999542236328
2014-02-18,1500,14.84000015258789,15.050000190734863,15.680000305175781,14.630000114440918,15.050000190734863
2014-02-14,0,14.630000114440918,14.979999542236328,14.979999542236328,14.630000114440918,14.979999542236328
2014-02-13,300,14.770000457763672,15.329999923706055,15.890000343322754,14.630000114440918,15.329999923706055
2014-02-12,1400,14.630000114440918,14.90999984741211,16.030000686645508,14.5600004196167,14.90999984741211
2014-02-11,500,14.699999809265137,15.119999885559082,15.329999923706055,14.699999809265137,15.119999885559082
2014-02-10,1500,14.770000457763672,14.90999984741211,16.100000381469727,14.5600004196167,14.90999984741211
2014-02-07,2100,16.520000457763672,16.3799991607666,16.59000015258789,15.119999885559082,16.3799991607666
2014-02-06,2600,14.420000076293945,16.100000381469727,17.290000915527344,14.420000076293945,16.100000381469727
2014-02-05,2000,14.420000076293945,14.489999771118164,14.770000457763672,14.350000381469727,14.489999771118164
2014-02-04,900,14.630000114440918,14.489999771118164,14.84000015258789,14.489999771118164,14.489999771118164
2014-02-03,800,15.399999618530273,14.630000114440918,15.399999618530273,14.630000114440918,14.630000114440918
2014-01-31,900,15.609999656677246,15.1899995803833,15.890000343322754,14.420000076293945,15.1899995803833
2014-01-30,800,15.260000228881836,15.819999694824219,15.819999694824219,15.260000228881836,15.819999694824219
2014-01-29,600,15.470000267028809,15.260000228881836,15.470000267028809,15.1899995803833,15.260000228881836
2014-01-28,1800,16.309999465942383,15.890000343322754,16.450000762939453,15.890000343322754,15.890000343322754
2014-01-27,1800,17.290000915527344,16.8700008392334,17.290000915527344,16.100000381469727,16.8700008392334
2014-01-24,3100,18.40999984741211,16.8700008392334,18.40999984741211,16.520000457763672,16.8700008392334
2014-01-23,8000,18.690000534057617,18.40999984741211,19.110000610351562,17.920000076293945,18.40999984741211
2014-01-22,1600,18.690000534057617,18.899999618530273,18.899999618530273,18.690000534057617,18.899999618530273
2014-01-21,2700,18.690000534057617,18.899999618530273,19.110000610351562,18.690000534057617,18.899999618530273
2014-01-17,300,18.899999618530273,18.829999923706055,18.969999313354492,18.690000534057617,18.829999923706055
2014-01-16,7400,18.899999618530273,19.040000915527344,19.110000610351562,18.6200008392334,19.040000915527344
2014-01-15,800,18.969999313354492,19.110000610351562,19.110000610351562,18.479999542236328,19.110000610351562
2014-01-14,100,18.760000228881836,18.829999923706055,18.969999313354492,18.760000228881836,18.829999923706055
2014-01-13,500,19.110000610351562,18.969999313354492,19.600000381469727,18.690000534057617,18.969999313354492
2014-01-10,4000,19.530000686645508,18.899999618530273,19.600000381469727,18.549999237060547,18.899999618530273
2014-01-09,500,19.459999084472656,19.389999389648438,19.739999771118164,19.31999969482422,19.389999389648438
2014-01-08,1800,19.25,19.31999969482422,19.530000686645508,19.25,19.31999969482422
2014-01-07,2000,19.31999969482422,19.31999969482422,19.389999389648438,19.25,19.31999969482422
2014-01-06,200,19.31999969482422,19.31999969482422,19.31999969482422,19.25,19.31999969482422
2014-01-03,400,19.25,19.459999084472656,19.459999084472656,19.25,19.459999084472656
2014-01-02,200,19.31999969482422,19.31999969482422,19.389999389648438,19.25,19.31999969482422
2013-12-31,500,19.670000076293945,19.670000076293945,19.670000076293945,19.25,19.670000076293945
2013-12-30,500,19.8799991607666,19.530000686645508,19.8799991607666,19.31999969482422,19.530000686645508
2013-12-27,800,20.09000015258789,20.229999542236328,20.510000228881836,19.389999389648438,20.229999542236328
2013-12-26,600,20.579999923706055,20.020000457763672,21.0,19.8799991607666,20.020000457763672
2013-12-24,300,20.09000015258789,20.09000015258789,20.93000030517578,20.09000015258789,20.09000015258789
2013-12-23,1100,20.09000015258789,20.299999237060547,20.440000534057617,20.020000457763672,20.299999237060547
2013-12-20,1200,20.440000534057617,20.15999984741211,20.790000915527344,20.15999984741211,20.15999984741211
2013-12-19,600,20.719999313354492,20.510000228881836,20.719999313354492,20.020000457763672,20.510000228881836
2013-12-18,500,20.440000534057617,20.719999313354492,20.719999313354492,20.020000457763672,20.719999313354492
2013-12-17,600,20.299999237060547,20.649999618530273,20.649999618530273,20.09000015258789,20.649999618530273
2013-12-16,300,20.020000457763672,20.860000610351562,20.860000610351562,20.020000457763672,20.860000610351562
2013-12-13,500,20.229999542236328,20.93000030517578,20.93000030517578,20.229999542236328,20.93000030517578
2013-12-12,8300,19.31999969482422,20.579999923706055,20.790000915527344,19.31999969482422,20.579999923706055
2013-12-11,2100,20.15999984741211,19.25,20.790000915527344,19.25,19.25
2013-12-10,2300,20.790000915527344,20.93000030517578,21.420000076293945,19.389999389648438,20.93000030517578
2013-12-09,1100,22.399999618530273,21.0,22.610000610351562,21.0,21.0
2013-12-06,1000,22.049999237060547,22.469999313354492,22.68000030517578,22.049999237060547,22.469999313354492
2013-12-05,4600,23.170000076293945,22.75,23.799999237060547,21.0,22.75
2013-12-04,5600,21.489999771118164,24.5,24.5,21.489999771118164,24.5
2013-12-03,5000,21.84000015258789,21.420000076293945,22.190000534057617,21.280000686645508,21.420000076293945
2013-12-02,2500,21.350000381469727,21.6299991607666,22.049999237060547,21.0,21.6299991607666
2013-11-29,1000,21.700000762939453,21.770000457763672,21.979999542236328,21.209999084472656,21.770000457763672
2013-11-27,1900,21.06999969482422,21.209999084472656,21.559999465942383,20.579999923706055,21.209999084472656
2013-11-26,5100,20.649999618530273,20.649999618530273,21.700000762939453,20.440000534057617,20.649999618530273
2013-11-25,300,20.440000534057617,20.15999984741211,20.93000030517578,20.15999984741211,20.15999984741211
2013-11-22,2600,19.600000381469727,20.440000534057617,20.860000610351562,19.389999389648438,20.440000534057617
2013-11-21,2400,20.299999237060547,20.719999313354492,20.790000915527344,19.389999389648438,20.719999313354492
2013-11-20,2300,19.950000762939453,19.950000762939453,21.979999542236328,19.809999465942383,19.950000762939453
2013-11-19,400,21.06999969482422,20.579999923706055,21.139999389648438,20.579999923706055,20.579999923706055
2013-11-18,3500,21.979999542236328,21.350000381469727,21.979999542236328,20.3700008392334,21.350000381469727
2013-11-15,4000,20.790000915527344,21.350000381469727,21.700000762939453,19.739999771118164,21.350000381469727
2013-11-14,1400,19.459999084472656,20.93000030517578,21.0,19.31999969482422,20.93000030517578
2013-11-13,7200,18.549999237060547,20.790000915527344,20.790000915527344,18.549999237060547,20.790000915527344
2013-11-12,1600,19.25,18.760000228881836,19.25,18.549999237060547,18.75
2013-11-11,800,18.690000534057617,19.18000030517578,19.25,18.549999237060547,19.169776916503906
2013-11-08,4000,18.549999237060547,19.040000915527344,19.040000915527344,18.549999237060547,19.02985191345215
2013-11-07,3400,18.760000228881836,18.760000228881836,18.760000228881836,18.40999984741211,18.75
2013-11-06,900,18.549999237060547,18.6200008392334,18.6200008392334,18.40999984741211,18.610074996948242
2013-11-05,1300,18.690000534057617,18.40999984741211,18.690000534057617,18.34000015258789,18.40018653869629
2013-11-04,3200,18.270000457763672,18.479999542236328,18.479999542236328,18.200000762939453,18.47014808654785
2013-11-01,5800,17.989999771118164,18.200000762939453,18.270000457763672,17.989999771118164,18.19029998779297
2013-10-31,7800,16.729999542236328,17.709999084472656,18.690000534057617,15.890000343322754,17.700559616088867
2013-10-30,2600,15.539999961853027,16.170000076293945,16.65999984741211,15.260000228881836,16.161380767822266
2013-10-29,800,15.75,15.399999618530273,16.450000762939453,15.399999618530273,15.391790390014648
2013-10-28,300,15.329999923706055,15.680000305175781,15.680000305175781,15.050000190734863,15.671642303466797
2013-10-25,0,15.329999923706055,14.979999542236328,15.329999923706055,14.979999542236328,14.972014427185059
2013-10-24,3200,15.119999885559082,15.329999923706055,15.819999694824219,14.90999984741211,15.32182788848877
2013-10-23,700,14.84000015258789,15.119999885559082,15.260000228881836,14.770000457763672,15.111940383911133
2013-10-22,3500,15.1899995803833,14.979999542236328,15.1899995803833,14.770000457763672,14.972014427185059
2013-10-21,2300,15.1899995803833,15.470000267028809,15.470000267028809,15.119999885559082,15.461753845214844
2013-10-18,1500,15.329999923706055,15.680000305175781,15.680000305175781,15.329999923706055,15.671642303466797
2013-10-17,1600,16.100000381469727,16.030000686645508,16.100000381469727,15.75,16.021455764770508
2013-10-16,500,16.729999542236328,16.520000457763672,16.729999542236328,16.239999771118164,16.511194229125977
2013-10-15,1000,16.239999771118164,16.450000762939453,16.59000015258789,16.030000686645508,16.441232681274414
2013-10-14,1400,15.819999694824219,16.520000457763672,16.520000457763672,15.819999694824219,16.511194229125977
2013-10-11,1900,16.3799991607666,15.819999694824219,16.3799991607666,15.75,15.811567306518555
2013-10-10,500,16.729999542236328,16.450000762939453,16.729999542236328,16.450000762939453,16.441232681274414
2013-10-09,1800,16.100000381469727,16.3799991607666,16.799999237060547,16.100000381469727,16.371267318725586
2013-10-08,800,16.65999984741211,16.3799991607666,16.729999542236328,16.309999465942383,16.371267318725586
2013-10-07,2200,16.239999771118164,17.079999923706055,17.219999313354492,16.239999771118164,17.07089614868164
2013-10-04,100,16.799999237060547,16.799999237060547,16.799999237060547,16.799999237060547,16.791044235229492
2013-10-03,2500,16.799999237060547,16.59000015258789,18.200000762939453,16.520000457763672,16.581157684326172
2013-10-02,900,18.40999984741211,16.8700008392334,18.40999984741211,16.8700008392334,16.861007690429688
2013-10-01,1800,17.639999389648438,17.56999969482422,18.40999984741211,17.56999969482422,17.56063461303711
2013-09-30,800,17.920000076293945,18.34000015258789,18.760000228881836,17.219999313354492,18.330224990844727
2013-09-27,300,18.549999237060547,18.200000762939453,18.549999237060547,17.989999771118164,18.19029998779297
2013-09-26,900,18.059999465942383,18.549999237060547,18.549999237060547,17.989999771118164,18.540111541748047
2013-09-25,500,18.200000762939453,18.1299991607666,18.899999618530273,17.56999969482422,18.12033462524414
2013-09-24,4700,17.989999771118164,18.1299991607666,18.1299991607666,17.639999389648438,18.12033462524414
2013-09-23,400,18.549999237060547,18.34000015258789,18.549999237060547,17.920000076293945,18.330224990844727
2013-09-20,1300,18.270000457763672,18.829999923706055,18.829999923706055,16.8700008392334,18.819963455200195
2013-09-19,1600,17.780000686645508,18.34000015258789,18.829999923706055,16.940000534057617,18.330224990844727
2013-09-18,1500,17.219999313354492,16.940000534057617,17.709999084472656,16.520000457763672,16.930971145629883
2013-09-17,1400,19.040000915527344,17.639999389648438,19.040000915527344,17.639999389648438,17.630596160888672
2013-09-16,3500,19.25,18.760000228881836,19.530000686645508,18.549999237060547,18.75
2013-09-13,9800,16.170000076293945,19.110000610351562,19.25,16.170000076293945,19.09981346130371
2013-09-12,800,15.960000038146973,16.309999465942383,16.309999465942383,15.890000343322754,16.301305770874023
2013-09-11,600,15.470000267028809,15.680000305175781,15.75,15.470000267028809,15.671642303466797
2013-09-10,700,16.309999465942383,15.960000038146973,16.309999465942383,15.75,15.951492309570312
2013-09-09,4300,15.260000228881836,16.239999771118164,16.239999771118164,15.1899995803833,16.231342315673828
2013-09-06,500,15.399999618530273,15.329999923706055,15.399999618530273,15.1899995803833,15.32182788848877
2013-09-05,800,15.539999961853027,15.399999618530273,15.960000038146973,15.119999885559082,15.391790390014648
2013-09-04,700,15.050000190734863,15.75,15.890000343322754,15.050000190734863,15.741604804992676
2013-09-03,2600,15.329999923706055,15.75,15.75,15.329999923706055,15.741604804992676
2013-08-30,1400,16.309999465942383,15.329999923706055,16.309999465942383,15.329999923706055,15.32182788848877
2013-08-29,800,16.100000381469727,15.819999694824219,16.100000381469727,15.75,15.811567306518555
2013-08-28,1600,16.799999237060547,16.170000076293945,16.799999237060547,16.170000076293945,16.161380767822266
2013-08-27,700,16.65999984741211,16.65999984741211,17.149999618530273,16.100000381469727,16.651119232177734
2013-08-26,8800,15.539999961853027,16.729999542236328,17.149999618530273,15.329999923706055,16.721080780029297
2013-08-23,3500,14.979999542236328,15.260000228881836,15.819999694824219,14.699999809265137,15.251866340637207
2013-08-22,3000,14.489999771118164,15.119999885559082,15.75,14.420000076293945,15.111940383911133
2013-08-21,1400,14.770000457763672,15.1899995803833,15.819999694824219,14.770000457763672,15.181902885437012
2013-08-20,5500,14.84000015258789,15.050000190734863,15.050000190734863,14.350000381469727,15.041977882385254
2013-08-19,10100,16.3799991607666,14.84000015258789,16.59000015258789,14.420000076293945,14.8320894241333
2013-08-16,6200,16.3799991607666,16.729999542236328,17.149999618530273,16.309999465942383,16.721080780029297
2013-08-15,2800,17.709999084472656,16.65999984741211,17.920000076293945,16.65999984741211,16.651119232177734
2013-08-14,4100,16.309999465942383,17.850000381469727,17.850000381469727,16.309999465942383,17.840484619140625
2013-08-13,6200,18.899999618530273,16.8700008392334,19.110000610351562,16.309999465942383,16.861007690429688
2013-08-12,12100,19.389999389648438,17.709999084472656,19.600000381469727,16.8700008392334,17.700559616088867
2013-08-09,4900,20.649999618530273,19.530000686645508,21.489999771118164,19.530000686645508,19.519590377807617
2013-08-08,5900,19.739999771118164,20.649999618530273,21.420000076293945,19.31999969482422,20.638992309570312
2013-08-07,10600,21.0,19.8799991607666,21.420000076293945,19.25,19.869401931762695
2013-08-06,7600,21.84000015258789,21.0,21.84000015258789,20.440000534057617,20.988805770874023
2013-08-05,22700,20.09000015258789,20.93000030517578,21.139999389648438,19.600000381469727,20.91884422302246
2013-08-02,38600,21.700000762939453,19.600000381469727,21.700000762939453,19.25,19.58955192565918
2013-08-01,112100,22.260000228881836,21.350000381469727,23.940000534057617,20.299999237060547,21.338619232177734
2013-07-31,116700,21.350000381469727,25.6200008392334,27.860000610351562,20.790000915527344,25.60634422302246
2013-07-30,166400,17.360000610351562,21.0,23.799999237060547,16.450000762939453,20.988805770874023
2013-07-29,35700,10.149999618530273,15.819999694824219,16.799999237060547,10.010000228881836,15.811567306518555
2013-07-26,3400,10.079999923706055,10.220000267028809,10.289999961853027,9.800000190734863,10.214552879333496
2013-07-25,2100,10.010000228881836,10.079999923706055,10.079999923706055,9.380000114440918,10.074626922607422
2013-07-24,1900,9.869999885559082,9.59000015258789,10.010000228881836,9.59000015258789,9.584888458251953
2013-07-23,2000,9.729999542236328,9.9399995803833,9.9399995803833,9.729999542236328,9.934700965881348
2013-07-22,1300,9.449999809265137,9.59000015258789,9.59000015258789,9.380000114440918,9.584888458251953
2013-07-19,200,9.449999809265137,8.960000038146973,9.449999809265137,8.960000038146973,8.95522403717041
2013-07-18,600,9.449999809265137,8.890000343322754,9.449999809265137,8.890000343322754,8.885261535644531
2013-07-17,500,8.890000343322754,8.960000038146973,9.239999771118164,8.890000343322754,8.95522403717041
2013-07-16,2000,8.890000343322754,9.239999771118164,9.239999771118164,8.890000343322754,9.235074043273926
2013-07-15,100,8.75,9.100000381469727,9.100000381469727,8.75,9.095149993896484
2013-07-12,1300,8.890000343322754,8.819999694824219,9.239999771118164,8.75,8.815298080444336
2013-07-11,100,8.890000343322754,9.170000076293945,9.170000076293945,8.819999694824219,9.165112495422363
2013-07-10,200,8.960000038146973,9.100000381469727,9.100000381469727,8.890000343322754,9.095149993896484
2013-07-09,0,9.170000076293945,8.960000038146973,9.170000076293945,8.960000038146973,8.95522403717041
2013-07-08,600,9.3100004196167,9.100000381469727,9.449999809265137,8.819999694824219,9.095149993896484
2013-07-05,100,8.890000343322754,9.3100004196167,9.3100004196167,8.890000343322754,9.305037498474121
2013-07-03,800,9.100000381469727,9.239999771118164,9.380000114440918,8.890000343322754,9.235074043273926
2013-07-02,500,8.819999694824219,9.100000381469727,9.100000381469727,8.75,9.095149993896484
2013-07-01,300,8.75,8.75,9.029999732971191,8.75,8.745335578918457
2013-06-28,200,8.819999694824219,8.819999694824219,8.819999694824219,8.819999694824219,8.815298080444336
2013-06-27,0,9.100000381469727,9.029999732971191,9.100000381469727,9.029999732971191,9.025186538696289
2013-06-26,400,8.819999694824219,8.75,8.960000038146973,8.75,8.745335578918457
2013-06-25,2600,9.029999732971191,8.609999656677246,9.3100004196167,8.609999656677246,8.6054105758667
2013-06-24,0,9.029999732971191,9.170000076293945,9.170000076293945,9.029999732971191,9.165112495422363
2013-06-21,200,9.3100004196167,8.890000343322754,9.3100004196167,8.890000343322754,8.885261535644531
2013-06-20,1100,9.449999809265137,9.380000114440918,9.449999809265137,8.75,9.375
2013-06-19,1100,8.680000305175781,9.239999771118164,9.239999771118164,8.680000305175781,9.235074043273926
2013-06-18,300,9.380000114440918,9.239999771118164,9.449999809265137,9.239999771118164,9.235074043273926
2013-06-17,100,9.520000457763672,9.449999809265137,9.520000457763672,9.449999809265137,9.444962501525879
2013-06-14,100,9.59000015258789,9.59000015258789,9.59000015258789,9.59000015258789,9.584888458251953
2013-06-13,0,9.449999809265137,9.449999809265137,9.449999809265137,9.449999809265137,9.444962501525879
2013-06-12,200,9.520000457763672,9.449999809265137,9.65999984741211,9.449999809265137,9.444962501525879
2013-06-11,300,9.3100004196167,9.9399995803833,9.9399995803833,9.3100004196167,9.934700965881348
2013-06-10,300,9.65999984741211,9.65999984741211,9.65999984741211,9.65999984741211,9.654850959777832
2013-06-07,800,9.729999542236328,9.65999984741211,9.9399995803833,9.65999984741211,9.654850959777832
2013-06-06,2500,9.800000190734863,9.869999885559082,10.079999923706055,9.380000114440918,9.864738464355469
2013-06-05,1600,9.380000114440918,9.800000190734863,9.800000190734863,9.029999732971191,9.79477596282959
2013-06-04,100,9.800000190734863,9.449999809265137,9.800000190734863,9.380000114440918,9.444962501525879
2013-06-03,1000,9.800000190734863,9.800000190734863,9.800000190734863,9.449999809265137,9.79477596282959
2013-05-31,700,9.800000190734863,9.729999542236328,9.800000190734863,9.3100004196167,9.724813461303711
2013-05-30,1900,9.729999542236328,9.3100004196167,9.729999542236328,9.239999771118164,9.305037498474121
2013-05-29,600,9.520000457763672,9.65999984741211,9.65999984741211,9.100000381469727,9.654850959777832
2013-05-28,700,8.819999694824219,9.100000381469727,9.100000381469727,8.819999694824219,9.095149993896484
2013-05-24,600,9.729999542236328,9.59000015258789,9.729999542236328,9.239999771118164,9.584888458251953
2013-05-23,1700,9.170000076293945,9.239999771118164,9.65999984741211,8.960000038146973,9.235074043273926
2013-05-22,800,9.59000015258789,9.520000457763672,9.59000015258789,9.170000076293945,9.514925956726074
2013-05-21,500,9.59000015258789,9.170000076293945,9.59000015258789,9.100000381469727,9.165112495422363
2013-05-20,8900,9.029999732971191,9.100000381469727,9.59000015258789,9.029999732971191,9.095149993896484
2013-05-17,2000,8.890000343322754,8.819999694824219,9.029999732971191,8.819999694824219,8.815298080444336
2013-05-16,900,9.100000381469727,9.029999732971191,9.100000381469727,8.960000038146973,9.025186538696289
2013-05-15,3000,8.819999694824219,8.960000038146973,9.380000114440918,8.75,8.935235023498535
2013-05-14,100,9.449999809265137,9.380000114440918,9.449999809265137,9.380000114440918,9.354073524475098
2013-05-13,400,9.3100004196167,9.239999771118164,9.380000114440918,9.239999771118164,9.214460372924805
2013-05-10,0,8.75,9.100000381469727,9.100000381469727,8.75,9.074848175048828
2013-05-09,100,8.960000038146973,8.75,9.100000381469727,8.75,8.725814819335938
2013-05-08,500,8.960000038146973,8.75,8.960000038146973,8.75,8.725814819335938
2013-05-07,600,9.029999732971191,8.819999694824219,9.170000076293945,8.819999694824219,8.795620918273926
2013-05-06,100,8.890000343322754,8.890000343322754,8.890000343322754,8.890000343322754,8.86542797088623
2013-05-03,2500,8.75,8.819999694824219,9.170000076293945,8.609999656677246,8.795620918273926
2013-05-02,400,8.609999656677246,8.609999656677246,8.890000343322754,8.609999656677246,8.586201667785645
2013-05-01,4000,8.819999694824219,8.609999656677246,9.3100004196167,8.609999656677246,8.586201667785645
2013-04-30,900,9.100000381469727,8.890000343322754,9.380000114440918,8.819999694824219,8.86542797088623
2013-04-29,100,9.100000381469727,9.100000381469727,9.100000381469727,9.100000381469727,9.074848175048828
2013-04-26,100,8.819999694824219,8.819999694824219,8.819999694824219,8.819999694824219,8.795620918273926
2013-04-25,100,8.960000038146973,8.960000038146973,8.960000038146973,8.960000038146973,8.935235023498535
2013-04-24,200,8.890000343322754,8.819999694824219,8.890000343322754,8.819999694824219,8.795620918273926
2013-04-23,2000,9.380000114440918,8.819999694824219,9.520000457763672,8.819999694824219,8.795620918273926
2013-04-22,300,8.75,8.819999694824219,8.819999694824219,8.75,8.795620918273926
2013-04-19,1200,8.890000343322754,9.3100004196167,9.380000114440918,8.680000305175781,9.28426742553711
2013-04-18,0,8.960000038146973,8.960000038146973,8.960000038146973,8.960000038146973,8.935235023498535
2013-04-17,200,8.960000038146973,8.960000038146973,8.960000038146973,8.960000038146973,8.935235023498535
2013-04-16,1300,8.890000343322754,9.100000381469727,9.449999809265137,8.890000343322754,9.074848175048828
2013-04-15,600,9.100000381469727,8.960000038146973,9.100000381469727,8.890000343322754,8.935235023498535
2013-04-12,0,9.029999732971191,9.029999732971191,9.029999732971191,9.029999732971191,9.005041122436523
2013-04-11,200,8.890000343322754,9.100000381469727,9.100000381469727,8.890000343322754,9.074848175048828
2013-04-10,400,8.960000038146973,9.100000381469727,9.100000381469727,8.890000343322754,9.074848175048828
2013-04-09,400,8.960000038146973,9.3100004196167,9.3100004196167,8.960000038146973,9.28426742553711
2013-04-08,1900,8.960000038146973,9.170000076293945,9.59000015258789,8.890000343322754,9.144654273986816
2013-04-05,400,9.59000015258789,8.960000038146973,9.59000015258789,8.960000038146973,8.935235023498535
2013-04-04,300,9.59000015258789,8.890000343322754,9.59000015258789,8.890000343322754,8.86542797088623
2013-04-03,500,8.819999694824219,8.819999694824219,8.819999694824219,8.819999694824219,8.795620918273926
2013-04-02,800,9.170000076293945,8.960000038146973,9.170000076293945,8.890000343322754,8.935235023498535
2013-04-01,500,9.380000114440918,9.380000114440918,9.380000114440918,9.380000114440918,9.354073524475098
2013-03-28,100,9.380000114440918,9.380000114440918,9.380000114440918,9.380000114440918,9.354073524475098
2013-03-27,300,9.380000114440918,9.449999809265137,9.520000457763672,9.380000114440918,9.423879623413086
2013-03-26,1600,9.520000457763672,9.729999542236328,9.729999542236328,9.449999809265137,9.703105926513672
2013-03-25,2600,9.449999809265137,9.449999809265137,9.729999542236328,8.819999694824219,9.423879623413086
2013-03-22,1300,9.029999732971191,8.75,9.380000114440918,8.75,8.725814819335938
2013-03-21,2600,9.170000076293945,9.3100004196167,9.3100004196167,8.960000038146973,9.28426742553711
2013-03-20,3800,8.75,8.890000343322754,9.100000381469727,8.75,8.86542797088623
2013-03-19,1500,8.539999961853027,8.680000305175781,8.680000305175781,8.539999961853027,8.65600872039795
2013-03-18,700,8.539999961853027,8.470000267028809,8.539999961853027,8.260000228881836,8.446589469909668
2013-03-15,500,8.260000228881836,8.260000228881836,8.470000267028809,8.260000228881836,8.23716926574707
2013-03-14,900,8.1899995803833,8.260000228881836,8.329999923706055,8.050000190734863,8.23716926574707
2013-03-13,500,8.119999885559082,8.260000228881836,8.470000267028809,8.050000190734863,8.23716926574707
2013-03-12,2800,8.819999694824219,8.399999618530273,8.819999694824219,8.050000190734863,8.376782417297363
2013-03-11,1500,8.1899995803833,8.819999694824219,8.819999694824219,8.1899995803833,8.795620918273926
2013-03-08,1500,8.050000190734863,8.1899995803833,8.680000305175781,8.050000190734863,8.167362213134766
2013-03-07,5800,8.260000228881836,8.470000267028809,8.75,8.260000228881836,8.446589469909668
2013-03-06,2200,8.399999618530273,8.329999923706055,8.609999656677246,8.329999923706055,8.306976318359375
2013-03-05,1000,8.399999618530273,8.470000267028809,8.539999961853027,8.119999885559082,8.446589469909668
2013-03-04,900,8.1899995803833,8.050000190734863,8.260000228881836,8.050000190734863,8.027750968933105
2013-03-01,1000,8.539999961853027,8.399999618530273,8.539999961853027,8.260000228881836,8.376782417297363
2013-02-28,1200,8.260000228881836,8.260000228881836,8.399999618530273,8.260000228881836,8.23716926574707
2013-02-27,200,8.470000267028809,8.470000267028809,8.470000267028809,8.470000267028809,8.446589469909668
2013-02-26,200,8.539999961853027,8.470000267028809,8.539999961853027,8.470000267028809,8.446589469909668
2013-02-25,300,8.609999656677246,8.399999618530273,8.609999656677246,8.399999618530273,8.376782417297363
2013-02-22,0,8.399999618530273,8.399999618530273,8.399999618530273,8.399999618530273,8.376782417297363
2013-02-21,800,8.609999656677246,8.399999618530273,8.680000305175781,8.1899995803833,8.376782417297363
2013-02-20,100,8.260000228881836,8.260000228881836,8.539999961853027,8.260000228881836,8.23716926574707
2013-02-19,800,8.399999618530273,8.329999923706055,8.609999656677246,8.260000228881836,8.306976318359375
2013-02-15,300,8.470000267028809,8.609999656677246,8.609999656677246,8.470000267028809,8.586201667785645
2013-02-14,3200,8.539999961853027,8.329999923706055,8.539999961853027,8.260000228881836,8.306976318359375
2013-02-13,1800,8.609999656677246,8.539999961853027,8.609999656677246,8.539999961853027,8.516395568847656
2013-02-12,100,8.609999656677246,8.609999656677246,8.609999656677246,8.609999656677246,8.586201667785645
2013-02-11,1500,8.960000038146973,8.75,8.960000038146973,8.539999961853027,8.725814819335938
2013-02-08,800,8.539999961853027,8.75,8.819999694824219,8.539999961853027,8.725814819335938
2013-02-07,100,8.680000305175781,8.680000305175781,8.680000305175781,8.680000305175781,8.65600872039795
2013-02-06,900,8.75,8.609999656677246,8.819999694824219,8.539999961853027,8.586201667785645
2013-02-05,700,8.75,8.890000343322754,8.890000343322754,8.539999961853027,8.86542797088623
2013-02-04,900,8.890000343322754,8.75,8.890000343322754,8.680000305175781,8.725814819335938
2013-02-01,0,8.680000305175781,8.680000305175781,8.680000305175781,8.680000305175781,8.65600872039795
2013-01-31,0,8.819999694824219,8.819999694824219,8.819999694824219,8.819999694824219,8.795620918273926
2013-01-30,900,8.75,8.680000305175781,8.819999694824219,8.609999656677246,8.65600872039795
2013-01-29,700,9.029999732971191,8.819999694824219,9.029999732971191,8.680000305175781,8.795620918273926
2013-01-28,900,8.960000038146973,8.960000038146973,8.960000038146973,8.75,8.935235023498535
2013-01-25,200,8.960000038146973,8.890000343322754,8.960000038146973,8.819999694824219,8.86542797088623
2013-01-24,400,8.890000343322754,9.029999732971191,9.029999732971191,8.890000343322754,9.005041122436523
2013-01-23,2000,8.680000305175781,8.819999694824219,8.819999694824219,8.680000305175781,8.795620918273926
2013-01-22,700,8.680000305175781,8.819999694824219,8.890000343322754,8.680000305175781,8.795620918273926
2013-01-18,600,8.75,8.890000343322754,9.029999732971191,8.75,8.86542797088623
2013-01-17,200,8.890000343322754,8.890000343322754,8.890000343322754,8.75,8.86542797088623
2013-01-16,1400,8.960000038146973,8.890000343322754,9.029999732971191,8.819999694824219,8.86542797088623
2013-01-15,6300,8.890000343322754,8.960000038146973,9.029999732971191,8.680000305175781,8.935235023498535
2013-01-14,3400,8.609999656677246,8.890000343322754,8.960000038146973,8.539999961853027,8.86542797088623
2013-01-11,3400,8.75,8.609999656677246,8.819999694824219,8.539999961853027,8.586201667785645
2013-01-10,5200,8.399999618530273,8.75,9.100000381469727,8.399999618530273,8.725814819335938
2013-01-09,30200,9.449999809265137,8.680000305175781,9.800000190734863,8.260000228881836,8.65600872039795
2013-01-08,600,9.449999809265137,9.449999809265137,9.800000190734863,9.449999809265137,9.423879623413086
2013-01-07,1100,9.449999809265137,9.800000190734863,9.800000190734863,9.449999809265137,9.772912979125977
2013-01-04,1200,9.380000114440918,9.380000114440918,9.380000114440918,9.239999771118164,9.354073524475098
2013-01-03,900,8.890000343322754,9.239999771118164,9.3100004196167,8.890000343322754,9.214460372924805
2013-01-02,500,8.960000038146973,9.170000076293945,9.170000076293945,8.890000343322754,9.144654273986816
2012-12-31,700,8.399999618530273,9.170000076293945,9.170000076293945,8.399999618530273,9.144654273986816
2012-12-28,1600,8.819999694824219,8.609999656677246,8.819999694824219,8.539999961853027,8.586201667785645
2012-12-27,600,9.100000381469727,9.029999732971191,9.3100004196167,9.029999732971191,9.005041122436523
2012-12-26,900,9.520000457763672,9.100000381469727,9.520000457763672,9.029999732971191,9.074848175048828
2012-12-24,0,9.65999984741211,9.239999771118164,9.65999984741211,9.239999771118164,9.214460372924805
2012-12-21,100,9.65999984741211,9.65999984741211,9.65999984741211,9.65999984741211,9.633299827575684
2012-12-20,1700,10.079999923706055,9.800000190734863,10.149999618530273,9.65999984741211,9.772912979125977
2012-12-19,2800,9.100000381469727,9.869999885559082,9.869999885559082,9.100000381469727,9.842719078063965
2012-12-18,1000,9.380000114440918,9.449999809265137,9.449999809265137,8.960000038146973,9.423879623413086
2012-12-17,700,9.170000076293945,9.3100004196167,9.520000457763672,9.100000381469727,9.28426742553711
2012-12-14,700,8.75,8.680000305175781,8.819999694824219,8.539999961853027,8.65600872039795
2012-12-13,1100,8.960000038146973,8.890000343322754,9.3100004196167,8.680000305175781,8.86542797088623
2012-12-12,2400,9.100000381469727,9.029999732971191,9.3100004196167,9.029999732971191,9.005041122436523
2012-12-11,400,9.449999809265137,9.449999809265137,9.449999809265137,9.449999809265137,9.423879623413086
2012-12-10,400,9.729999542236328,9.380000114440918,9.800000190734863,9.380000114440918,9.354073524475098
2012-12-07,300,9.239999771118164,9.380000114440918,9.800000190734863,9.239999771118164,9.354073524475098
2012-12-06,1100,9.520000457763672,9.9399995803833,9.9399995803833,9.520000457763672,9.912525177001953
2012-12-05,500,9.170000076293945,9.100000381469727,9.239999771118164,9.100000381469727,9.074848175048828
2012-12-04,500,9.65999984741211,9.729999542236328,9.729999542236328,9.100000381469727,9.703105926513672
2012-12-03,900,8.75,9.3100004196167,10.149999618530273,8.75,9.28426742553711
2012-11-30,1000,9.729999542236328,9.239999771118164,9.729999542236328,9.100000381469727,9.214460372924805
2012-11-29,4200,9.100000381469727,9.800000190734863,9.9399995803833,9.029999732971191,9.772912979125977
2012-11-28,5200,8.399999618530273,9.869999885559082,9.9399995803833,8.399999618530273,9.842719078063965
2012-11-27,3200,8.539999961853027,9.029999732971191,9.029999732971191,8.470000267028809,9.005041122436523
2012-11-26,400,8.680000305175781,8.819999694824219,9.100000381469727,8.470000267028809,8.795620918273926
2012-11-23,200,8.399999618530273,8.399999618530273,8.399999618530273,8.399999618530273,8.376782417297363
2012-11-21,500,8.399999618530273,8.399999618530273,8.819999694824219,8.399999618530273,8.376782417297363
2012-11-20,6800,8.470000267028809,8.399999618530273,8.960000038146973,8.399999618530273,8.376782417297363
2012-11-19,2800,8.960000038146973,8.680000305175781,9.380000114440918,8.680000305175781,8.65600872039795
2012-11-16,500,9.100000381469727,9.239999771118164,9.449999809265137,8.75,9.214460372924805
2012-11-15,1300,9.239999771118164,9.170000076293945,9.65999984741211,9.100000381469727,9.144654273986816
2012-11-14,800,9.100000381469727,10.149999618530273,10.220000267028809,9.100000381469727,10.11197280883789
2012-11-13,0,10.220000267028809,10.220000267028809,10.220000267028809,10.220000267028809,10.18171215057373
2012-11-12,0,10.220000267028809,10.220000267028809,10.220000267028809,10.220000267028809,10.18171215057373
2012-11-09,200,10.010000228881836,10.220000267028809,10.220000267028809,10.010000228881836,10.18171215057373
2012-11-08,1300,9.3100004196167,10.079999923706055,10.149999618530273,8.890000343322754,10.042235374450684
2012-11-07,300,9.239999771118164,9.3100004196167,10.289999961853027,9.100000381469727,9.27511978149414
2012-11-06,100,9.800000190734863,9.239999771118164,10.359999656677246,9.239999771118164,9.205382347106934
2012-11-05,1100,10.079999923706055,10.079999923706055,10.220000267028809,9.170000076293945,10.042235374450684
2012-11-02,3600,9.3100004196167,9.449999809265137,10.430000305175781,9.3100004196167,9.414595603942871
2012-11-01,600,9.239999771118164,9.380000114440918,9.380000114440918,9.170000076293945,9.344858169555664
2012-10-31,1700,9.100000381469727,8.890000343322754,9.239999771118164,8.75,8.856694221496582
2012-10-26,300,9.100000381469727,9.100000381469727,9.239999771118164,9.100000381469727,9.06590747833252
2012-10-25,400,9.100000381469727,9.100000381469727,9.100000381469727,9.100000381469727,9.06590747833252
2012-10-24,0,9.3100004196167,9.3100004196167,9.3100004196167,9.3100004196167,9.27511978149414
2012-10-23,400,9.100000381469727,9.3100004196167,9.3100004196167,9.100000381469727,9.27511978149414
2012-10-22,300,8.75,8.75,8.75,8.75,8.717218399047852
2012-10-19,100,8.960000038146973,9.100000381469727,9.100000381469727,8.819999694824219,9.06590747833252
2012-10-18,500,9.170000076293945,9.170000076293945,9.239999771118164,9.170000076293945,9.135645866394043
2012-10-17,0,9.380000114440918,9.380000114440918,9.380000114440918,9.380000114440918,9.344858169555664
2012-10-16,400,9.100000381469727,9.380000114440918,9.380000114440918,9.100000381469727,9.344858169555664
2012-10-15,400,8.75,9.100000381469727,9.100000381469727,8.75,9.06590747833252
2012-10-12,500,8.890000343322754,8.890000343322754,8.960000038146973,8.75,8.856694221496582
2012-10-11,0,8.890000343322754,8.890000343322754,8.890000343322754,8.890000343322754,8.856694221496582
2012-10-10,100,8.890000343322754,8.890000343322754,8.890000343322754,8.890000343322754,8.856694221496582
2012-10-09,0,9.029999732971191,9.029999732971191,9.029999732971191,9.029999732971191,8.996169090270996
2012-10-08,100,8.890000343322754,8.890000343322754,8.890000343322754,8.819999694824219,8.856694221496582
2012-10-05,200,9.3100004196167,9.239999771118164,9.380000114440918,8.960000038146973,9.205382347106934
2012-10-04,0,8.75,8.75,8.75,8.75,8.717218399047852
2012-10-03,0,8.890000343322754,8.890000343322754,8.890000343322754,8.890000343322754,8.856694221496582
2012-10-02,3300,9.449999809265137,8.890000343322754,9.59000015258789,8.680000305175781,8.856694221496582
2012-10-01,1900,9.380000114440918,9.59000015258789,9.59000015258789,9.029999732971191,9.554071426391602
2012-09-28,100,9.029999732971191,9.239999771118164,9.239999771118164,8.960000038146973,9.205382347106934
2012-09-27,0,9.3100004196167,9.3100004196167,9.3100004196167,9.3100004196167,9.27511978149414
2012-09-26,700,8.960000038146973,9.3100004196167,9.449999809265137,8.960000038146973,9.27511978149414
2012-09-25,100,9.029999732971191,9.029999732971191,9.029999732971191,9.029999732971191,8.996169090270996
2012-09-24,400,9.029999732971191,9.3100004196167,9.380000114440918,9.029999732971191,9.27511978149414
2012-09-21,600,9.3100004196167,9.029999732971191,9.380000114440918,9.029999732971191,8.996169090270996
2012-09-20,1300,9.029999732971191,9.239999771118164,9.449999809265137,9.029999732971191,9.205382347106934
2012-09-19,0,9.100000381469727,9.100000381469727,9.100000381469727,9.100000381469727,9.06590747833252
2012-09-18,800,9.029999732971191,9.029999732971191,9.100000381469727,9.029999732971191,8.996169090270996
2012-09-17,3100,9.449999809265137,9.170000076293945,9.449999809265137,9.029999732971191,9.135645866394043
2012-09-14,300,9.239999771118164,9.100000381469727,9.239999771118164,9.100000381469727,9.06590747833252
2012-09-13,1600,9.100000381469727,9.170000076293945,9.449999809265137,9.029999732971191,9.135645866394043
2012-09-12,300,9.100000381469727,9.029999732971191,9.100000381469727,9.029999732971191,8.996169090270996
2012-09-11,200,9.100000381469727,9.100000381469727,9.100000381469727,9.029999732971191,9.06590747833252
2012-09-10,700,9.029999732971191,9.100000381469727,9.100000381469727,9.029999732971191,9.06590747833252
2012-09-07,1100,9.029999732971191,9.100000381469727,9.100000381469727,9.029999732971191,9.06590747833252
2012-09-06,300,9.100000381469727,8.819999694824219,9.100000381469727,8.75,8.786955833435059
2012-09-05,100,8.890000343322754,9.100000381469727,9.100000381469727,8.890000343322754,9.06590747833252
2012-09-04,200,8.680000305175781,9.029999732971191,9.029999732971191,8.680000305175781,8.996169090270996
2012-08-31,200,9.100000381469727,8.960000038146973,9.100000381469727,8.960000038146973,8.926431655883789
2012-08-30,100,9.100000381469727,9.100000381469727,9.100000381469727,9.100000381469727,9.06590747833252
2012-08-29,400,8.470000267028809,8.819999694824219,8.819999694824219,8.470000267028809,8.786955833435059
2012-08-28,3000,8.960000038146973,8.960000038146973,9.100000381469727,8.399999618530273,8.926431655883789
2012-08-27,2000,9.100000381469727,9.100000381469727,9.100000381469727,9.029999732971191,9.06590747833252
2012-08-24,1700,9.100000381469727,9.100000381469727,9.100000381469727,8.539999961853027,9.06590747833252
2012-08-23,100,8.539999961853027,8.960000038146973,8.960000038146973,8.539999961853027,8.926431655883789
2012-08-22,500,9.029999732971191,8.609999656677246,9.029999732971191,8.539999961853027,8.577742576599121
2012-08-21,1700,9.029999732971191,9.029999732971191,9.100000381469727,9.029999732971191,8.996169090270996
2012-08-20,200,9.029999732971191,9.029999732971191,9.239999771118164,9.029999732971191,8.996169090270996
2012-08-17,100,9.029999732971191,9.029999732971191,9.3100004196167,9.029999732971191,8.996169090270996
2012-08-16,0,9.029999732971191,9.029999732971191,9.029999732971191,9.029999732971191,8.996169090270996
2012-08-15,0,9.029999732971191,9.029999732971191,9.029999732971191,9.029999732971191,8.996169090270996
2012-08-14,400,9.029999732971191,9.029999732971191,9.380000114440918,9.029999732971191,8.996169090270996
2012-08-13,1100,9.520000457763672,8.609999656677246,9.520000457763672,8.470000267028809,8.577742576599121
2012-08-10,0,9.170000076293945,9.520000457763672,9.520000457763672,9.170000076293945,9.484333992004395
2012-08-09,200,8.960000038146973,8.960000038146973,9.59000015258789,8.960000038146973,8.926431655883789
2012-08-08,100,8.960000038146973,8.960000038146973,9.170000076293945,8.960000038146973,8.926431655883789
2012-08-07,200,9.520000457763672,9.729999542236328,9.729999542236328,9.520000457763672,9.693547248840332
2012-08-06,700,9.029999732971191,9.729999542236328,9.729999542236328,9.029999732971191,9.693547248840332
2012-08-03,1600,9.239999771118164,8.75,9.239999771118164,8.75,8.717218399047852
2012-08-02,400,9.65999984741211,9.3100004196167,9.729999542236328,9.3100004196167,9.27511978149414
2012-08-01,600,10.010000228881836,9.65999984741211,10.010000228881836,9.65999984741211,9.623808860778809
2012-07-31,200,10.079999923706055,10.289999961853027,10.289999961853027,10.010000228881836,10.251448631286621
2012-07-30,0,10.149999618530273,10.149999618530273,10.149999618530273,10.149999618530273,10.11197280883789
2012-07-27,1000,10.710000038146973,10.079999923706055,11.550000190734863,9.9399995803833,10.042235374450684
2012-07-26,800,10.850000381469727,10.710000038146973,11.6899995803833,10.710000038146973,10.669876098632812
2012-07-25,900,10.569999694824219,10.779999732971191,10.779999732971191,10.569999694824219,10.73961353302002
2012-07-24,500,10.079999923706055,10.359999656677246,10.5,10.079999923706055,10.321186065673828
2012-07-23,1500,10.569999694824219,10.079999923706055,10.569999694824219,9.239999771118164,10.042235374450684
2012-07-20,300,10.5,10.569999694824219,10.850000381469727,10.5,10.530399322509766
2012-07-19,100,10.5,10.640000343322754,10.779999732971191,10.5,10.600137710571289
2012-07-18,500,10.430000305175781,10.569999694824219,10.640000343322754,10.149999618530273,10.530399322509766
2012-07-17,200,10.079999923706055,10.359999656677246,10.359999656677246,9.9399995803833,10.321186065673828
2012-07-16,600,10.289999961853027,10.079999923706055,10.359999656677246,9.800000190734863,10.042235374450684
2012-07-13,3200,10.430000305175781,9.800000190734863,10.5,9.449999809265137,9.763283729553223
2012-07-12,700,11.199999809265137,11.34000015258789,11.34000015258789,10.149999618530273,11.297514915466309
2012-07-11,200,10.989999771118164,11.270000457763672,11.270000457763672,10.220000267028809,11.227778434753418
2012-07-10,500,10.710000038146973,11.199999809265137,11.199999809265137,10.149999618530273,11.158039093017578
2012-07-09,1000,10.920000076293945,11.760000228881836,11.899999618530273,10.430000305175781,11.7159423828125
2012-07-06,0,11.899999618530273,11.899999618530273,11.899999618530273,11.899999618530273,11.855417251586914
2012-07-05,1000,11.899999618530273,11.899999618530273,11.899999618530273,11.199999809265137,11.855417251586914
2012-07-03,100,11.829999923706055,12.109999656677246,12.109999656677246,11.829999923706055,12.064629554748535
2012-07-02,300,11.760000228881836,12.25,12.25,11.760000228881836,12.204106330871582
2012-06-29,1500,12.600000381469727,12.25,12.600000381469727,10.920000076293945,12.204106330871582
2012-06-28,1100,11.550000190734863,12.390000343322754,12.390000343322754,11.550000190734863,12.343581199645996
2012-06-27,2000,12.529999732971191,11.479999542236328,12.529999732971191,11.479999542236328,11.436989784240723
2012-06-26,600,12.109999656677246,12.390000343322754,12.460000038146973,12.109999656677246,12.343581199645996
2012-06-25,1000,11.6899995803833,12.529999732971191,12.529999732971191,11.6899995803833,12.483057022094727
2012-06-22,1100,11.899999618530273,11.6899995803833,12.460000038146973,11.6899995803833,11.64620304107666
2012-06-21,100,12.25,12.039999961853027,12.25,12.039999961853027,11.994892120361328
2012-06-20,600,12.25,11.970000267028809,12.25,11.829999923706055,11.925155639648438
2012-06-19,2500,12.670000076293945,12.529999732971191,12.739999771118164,12.109999656677246,12.483057022094727
2012-06-18,1900,12.460000038146973,12.8100004196167,13.15999984741211,12.180000305175781,12.762008666992188
2012-06-15,4200,11.970000267028809,12.460000038146973,13.15999984741211,11.619999885559082,12.41331958770752
2012-06-14,1000,10.989999771118164,11.34000015258789,11.34000015258789,10.289999961853027,11.297514915466309
2012-06-13,4000,11.829999923706055,11.0600004196167,12.739999771118164,11.0600004196167,11.018564224243164
2012-06-12,7400,10.569999694824219,12.600000381469727,13.020000457763672,10.079999923706055,12.552794456481934
2012-06-11,4100,9.380000114440918,9.800000190734863,10.779999732971191,9.380000114440918,9.763283729553223
2012-06-08,0,9.449999809265137,9.449999809265137,9.449999809265137,9.449999809265137,9.414595603942871
2012-06-07,800,9.449999809265137,9.449999809265137,10.149999618530273,9.449999809265137,9.414595603942871
2012-06-06,700,9.3100004196167,9.729999542236328,9.729999542236328,9.029999732971191,9.693547248840332
2012-06-05,600,9.3100004196167,9.449999809265137,9.65999984741211,9.239999771118164,9.414595603942871
2012-06-04,1800,9.59000015258789,9.729999542236328,10.010000228881836,9.170000076293945,9.693547248840332
2012-06-01,900,9.65999984741211,9.449999809265137,9.65999984741211,8.960000038146973,9.414595603942871
2012-05-31,1000,9.59000015258789,9.800000190734863,9.800000190734863,9.520000457763672,9.763283729553223
2012-05-30,900,9.029999732971191,9.3100004196167,9.800000190734863,9.029999732971191,9.27511978149414
2012-05-29,3900,10.010000228881836,9.449999809265137,10.079999923706055,9.239999771118164,9.414595603942871
2012-05-25,300,8.75,8.609999656677246,8.75,8.609999656677246,8.577742576599121
2012-05-24,0,8.75,8.75,8.75,8.680000305175781,8.717218399047852
2012-05-23,1000,8.539999961853027,8.399999618530273,9.029999732971191,8.399999618530273,8.368529319763184
2012-05-22,200,8.399999618530273,8.399999618530273,9.029999732971191,8.399999618530273,8.368529319763184
2012-05-21,1000,9.3100004196167,8.260000228881836,9.3100004196167,8.1899995803833,8.229053497314453
2012-05-18,3200,8.75,9.170000076293945,9.170000076293945,8.119999885559082,9.135645866394043
2012-05-17,1000,8.75,8.75,9.449999809265137,8.75,8.717218399047852
2012-05-16,300,8.680000305175781,8.609999656677246,8.960000038146973,8.609999656677246,8.577742576599121
2012-05-15,900,9.449999809265137,8.890000343322754,9.449999809265137,8.819999694824219,8.836769104003906
2012-05-14,1600,8.539999961853027,9.3100004196167,9.380000114440918,8.539999961853027,9.254254341125488
2012-05-11,800,8.960000038146973,8.960000038146973,9.520000457763672,8.75,8.906349182128906
2012-05-10,100,9.100000381469727,8.75,9.100000381469727,8.75,8.697607040405273
2012-05-09,100,8.819999694824219,8.960000038146973,9.029999732971191,8.819999694824219,8.906349182128906
2012-05-08,0,8.75,8.75,8.75,8.75,8.697607040405273
2012-05-07,700,8.819999694824219,8.75,9.170000076293945,8.75,8.697607040405273
2012-05-04,300,8.819999694824219,8.75,9.100000381469727,8.75,8.697607040405273
2012-05-03,2400,9.520000457763672,8.819999694824219,10.5,8.819999694824219,8.76718807220459
2012-05-02,400,9.65999984741211,9.520000457763672,9.729999542236328,9.520000457763672,9.462997436523438
2012-05-01,100,9.59000015258789,9.59000015258789,9.65999984741211,9.59000015258789,9.532576560974121
2012-04-30,400,10.359999656677246,9.729999542236328,10.359999656677246,9.729999542236328,9.671738624572754
2012-04-27,200,10.359999656677246,10.149999618530273,10.430000305175781,9.729999542236328,10.089224815368652
2012-04-26,700,9.65999984741211,10.5,10.5,9.520000457763672,10.437128067016602
2012-04-25,100,9.59000015258789,9.59000015258789,10.430000305175781,9.59000015258789,9.532576560974121
2012-04-24,0,9.9399995803833,10.010000228881836,10.010000228881836,9.9399995803833,9.95006275177002
2012-04-23,2600,10.149999618530273,10.010000228881836,10.359999656677246,9.520000457763672,9.95006275177002
2012-04-20,2000,10.779999732971191,10.430000305175781,11.199999809265137,9.800000190734863,10.367547988891602
2012-04-19,800,10.710000038146973,10.850000381469727,11.0600004196167,10.430000305175781,10.785032272338867
2012-04-18,900,10.779999732971191,10.710000038146973,10.850000381469727,9.869999885559082,10.64587116241455
2012-04-17,700,10.079999923706055,10.569999694824219,11.619999885559082,9.800000190734863,10.506708145141602
2012-04-16,1500,9.729999542236328,10.710000038146973,11.199999809265137,9.729999542236328,10.64587116241455
2012-04-13,400,9.239999771118164,9.9399995803833,9.9399995803833,9.170000076293945,9.880481719970703
2012-04-12,200,9.65999984741211,9.520000457763672,9.9399995803833,9.520000457763672,9.462997436523438
2012-04-11,6500,9.100000381469727,9.800000190734863,10.010000228881836,8.890000343322754,9.741320610046387
2012-04-10,1500,10.010000228881836,9.100000381469727,10.010000228881836,9.100000381469727,9.045511245727539
2012-04-09,1100,9.170000076293945,10.010000228881836,10.010000228881836,9.100000381469727,9.95006275177002
2012-04-05,800,9.170000076293945,9.869999885559082,9.869999885559082,9.100000381469727,9.810901641845703
2012-04-04,700,8.890000343322754,9.100000381469727,9.100000381469727,8.819999694824219,9.045511245727539
2012-04-03,700,8.890000343322754,9.59000015258789,9.59000015258789,8.890000343322754,9.532576560974121
2012-04-02,300,9.380000114440918,9.449999809265137,9.449999809265137,9.170000076293945,9.393415451049805
2012-03-30,4100,11.899999618530273,9.449999809265137,11.899999618530273,8.890000343322754,9.393415451049805
2012-03-29,800,9.729999542236328,9.520000457763672,10.149999618530273,9.520000457763672,9.462997436523438
2012-03-28,100,8.680000305175781,9.100000381469727,9.520000457763672,8.680000305175781,9.045511245727539
2012-03-27,800,8.75,8.75,9.380000114440918,8.75,8.697607040405273
2012-03-26,300,8.890000343322754,8.75,8.960000038146973,8.75,8.697607040405273
2012-03-23,600,9.029999732971191,8.890000343322754,9.239999771118164,8.890000343322754,8.836769104003906
2012-03-22,800,8.890000343322754,8.890000343322754,8.890000343322754,8.890000343322754,8.836769104003906
2012-03-21,1500,9.029999732971191,8.890000343322754,9.729999542236328,8.890000343322754,8.836769104003906
2012-03-20,400,9.100000381469727,8.960000038146973,9.239999771118164,8.960000038146973,8.906349182128906
2012-03-19,600,9.100000381469727,9.100000381469727,10.010000228881836,9.029999732971191,9.045511245727539
2012-03-16,300,9.170000076293945,9.170000076293945,9.3100004196167,9.170000076293945,9.115092277526855
2012-03-15,2000,9.59000015258789,9.729999542236328,9.9399995803833,9.100000381469727,9.671738624572754
2012-03-14,1400,9.520000457763672,9.520000457763672,9.869999885559082,9.029999732971191,9.462997436523438
2012-03-13,200,9.100000381469727,9.59000015258789,9.59000015258789,9.100000381469727,9.532576560974121
2012-03-12,1200,9.100000381469727,9.029999732971191,9.729999542236328,9.029999732971191,8.975929260253906
2012-03-09,2400,9.100000381469727,9.520000457763672,9.520000457763672,9.100000381469727,9.462997436523438
2012-03-08,200,9.029999732971191,9.029999732971191,9.100000381469727,9.029999732971191,8.975929260253906
2012-03-07,1300,9.380000114440918,9.380000114440918,9.59000015258789,9.3100004196167,9.323835372924805
2012-03-06,900,9.170000076293945,9.800000190734863,9.800000190734863,8.890000343322754,9.741320610046387
2012-03-05,200,9.100000381469727,9.100000381469727,9.100000381469727,9.029999732971191,9.045511245727539
2012-03-02,1500,9.170000076293945,9.100000381469727,9.729999542236328,9.100000381469727,9.045511245727539
2012-03-01,0,9.380000114440918,9.449999809265137,9.449999809265137,9.380000114440918,9.393415451049805
2012-02-29,300,9.520000457763672,9.380000114440918,9.800000190734863,9.100000381469727,9.323835372924805
2012-02-28,700,9.65999984741211,9.3100004196167,9.800000190734863,9.239999771118164,9.254254341125488
2012-02-27,200,9.100000381469727,9.729999542236328,9.800000190734863,9.100000381469727,9.671738624572754
2012-02-24,2600,9.3100004196167,9.239999771118164,10.430000305175781,9.239999771118164,9.184673309326172
2012-02-23,2200,8.960000038146973,9.170000076293945,9.449999809265137,8.960000038146973,9.115092277526855
2012-02-22,400,8.960000038146973,8.819999694824219,9.029999732971191,8.819999694824219,8.76718807220459
2012-02-21,600,8.890000343322754,8.890000343322754,9.029999732971191,8.890000343322754,8.836769104003906
2012-02-17,1000,8.819999694824219,8.960000038146973,9.029999732971191,8.75,8.906349182128906
2012-02-16,200,8.75,8.75,8.819999694824219,8.75,8.697607040405273
2012-02-15,200,8.75,9.100000381469727,9.100000381469727,8.75,9.045511245727539
2012-02-14,1200,8.819999694824219,8.75,8.890000343322754,8.75,8.697607040405273
2012-02-13,500,9.029999732971191,8.75,9.100000381469727,8.75,8.697607040405273
2012-02-10,0,8.890000343322754,9.029999732971191,9.029999732971191,8.890000343322754,8.975929260253906
2012-02-09,400,8.890000343322754,9.100000381469727,9.170000076293945,8.819999694824219,9.045511245727539
2012-02-08,200,8.890000343322754,9.029999732971191,9.029999732971191,8.890000343322754,8.975929260253906
2012-02-07,500,8.890000343322754,8.75,8.890000343322754,8.75,8.697607040405273
2012-02-06,1000,8.890000343322754,9.170000076293945,9.170000076293945,8.75,9.115092277526855
2012-02-03,100,8.75,8.75,8.890000343322754,8.75,8.697607040405273
2012-02-02,2600,8.470000267028809,8.680000305175781,9.100000381469727,8.399999618530273,8.628026008605957
2012-02-01,900,8.819999694824219,8.819999694824219,9.170000076293945,8.399999618530273,8.76718807220459
2012-01-31,100,8.890000343322754,8.75,8.890000343322754,8.75,8.697607040405273
2012-01-30,100,8.75,9.239999771118164,9.239999771118164,8.75,9.184673309326172
2012-01-27,600,8.75,8.890000343322754,9.100000381469727,8.75,8.836769104003906
2012-01-26,700,8.819999694824219,8.960000038146973,9.239999771118164,8.819999694824219,8.906349182128906
2012-01-25,1500,8.819999694824219,8.75,9.239999771118164,8.75,8.697607040405273
2012-01-24,200,8.539999961853027,8.960000038146973,8.960000038146973,8.539999961853027,8.906349182128906
2012-01-23,0,8.539999961853027,8.539999961853027,8.539999961853027,8.539999961853027,8.488863945007324
2012-01-20,900,8.75,8.539999961853027,8.960000038146973,8.329999923706055,8.488863945007324
2012-01-19,1400,8.609999656677246,8.609999656677246,8.680000305175781,8.609999656677246,8.55844497680664
2012-01-18,900,8.539999961853027,8.680000305175781,9.029999732971191,8.329999923706055,8.628026008605957
2012-01-17,800,8.399999618530273,8.75,8.75,8.399999618530273,8.697607040405273
2012-01-13,700,8.329999923706055,8.680000305175781,8.75,8.329999923706055,8.628026008605957
2012-01-12,200,8.399999618530273,8.260000228881836,8.680000305175781,8.260000228881836,8.210542678833008
2012-01-11,100,8.399999618530273,8.470000267028809,8.470000267028809,8.399999618530273,8.419282913208008
2012-01-10,300,8.470000267028809,8.399999618530273,8.470000267028809,8.399999618530273,8.349700927734375
2012-01-09,100,8.539999961853027,8.609999656677246,9.170000076293945,8.539999961853027,8.55844497680664
2012-01-06,100,8.75,8.609999656677246,8.75,8.539999961853027,8.55844497680664
2012-01-05,300,8.470000267028809,8.75,9.100000381469727,8.399999618530273,8.697607040405273
2012-01-04,1200,8.399999618530273,8.890000343322754,8.960000038146973,7.980000019073486,8.836769104003906
2012-01-03,400,8.399999618530273,8.609999656677246,8.819999694824219,8.329999923706055,8.55844497680664
2011-12-30,1300,8.819999694824219,8.609999656677246,8.819999694824219,8.329999923706055,8.55844497680664
2011-12-29,1200,8.470000267028809,9.3100004196167,9.3100004196167,8.329999923706055,9.254254341125488
2011-12-28,1600,8.399999618530273,8.539999961853027,8.75,8.260000228881836,8.488863945007324
2011-12-27,1000,8.399999618530273,8.539999961853027,8.539999961853027,8.399999618530273,8.488863945007324
2011-12-23,1100,9.029999732971191,8.399999618530273,9.380000114440918,8.399999618530273,8.349700927734375
2011-12-22,800,8.539999961853027,8.680000305175781,8.960000038146973,8.399999618530273,8.628026008605957
2011-12-21,500,8.399999618530273,8.819999694824219,8.819999694824219,8.399999618530273,8.76718807220459
2011-12-20,600,8.960000038146973,8.399999618530273,8.960000038146973,8.399999618530273,8.349700927734375
2011-12-19,1000,8.470000267028809,8.399999618530273,8.680000305175781,8.399999618530273,8.349700927734375
2011-12-16,500,8.539999961853027,8.539999961853027,8.960000038146973,8.539999961853027,8.488863945007324
2011-12-15,600,8.399999618530273,8.75,9.239999771118164,8.399999618530273,8.697607040405273
2011-12-14,1600,8.539999961853027,8.470000267028809,8.890000343322754,8.399999618530273,8.419282913208008
2011-12-13,600,8.890000343322754,9.029999732971191,9.029999732971191,8.539999961853027,8.975929260253906
2011-12-12,1900,8.819999694824219,9.100000381469727,9.100000381469727,8.75,9.045511245727539
2011-12-09,2800,8.680000305175781,8.75,9.869999885559082,8.680000305175781,8.697607040405273
2011-12-08,1700,8.819999694824219,8.75,9.3100004196167,8.75,8.697607040405273
2011-12-07,0,8.890000343322754,8.890000343322754,8.890000343322754,8.890000343322754,8.836769104003906
2011-12-06,300,9.029999732971191,8.890000343322754,9.380000114440918,8.890000343322754,8.836769104003906
2011-12-05,1300,9.800000190734863,8.960000038146973,9.800000190734863,8.960000038146973,8.906349182128906
2011-12-02,2000,10.569999694824219,9.800000190734863,10.989999771118164,9.800000190734863,9.741320610046387
2011-12-01,1300,9.800000190734863,9.800000190734863,10.5,9.380000114440918,9.741320610046387
2011-11-30,1200,10.079999923706055,9.520000457763672,10.079999923706055,9.3100004196167,9.462997436523438
2011-11-29,1000,9.800000190734863,9.869999885559082,9.869999885559082,9.3100004196167,9.810901641845703
2011-11-28,1200,9.100000381469727,9.729999542236328,9.729999542236328,9.100000381469727,9.671738624572754
2011-11-25,300,9.239999771118164,9.100000381469727,9.3100004196167,9.100000381469727,9.045511245727539
2011-11-23,1300,9.59000015258789,9.170000076293945,9.869999885559082,8.399999618530273,9.115092277526855
2011-11-22,600,9.239999771118164,9.520000457763672,9.520000457763672,9.239999771118164,9.462997436523438
2011-11-21,1500,9.170000076293945,8.960000038146973,9.449999809265137,8.539999961853027,8.906349182128906
2011-11-18,1100,10.289999961853027,9.170000076293945,10.289999961853027,9.029999732971191,9.115092277526855
2011-11-17,400,10.359999656677246,10.5,10.5,10.079999923706055,10.437128067016602
2011-11-16,300,10.5,9.9399995803833,10.5,9.59000015258789,9.880481719970703
2011-11-15,900,10.289999961853027,10.5,10.5,9.9399995803833,10.4271879196167
2011-11-14,500,9.029999732971191,9.170000076293945,10.079999923706055,9.029999732971191,9.106411933898926
2011-11-11,100,10.149999618530273,9.9399995803833,10.149999618530273,9.380000114440918,9.871071815490723
2011-11-10,300,9.65999984741211,9.800000190734863,9.800000190734863,8.470000267028809,9.732043266296387
2011-11-09,1500,8.890000343322754,9.029999732971191,9.65999984741211,8.539999961853027,8.967381477355957
2011-11-08,2000,8.680000305175781,9.449999809265137,9.449999809265137,8.119999885559082,9.384469985961914
2011-11-07,700,9.449999809265137,8.539999961853027,9.449999809265137,8.329999923706055,8.480780601501465
2011-11-04,1000,8.75,9.100000381469727,9.239999771118164,8.75,9.036897659301758
2011-11-03,9300,10.289999961853027,8.75,10.430000305175781,8.1899995803833,8.689323425292969
2011-11-02,300,10.5,10.569999694824219,10.640000343322754,10.430000305175781,10.496703147888184
2011-11-01,300,10.779999732971191,10.569999694824219,10.850000381469727,10.430000305175781,10.496703147888184
2011-10-31,900,10.5,10.430000305175781,10.5,10.430000305175781,10.357673645019531
2011-10-28,300,10.430000305175781,10.5,11.34000015258789,10.430000305175781,10.4271879196167
2011-10-27,500,10.850000381469727,10.5,11.0600004196167,10.5,10.4271879196167
2011-10-26,500,11.270000457763672,11.270000457763672,11.270000457763672,11.0600004196167,11.191848754882812
2011-10-25,100,11.199999809265137,11.270000457763672,11.270000457763672,11.0600004196167,11.191848754882812
2011-10-24,600,11.0600004196167,11.199999809265137,11.199999809265137,10.710000038146973,11.122333526611328
2011-10-21,0,10.920000076293945,11.130000114440918,11.130000114440918,10.920000076293945,11.05281925201416
2011-10-20,700,10.779999732971191,10.710000038146973,10.779999732971191,10.710000038146973,10.635732650756836
2011-10-19,900,10.149999618530273,10.010000228881836,10.710000038146973,10.010000228881836,9.940587043762207
2011-10-18,400,10.289999961853027,10.149999618530273,10.359999656677246,10.149999618530273,10.079615592956543
2011-10-17,0,10.149999618530273,10.289999961853027,10.289999961853027,10.149999618530273,10.218644142150879
2011-10-14,0,10.220000267028809,11.130000114440918,11.130000114440918,10.220000267028809,11.05281925201416
2011-10-13,1400,10.149999618530273,10.850000381469727,10.850000381469727,10.149999618530273,10.774762153625488
2011-10-12,300,10.5,10.149999618530273,10.5,10.010000228881836,10.079615592956543
2011-10-11,100,10.569999694824219,10.779999732971191,11.0600004196167,10.569999694824219,10.705246925354004
2011-10-10,100,10.359999656677246,10.359999656677246,10.359999656677246,10.359999656677246,10.288158416748047
2011-10-07,600,10.010000228881836,10.850000381469727,11.130000114440918,10.010000228881836,10.774762153625488
2011-10-06,600,10.220000267028809,9.9399995803833,10.289999961853027,9.9399995803833,9.871071815490723
2011-10-05,100,10.220000267028809,10.220000267028809,10.220000267028809,10.220000267028809,10.149129867553711
2011-10-04,400,10.359999656677246,10.149999618530273,10.359999656677246,10.149999618530273,10.079615592956543
2011-10-03,800,10.710000038146973,10.569999694824219,11.199999809265137,10.430000305175781,10.496703147888184
2011-09-30,1500,10.850000381469727,10.710000038146973,11.130000114440918,10.710000038146973,10.635732650756836
2011-09-29,1400,10.5,11.479999542236328,11.479999542236328,10.5,11.400392532348633
2011-09-28,0,10.710000038146973,10.5,10.710000038146973,10.5,10.4271879196167
2011-09-27,300,10.5,10.430000305175781,10.710000038146973,10.430000305175781,10.357673645019531
2011-09-26,400,10.850000381469727,10.569999694824219,10.850000381469727,10.359999656677246,10.496703147888184
2011-09-23,200,10.920000076293945,11.130000114440918,11.199999809265137,10.5,11.05281925201416
2011-09-22,700,10.710000038146973,10.569999694824219,10.779999732971191,10.5,10.496703147888184
2011-09-21,0,10.850000381469727,11.199999809265137,11.199999809265137,10.850000381469727,11.122333526611328
2011-09-20,400,11.270000457763672,11.34000015258789,11.34000015258789,10.779999732971191,11.261363983154297
2011-09-19,700,11.34000015258789,11.270000457763672,11.40999984741211,10.640000343322754,11.191848754882812
2011-09-16,200,11.0600004196167,11.34000015258789,11.34000015258789,10.569999694824219,11.261363983154297
2011-09-15,0,10.640000343322754,10.640000343322754,10.640000343322754,10.640000343322754,10.566218376159668
2011-09-14,200,11.270000457763672,10.640000343322754,11.34000015258789,10.5,10.566218376159668
2011-09-13,100,10.5,10.5,10.5,10.5,10.4271879196167
2011-09-12,100,10.640000343322754,10.5,10.640000343322754,10.5,10.4271879196167
2011-09-09,800,10.710000038146973,10.920000076293945,11.0600004196167,10.640000343322754,10.844276428222656
2011-09-08,100,10.779999732971191,10.710000038146973,10.850000381469727,10.710000038146973,10.635732650756836
2011-09-07,0,10.850000381469727,10.710000038146973,10.850000381469727,10.710000038146973,10.635732650756836
2011-09-06,900,11.899999618530273,10.710000038146973,11.899999618530273,10.640000343322754,10.635732650756836
2011-09-02,100,10.920000076293945,10.850000381469727,10.920000076293945,10.850000381469727,10.774762153625488
2011-09-01,4200,11.0600004196167,11.0600004196167,11.199999809265137,10.920000076293945,10.983304977416992
2011-08-31,2800,10.850000381469727,11.270000457763672,11.34000015258789,10.779999732971191,11.191848754882812
2011-08-30,800,11.199999809265137,11.130000114440918,11.34000015258789,11.130000114440918,11.05281925201416
2011-08-29,400,11.899999618530273,11.130000114440918,11.899999618530273,11.0600004196167,11.05281925201416
2011-08-26,400,11.619999885559082,11.479999542236328,11.619999885559082,11.479999542236328,11.400392532348633
2011-08-25,300,11.34000015258789,11.0600004196167,11.550000190734863,10.220000267028809,10.983304977416992
2011-08-24,1500,10.569999694824219,10.850000381469727,11.550000190734863,10.359999656677246,10.774762153625488
2011-08-23,400,11.199999809265137,10.989999771118164,11.199999809265137,10.850000381469727,10.913789749145508
2011-08-22,400,11.130000114440918,11.130000114440918,11.199999809265137,11.130000114440918,11.05281925201416
2011-08-19,200,10.5,10.5,10.920000076293945,10.5,10.4271879196167
2011-08-18,900,10.779999732971191,10.779999732971191,10.920000076293945,10.5,10.705246925354004
2011-08-17,400,10.710000038146973,10.640000343322754,11.130000114440918,10.640000343322754,10.566218376159668
2011-08-16,300,10.850000381469727,10.850000381469727,10.850000381469727,10.850000381469727,10.774762153625488
2011-08-15,600,10.920000076293945,11.40999984741211,11.550000190734863,10.569999694824219,11.330878257751465
2011-08-12,800,10.359999656677246,10.850000381469727,10.989999771118164,10.359999656677246,10.774762153625488
2011-08-11,0,10.989999771118164,10.989999771118164,10.989999771118164,10.989999771118164,10.913789749145508
2011-08-10,800,11.199999809265137,10.989999771118164,11.550000190734863,10.5,10.913789749145508
2011-08-09,1300,11.6899995803833,11.0600004196167,11.899999618530273,10.010000228881836,10.983304977416992
2011-08-08,400,11.6899995803833,11.550000190734863,11.6899995803833,11.550000190734863,11.469907760620117
2011-08-05,2300,11.760000228881836,12.25,12.25,11.550000190734863,12.165053367614746
2011-08-04,2800,11.970000267028809,11.829999923706055,12.319999694824219,11.760000228881836,11.747965812683105
2011-08-03,1700,12.25,11.970000267028809,12.460000038146973,11.829999923706055,11.886995315551758
2011-08-02,2100,11.760000228881836,12.460000038146973,12.600000381469727,11.760000228881836,12.373597145080566
2011-08-01,1700,12.949999809265137,12.25,12.949999809265137,11.829999923706055,12.165053367614746
2011-07-29,5500,12.390000343322754,12.600000381469727,13.09000015258789,12.390000343322754,12.512626647949219
2011-07-28,400,12.390000343322754,12.25,12.600000381469727,12.25,12.165053367614746
2011-07-27,300,12.390000343322754,11.829999923706055,12.390000343322754,11.829999923706055,11.747965812683105
2011-07-26,500,13.15999984741211,13.020000457763672,13.15999984741211,12.460000038146973,12.92971420288086
2011-07-25,800,12.460000038146973,12.600000381469727,12.880000114440918,12.460000038146973,12.512626647949219
2011-07-22,1200,12.460000038146973,12.319999694824219,12.880000114440918,12.319999694824219,12.234567642211914
2011-07-21,900,12.039999961853027,12.319999694824219,12.390000343322754,11.899999618530273,12.234567642211914
2011-07-20,400,12.109999656677246,11.899999618530273,12.25,11.899999618530273,11.817480087280273
2011-07-19,1100,11.619999885559082,11.619999885559082,12.25,11.619999885559082,11.539422988891602
2011-07-18,1000,11.970000267028809,11.760000228881836,12.529999732971191,11.6899995803833,11.678452491760254
2011-07-15,100,11.829999923706055,12.529999732971191,12.529999732971191,11.760000228881836,12.443111419677734
2011-07-14,0,11.970000267028809,11.970000267028809,11.970000267028809,11.970000267028809,11.886995315551758
2011-07-13,300,12.600000381469727,11.6899995803833,12.600000381469727,11.6899995803833,11.60893726348877
2011-07-12,100,11.760000228881836,11.6899995803833,12.739999771118164,11.6899995803833,11.60893726348877
2011-07-11,1600,12.460000038146973,11.550000190734863,12.670000076293945,11.550000190734863,11.469907760620117
2011-07-08,400,12.460000038146973,12.319999694824219,12.880000114440918,12.319999694824219,12.234567642211914
2011-07-07,400,12.529999732971191,12.25,13.09000015258789,12.25,12.165053367614746
2011-07-06,400,13.09000015258789,12.460000038146973,13.15999984741211,12.460000038146973,12.373597145080566
2011-07-05,300,13.020000457763672,13.09000015258789,13.09000015258789,12.880000114440918,12.999228477478027
2011-07-01,1200,13.020000457763672,12.25,13.09000015258789,12.25,12.165053367614746
2011-06-30,300,12.8100004196167,12.739999771118164,12.8100004196167,12.600000381469727,12.651656150817871
2011-06-29,500,13.020000457763672,12.670000076293945,13.020000457763672,12.529999732971191,12.582140922546387
2011-06-28,400,13.15999984741211,12.529999732971191,13.15999984741211,12.180000305175781,12.443111419677734
2011-06-27,2500,13.09000015258789,12.739999771118164,13.15999984741211,12.109999656677246,12.651656150817871
2011-06-24,9500,13.300000190734863,12.109999656677246,13.579999923706055,11.970000267028809,12.026023864746094
2011-06-23,800,13.15999984741211,13.369999885559082,14.0,13.15999984741211,13.2772855758667
2011-06-22,1200,13.579999923706055,13.15999984741211,13.579999923706055,12.880000114440918,13.068742752075195
2011-06-21,100,13.510000228881836,13.579999923706055,13.579999923706055,13.510000228881836,13.485830307006836
2011-06-20,1600,13.930000305175781,13.720000267028809,14.0,13.720000267028809,13.624859809875488
2011-06-17,200,13.859999656677246,14.210000038146973,14.210000038146973,13.720000267028809,14.111462593078613
2011-06-16,200,13.369999885559082,13.720000267028809,13.789999961853027,13.369999885559082,13.624859809875488
2011-06-15,800,13.579999923706055,13.300000190734863,14.140000343322754,13.300000190734863,13.207772254943848
2011-06-14,300,14.140000343322754,13.579999923706055,14.140000343322754,13.579999923706055,13.485830307006836
2011-06-13,500,13.649999618530273,13.579999923706055,13.930000305175781,13.510000228881836,13.485830307006836
2011-06-10,100,14.279999732971191,13.789999961853027,14.350000381469727,13.789999961853027,13.694374084472656
2011-06-09,700,13.789999961853027,14.489999771118164,14.489999771118164,13.649999618530273,14.389520645141602
2011-06-08,300,13.720000267028809,13.720000267028809,13.789999961853027,13.720000267028809,13.624859809875488
2011-06-07,1800,13.930000305175781,14.069999694824219,14.420000076293945,13.579999923706055,13.972431182861328
2011-06-06,100,13.789999961853027,14.0,14.0,13.649999618530273,13.902917861938477
2011-06-03,600,13.930000305175781,13.789999961853027,13.930000305175781,13.649999618530273,13.694374084472656
2011-06-02,400,13.649999618530273,13.789999961853027,14.279999732971191,13.649999618530273,13.694374084472656
2011-06-01,500,14.0,13.720000267028809,14.350000381469727,13.720000267028809,13.624859809875488
2011-05-31,2100,14.069999694824219,14.069999694824219,14.350000381469727,14.069999694824219,13.972431182861328
2011-05-27,900,14.210000038146973,14.069999694824219,14.210000038146973,14.069999694824219,13.972431182861328
2011-05-26,3300,14.069999694824219,14.350000381469727,14.350000381469727,13.930000305175781,14.250492095947266
2011-05-25,1000,13.4399995803833,13.4399995803833,14.0,13.4399995803833,13.346799850463867
2011-05-24,100,13.930000305175781,13.789999961853027,13.930000305175781,13.789999961853027,13.694374084472656
2011-05-23,1800,13.859999656677246,14.210000038146973,14.210000038146973,13.369999885559082,14.111462593078613
2011-05-20,500,13.720000267028809,13.859999656677246,13.859999656677246,13.720000267028809,13.763888359069824
2011-05-19,1200,13.649999618530273,13.649999618530273,13.649999618530273,13.4399995803833,13.555344581604004
2011-05-18,900,14.210000038146973,13.859999656677246,14.279999732971191,13.4399995803833,13.763888359069824
2011-05-17,700,13.649999618530273,14.140000343322754,14.140000343322754,13.369999885559082,14.041947364807129
2011-05-16,1900,14.0,13.859999656677246,14.069999694824219,13.300000190734863,13.763888359069824
2011-05-13,400,14.279999732971191,14.279999732971191,14.279999732971191,14.140000343322754,14.180976867675781
2011-05-12,400,13.720000267028809,14.279999732971191,14.279999732971191,13.720000267028809,14.180976867675781
2011-05-11,0,14.0,14.0,14.0,14.0,13.873126029968262
2011-05-10,400,14.279999732971191,13.930000305175781,14.279999732971191,13.720000267028809,13.803760528564453
2011-05-09,1300,14.279999732971191,14.279999732971191,14.279999732971191,13.720000267028809,14.150588989257812
2011-05-06,700,13.720000267028809,13.930000305175781,14.350000381469727,13.720000267028809,13.803760528564453
2011-05-05,0,13.649999618530273,13.930000305175781,13.930000305175781,13.649999618530273,13.803760528564453
2011-05-04,1800,13.15999984741211,14.210000038146973,14.350000381469727,13.15999984741211,14.081223487854004
2011-05-03,600,13.789999961853027,13.649999618530273,13.789999961853027,13.369999885559082,13.526297569274902
2011-05-02,500,13.789999961853027,13.720000267028809,13.859999656677246,13.510000228881836,13.595664024353027
2011-04-29,600,13.15999984741211,13.369999885559082,13.4399995803833,13.020000457763672,13.248834609985352
2011-04-28,6400,13.4399995803833,13.300000190734863,14.140000343322754,13.15999984741211,13.17947006225586
2011-04-27,1100,13.300000190734863,13.579999923706055,13.720000267028809,13.229999542236328,13.456932067871094
2011-04-26,1200,13.649999618530273,13.229999542236328,13.720000267028809,13.229999542236328,13.110103607177734
2011-04-25,2000,13.579999923706055,13.510000228881836,14.350000381469727,13.229999542236328,13.387566566467285
2011-04-21,1100,13.229999542236328,14.0,14.0,13.229999542236328,13.873126029968262
2011-04-20,300,12.949999809265137,13.229999542236328,13.579999923706055,12.949999809265137,13.110103607177734
2011-04-19,2800,13.09000015258789,13.020000457763672,13.649999618530273,12.949999809265137,12.902008056640625
2011-04-18,400,13.300000190734863,13.229999542236328,13.300000190734863,12.949999809265137,13.110103607177734
2011-04-15,2900,12.949999809265137,13.300000190734863,13.649999618530273,12.949999809265137,13.17947006225586
2011-04-14,300,13.649999618530273,13.649999618530273,13.649999618530273,13.649999618530273,13.526297569274902
2011-04-13,600,14.0,14.0,14.0,13.649999618530273,13.873126029968262
2011-04-12,900,13.720000267028809,14.069999694824219,14.069999694824219,13.720000267028809,13.942490577697754
2011-04-11,200,13.720000267028809,13.789999961853027,14.0,13.720000267028809,13.665029525756836
2011-04-08,400,13.510000228881836,14.140000343322754,14.210000038146973,13.510000228881836,14.011857986450195
2011-04-07,1700,14.140000343322754,13.859999656677246,14.350000381469727,13.789999961853027,13.734394073486328
2011-04-06,1500,14.210000038146973,14.350000381469727,14.350000381469727,13.020000457763672,14.219955444335938
2011-04-05,7200,13.369999885559082,13.229999542236328,14.210000038146973,13.020000457763672,13.110103607177734
2011-04-04,2600,13.369999885559082,13.15999984741211,14.210000038146973,13.020000457763672,13.040738105773926
2011-04-01,1200,14.420000076293945,13.930000305175781,14.5600004196167,13.789999961853027,13.803760528564453
2011-03-31,500,15.050000190734863,14.699999809265137,15.050000190734863,14.350000381469727,14.56678295135498
2011-03-30,700,15.050000190734863,15.050000190734863,15.050000190734863,14.420000076293945,14.91361141204834
2011-03-29,400,14.770000457763672,15.050000190734863,15.050000190734863,14.770000457763672,14.91361141204834
2011-03-28,500,14.630000114440918,14.770000457763672,14.770000457763672,14.350000381469727,14.636149406433105
2011-03-25,600,14.770000457763672,14.979999542236328,15.119999885559082,14.699999809265137,14.844244956970215
2011-03-24,2200,14.279999732971191,14.5600004196167,15.119999885559082,14.069999694824219,14.428051948547363
2011-03-23,1300,14.699999809265137,14.5600004196167,14.979999542236328,14.279999732971191,14.428051948547363
2011-03-22,300,14.069999694824219,13.930000305175781,14.489999771118164,13.859999656677246,13.803760528564453
2011-03-21,300,14.90999984741211,14.140000343322754,15.050000190734863,14.140000343322754,14.011857986450195
2011-03-18,1000,14.069999694824219,14.979999542236328,14.979999542236328,14.069999694824219,14.844244956970215
2011-03-17,1000,14.069999694824219,13.789999961853027,14.140000343322754,13.789999961853027,13.665029525756836
2011-03-16,1700,14.210000038146973,14.279999732971191,15.050000190734863,14.140000343322754,14.150588989257812
2011-03-15,500,14.0,14.5600004196167,14.5600004196167,14.0,14.428051948547363
2011-03-14,700,14.350000381469727,14.0,14.420000076293945,14.0,13.873126029968262
2011-03-11,0,14.350000381469727,14.5600004196167,14.5600004196167,14.350000381469727,14.428051948547363
2011-03-10,100,14.069999694824219,14.140000343322754,14.420000076293945,14.069999694824219,14.011857986450195
2011-03-09,2000,14.350000381469727,14.5600004196167,15.260000228881836,14.210000038146973,14.428051948547363
2011-03-08,900,13.720000267028809,14.350000381469727,14.90999984741211,13.229999542236328,14.219955444335938
2011-03-07,1600,14.699999809265137,13.720000267028809,14.699999809265137,13.649999618530273,13.595664024353027
2011-03-04,700,15.399999618530273,14.770000457763672,15.399999618530273,14.069999694824219,14.636149406433105
2011-03-03,2200,14.420000076293945,13.859999656677246,14.5600004196167,13.859999656677246,13.734394073486328
2011-03-02,2000,14.90999984741211,14.420000076293945,15.470000267028809,14.420000076293945,14.289320945739746
2011-03-01,1200,16.030000686645508,16.100000381469727,16.100000381469727,14.699999809265137,15.954095840454102
2011-02-28,800,15.75,16.100000381469727,16.100000381469727,15.75,15.954095840454102
2011-02-25,1300,15.75,15.75,16.450000762939453,15.75,15.607267379760742
2011-02-24,800,15.819999694824219,15.75,16.030000686645508,15.75,15.607267379760742
2011-02-23,200,16.170000076293945,15.819999694824219,16.170000076293945,15.75,15.67663288116455
2011-02-22,400,16.170000076293945,16.030000686645508,16.450000762939453,16.030000686645508,15.884730339050293
2011-02-18,1300,16.59000015258789,16.520000457763672,16.729999542236328,15.890000343322754,16.370288848876953
2011-02-17,800,15.050000190734863,16.309999465942383,16.799999237060547,15.050000190734863,16.16219139099121
2011-02-16,1700,16.450000762939453,15.399999618530273,16.65999984741211,15.399999618530273,15.260437965393066
2011-02-15,1000,16.239999771118164,16.100000381469727,16.8700008392334,16.100000381469727,15.954095840454102
2011-02-14,900,17.079999923706055,16.100000381469727,17.079999923706055,16.100000381469727,15.954095840454102
2011-02-11,1400,16.8700008392334,16.520000457763672,17.149999618530273,15.75,16.370288848876953
2011-02-10,4900,15.1899995803833,16.799999237060547,17.5,15.1899995803833,16.64775276184082
2011-02-09,4300,16.239999771118164,15.539999961853027,16.59000015258789,15.119999885559082,15.399169921875
2011-02-08,4200,15.050000190734863,16.239999771118164,16.239999771118164,14.699999809265137,16.092824935913086
2011-02-07,2700,14.699999809265137,14.699999809265137,15.050000190734863,14.350000381469727,14.56678295135498
2011-02-04,1100,14.489999771118164,14.350000381469727,14.630000114440918,14.350000381469727,14.219955444335938
2011-02-03,1200,14.420000076293945,14.0,14.630000114440918,14.0,13.873126029968262
2011-02-02,2100,14.210000038146973,14.489999771118164,14.630000114440918,13.720000267028809,14.358686447143555
2011-02-01,10000,15.890000343322754,14.0,15.890000343322754,13.300000190734863,13.873126029968262
2011-01-31,300,15.329999923706055,15.329999923706055,16.100000381469727,14.84000015258789,15.191072463989258
2011-01-28,600,16.3799991607666,15.539999961853027,16.450000762939453,14.770000457763672,15.399169921875
2011-01-27,1000,14.699999809265137,16.100000381469727,16.100000381469727,14.699999809265137,15.954095840454102
2011-01-26,200,15.539999961853027,14.770000457763672,15.539999961853027,14.770000457763672,14.636149406433105
2011-01-25,1900,15.260000228881836,14.350000381469727,15.539999961853027,14.0,14.219955444335938
2011-01-24,700,16.100000381469727,15.539999961853027,16.100000381469727,14.90999984741211,15.399169921875
2011-01-21,1100,15.539999961853027,16.100000381469727,16.100000381469727,14.5600004196167,15.954095840454102
2011-01-20,1600,14.90999984741211,15.1899995803833,16.100000381469727,14.770000457763672,15.05234146118164
2011-01-19,2900,15.819999694824219,14.90999984741211,15.819999694824219,14.90999984741211,14.774880409240723
2011-01-18,3700,17.5,16.100000381469727,17.5,15.119999885559082,15.954095840454102
2011-01-14,1300,17.149999618530273,17.219999313354492,17.360000610351562,16.65999984741211,17.063945770263672
2011-01-13,3300,16.3799991607666,16.940000534057617,17.360000610351562,15.819999694824219,16.786483764648438
2011-01-12,1800,14.699999809265137,15.75,15.819999694824219,14.350000381469727,15.607267379760742
2011-01-11,4300,14.630000114440918,14.699999809265137,14.699999809265137,14.350000381469727,14.56678295135498
2011-01-10,3400,13.300000190734863,14.630000114440918,14.699999809265137,13.09000015258789,14.497417449951172
2011-01-07,800,13.859999656677246,13.859999656677246,14.0,13.369999885559082,13.734394073486328
2011-01-06,1800,13.300000190734863,13.859999656677246,14.0,13.300000190734863,13.734394073486328
2011-01-05,900,14.0,13.15999984741211,14.0,13.020000457763672,13.040738105773926
2011-01-04,500,13.300000190734863,13.4399995803833,13.789999961853027,12.949999809265137,13.31820011138916
2011-01-03,300,13.15999984741211,13.510000228881836,13.510000228881836,13.15999984741211,13.387566566467285
2010-12-31,900,12.600000381469727,13.579999923706055,13.579999923706055,12.600000381469727,13.456932067871094
2010-12-30,2300,12.460000038146973,12.600000381469727,13.579999923706055,12.460000038146973,12.485814094543457
2010-12-29,2600,12.8100004196167,13.15999984741211,13.15999984741211,12.460000038146973,13.040738105773926
2010-12-28,1000,12.949999809265137,12.529999732971191,13.09000015258789,12.319999694824219,12.416447639465332
2010-12-27,500,12.460000038146973,12.949999809265137,13.369999885559082,12.319999694824219,12.832642555236816
2010-12-23,3400,12.949999809265137,12.319999694824219,13.720000267028809,12.319999694824219,12.208351135253906
2010-12-22,800,12.670000076293945,12.039999961853027,12.8100004196167,12.039999961853027,11.930888175964355
2010-12-21,2700,12.600000381469727,12.8100004196167,12.949999809265137,12.390000343322754,12.6939115524292
2010-12-20,3200,11.6899995803833,12.390000343322754,13.020000457763672,11.619999885559082,12.277716636657715
2010-12-17,5300,12.460000038146973,12.039999961853027,12.460000038146973,11.970000267028809,11.930888175964355
2010-12-16,1800,12.460000038146973,12.460000038146973,12.670000076293945,12.460000038146973,12.347082138061523
2010-12-15,500,12.529999732971191,12.460000038146973,12.949999809265137,12.460000038146973,12.347082138061523
2010-12-14,1000,12.529999732971191,12.670000076293945,12.739999771118164,12.529999732971191,12.555179595947266
2010-12-13,600,13.300000190734863,13.15999984741211,13.300000190734863,12.670000076293945,13.040738105773926
2010-12-10,500,12.460000038146973,13.15999984741211,13.300000190734863,12.390000343322754,13.040738105773926
2010-12-09,600,12.319999694824219,12.390000343322754,13.09000015258789,12.319999694824219,12.277716636657715
2010-12-08,2500,12.670000076293945,12.25,13.15999984741211,12.25,12.138985633850098
2010-12-07,1900,12.600000381469727,12.8100004196167,12.949999809265137,12.529999732971191,12.6939115524292
2010-12-06,2400,12.670000076293945,12.529999732971191,13.720000267028809,12.319999694824219,12.416447639465332
2010-12-03,500,13.300000190734863,12.600000381469727,13.300000190734863,12.25,12.485814094543457
2010-12-02,3100,12.600000381469727,12.460000038146973,13.229999542236328,12.25,12.347082138061523
2010-12-01,3900,12.529999732971191,12.319999694824219,12.8100004196167,11.619999885559082,12.208351135253906
2010-11-30,700,12.529999732971191,12.25,12.529999732971191,12.25,12.138985633850098
2010-11-29,2700,11.899999618530273,12.8100004196167,12.8100004196167,11.829999923706055,12.6939115524292
2010-11-26,1600,11.760000228881836,12.109999656677246,12.529999732971191,11.479999542236328,12.000253677368164
2010-11-24,2400,11.899999618530273,11.550000190734863,11.970000267028809,11.550000190734863,11.445329666137695
2010-11-23,900,11.829999923706055,12.180000305175781,12.460000038146973,11.760000228881836,12.069620132446289
2010-11-22,1900,11.899999618530273,12.25,13.020000457763672,11.550000190734863,12.138985633850098
2010-11-19,100,12.390000343322754,12.8100004196167,12.8100004196167,12.390000343322754,12.6939115524292
2010-11-18,600,12.529999732971191,12.390000343322754,12.529999732971191,12.319999694824219,12.277716636657715
2010-11-17,400,12.949999809265137,12.25,13.4399995803833,12.25,12.119168281555176
2010-11-16,2900,12.880000114440918,13.15999984741211,13.15999984741211,12.25,13.019447326660156
2010-11-15,1700,13.720000267028809,12.670000076293945,13.720000267028809,12.25,12.53468132019043
2010-11-12,1500,11.899999618530273,11.899999618530273,11.899999618530273,11.619999885559082,11.772904396057129
2010-11-11,200,11.899999618530273,11.899999618530273,11.899999618530273,11.899999618530273,11.772904396057129
2010-11-10,700,12.390000343322754,11.899999618530273,12.390000343322754,11.899999618530273,11.772904396057129
2010-11-09,1900,12.600000381469727,12.390000343322754,12.600000381469727,11.760000228881836,12.257672309875488
2010-11-08,2000,11.829999923706055,12.529999732971191,13.020000457763672,11.760000228881836,12.3961763381958
2010-11-05,2100,11.550000190734863,12.739999771118164,13.09000015258789,11.550000190734863,12.603933334350586
2010-11-04,1900,12.670000076293945,12.880000114440918,13.720000267028809,12.180000305175781,12.742439270019531
2010-11-03,200,13.720000267028809,13.020000457763672,13.720000267028809,12.880000114440918,12.88094425201416
2010-11-02,600,12.949999809265137,12.880000114440918,13.020000457763672,12.880000114440918,12.742439270019531
2010-11-01,1000,12.949999809265137,13.020000457763672,13.649999618530273,12.949999809265137,12.88094425201416
2010-10-29,300,14.350000381469727,12.949999809265137,14.350000381469727,12.8100004196167,12.811691284179688
2010-10-28,1600,13.720000267028809,12.880000114440918,13.859999656677246,12.880000114440918,12.742439270019531
2010-10-27,100,13.020000457763672,12.949999809265137,13.020000457763672,12.880000114440918,12.811691284179688
2010-10-26,1100,13.930000305175781,13.510000228881836,13.930000305175781,12.949999809265137,13.365710258483887
2010-10-25,2600,14.279999732971191,13.579999923706055,14.350000381469727,12.390000343322754,13.43496322631836
2010-10-22,700,14.210000038146973,14.350000381469727,14.699999809265137,14.210000038146973,14.196739196777344
2010-10-21,1200,14.420000076293945,14.210000038146973,14.420000076293945,14.210000038146973,14.058234214782715
2010-10-20,600,14.420000076293945,14.420000076293945,14.420000076293945,14.140000343322754,14.2659912109375
2010-10-19,600,14.489999771118164,14.489999771118164,14.489999771118164,14.210000038146973,14.335243225097656
2010-10-18,2000,14.699999809265137,15.260000228881836,15.260000228881836,13.930000305175781,15.09701919555664
2010-10-15,200,14.0,14.069999694824219,14.210000038146973,14.0,13.91972827911377
2010-10-14,500,14.140000343322754,14.0,14.210000038146973,14.0,13.850476264953613
2010-10-13,300,14.069999694824219,14.5600004196167,14.5600004196167,14.0,14.404495239257812
2010-10-12,100,14.140000343322754,14.279999732971191,14.350000381469727,14.069999694824219,14.127487182617188
2010-10-11,1400,14.279999732971191,14.279999732971191,14.90999984741211,14.069999694824219,14.127487182617188
2010-10-08,800,14.699999809265137,14.0,14.699999809265137,13.930000305175781,13.850476264953613
2010-10-07,500,14.0,14.350000381469727,14.5600004196167,14.0,14.196739196777344
2010-10-06,600,14.069999694824219,14.069999694824219,14.420000076293945,14.069999694824219,13.91972827911377
2010-10-05,400,14.279999732971191,14.140000343322754,14.90999984741211,14.069999694824219,13.988982200622559
2010-10-04,100,14.350000381469727,14.210000038146973,14.350000381469727,14.140000343322754,14.058234214782715
2010-10-01,100,14.630000114440918,14.630000114440918,14.770000457763672,14.630000114440918,14.473749160766602
2010-09-30,1400,14.90999984741211,15.050000190734863,15.050000190734863,14.5600004196167,14.889263153076172
2010-09-29,500,14.84000015258789,14.699999809265137,14.979999542236328,14.350000381469727,14.543000221252441
2010-09-28,2200,14.279999732971191,14.0,15.050000190734863,14.0,13.850476264953613
2010-09-27,500,15.050000190734863,14.210000038146973,15.050000190734863,14.210000038146973,14.058234214782715
2010-09-24,200,15.050000190734863,15.1899995803833,15.260000228881836,14.699999809265137,15.027767181396484
2010-09-23,1700,14.699999809265137,14.84000015258789,15.050000190734863,14.210000038146973,14.68150520324707
2010-09-22,100,14.420000076293945,14.630000114440918,14.84000015258789,14.210000038146973,14.473749160766602
2010-09-21,1700,14.210000038146973,14.630000114440918,14.630000114440918,14.210000038146973,14.473749160766602
2010-09-20,400,14.210000038146973,14.210000038146973,14.699999809265137,14.210000038146973,14.058234214782715
2010-09-17,2100,14.5600004196167,14.069999694824219,14.979999542236328,14.069999694824219,13.91972827911377
2010-09-16,300,14.420000076293945,14.699999809265137,14.84000015258789,14.350000381469727,14.543000221252441
2010-09-15,100,14.979999542236328,14.770000457763672,14.979999542236328,14.630000114440918,14.612253189086914
2010-09-14,1000,14.279999732971191,14.489999771118164,14.979999542236328,14.279999732971191,14.335243225097656
2010-09-13,2400,14.5600004196167,15.050000190734863,15.050000190734863,14.489999771118164,14.889263153076172
2010-09-10,900,14.699999809265137,14.699999809265137,15.050000190734863,14.489999771118164,14.543000221252441
2010-09-09,500,14.489999771118164,14.489999771118164,14.630000114440918,14.489999771118164,14.335243225097656
2010-09-08,300,14.140000343322754,14.489999771118164,15.260000228881836,14.140000343322754,14.335243225097656
2010-09-07,0,14.420000076293945,14.420000076293945,14.420000076293945,14.140000343322754,14.2659912109375
2010-09-03,500,14.350000381469727,14.420000076293945,15.050000190734863,14.210000038146973,14.2659912109375
2010-09-02,0,14.699999809265137,15.399999618530273,15.399999618530273,14.699999809265137,15.23552417755127
2010-09-01,1400,14.069999694824219,14.279999732971191,14.90999984741211,14.069999694824219,14.127487182617188
2010-08-31,1800,14.420000076293945,14.0,14.770000457763672,14.0,13.850476264953613
2010-08-30,3400,14.140000343322754,14.0,14.699999809265137,14.0,13.850476264953613
2010-08-27,500,14.350000381469727,14.350000381469727,14.489999771118164,14.069999694824219,14.196739196777344
2010-08-26,1600,14.210000038146973,14.210000038146973,14.350000381469727,14.0,14.058234214782715
2010-08-25,2000,14.350000381469727,14.350000381469727,14.979999542236328,14.0,14.196739196777344
2010-08-24,800,14.420000076293945,14.420000076293945,14.84000015258789,14.0,14.2659912109375
2010-08-23,0,14.279999732971191,14.5600004196167,15.260000228881836,14.210000038146973,14.404495239257812
2010-08-20,900,15.399999618530273,14.210000038146973,15.609999656677246,14.069999694824219,14.058234214782715
2010-08-19,1700,14.350000381469727,14.279999732971191,14.699999809265137,14.0,14.127487182617188
2010-08-18,0,14.5600004196167,15.119999885559082,15.119999885559082,14.5600004196167,14.958515167236328
2010-08-17,1200,14.069999694824219,15.260000228881836,15.75,14.0,15.09701919555664
2010-08-16,1800,14.5600004196167,14.069999694824219,14.84000015258789,14.0,13.91972827911377
2010-08-13,200,15.329999923706055,14.5600004196167,15.329999923706055,14.5600004196167,14.404495239257812
2010-08-12,400,14.84000015258789,15.680000305175781,15.680000305175781,14.630000114440918,15.512534141540527
2010-08-11,700,14.630000114440918,14.770000457763672,16.239999771118164,14.630000114440918,14.612253189086914
2010-08-10,200,15.260000228881836,16.239999771118164,16.450000762939453,15.260000228881836,16.066551208496094
2010-08-09,2800,15.119999885559082,16.030000686645508,16.450000762939453,14.069999694824219,15.858797073364258
2010-08-06,400,15.050000190734863,15.680000305175781,16.520000457763672,14.84000015258789,15.512534141540527
2010-08-05,1000,14.699999809265137,14.770000457763672,14.770000457763672,14.699999809265137,14.612253189086914
2010-08-04,100,15.119999885559082,14.699999809265137,15.119999885559082,14.699999809265137,14.543000221252441
2010-08-03,0,15.539999961853027,15.539999961853027,15.539999961853027,15.539999961853027,15.374028205871582
2010-08-02,600,15.260000228881836,15.329999923706055,16.520000457763672,14.770000457763672,15.166272163391113
2010-07-30,400,15.119999885559082,16.239999771118164,16.239999771118164,15.050000190734863,16.066551208496094
2010-07-29,1100,16.520000457763672,15.119999885559082,16.520000457763672,15.050000190734863,14.958515167236328
2010-07-28,1000,15.399999618530273,15.399999618530273,16.239999771118164,15.399999618530273,15.23552417755127
2010-07-27,1400,15.75,15.050000190734863,16.3799991607666,14.699999809265137,14.889263153076172
2010-07-26,500,16.030000686645508,16.100000381469727,16.799999237060547,16.030000686645508,15.928048133850098
2010-07-23,0,15.890000343322754,15.890000343322754,15.890000343322754,15.890000343322754,15.720292091369629
2010-07-22,400,15.119999885559082,15.890000343322754,16.8700008392334,15.119999885559082,15.720292091369629
2010-07-21,600,15.609999656677246,15.050000190734863,16.100000381469727,15.050000190734863,14.889263153076172
2010-07-20,200,14.979999542236328,16.520000457763672,17.010000228881836,14.979999542236328,16.34356117248535
2010-07-19,1800,15.470000267028809,16.239999771118164,17.010000228881836,14.140000343322754,16.066551208496094
2010-07-16,800,15.399999618530273,15.050000190734863,16.520000457763672,15.050000190734863,14.889263153076172
2010-07-15,900,15.539999961853027,15.470000267028809,15.75,14.350000381469727,15.304776191711426
2010-07-14,1100,16.100000381469727,16.450000762939453,16.450000762939453,15.539999961853027,16.274311065673828
2010-07-13,300,16.170000076293945,16.520000457763672,16.940000534057617,16.100000381469727,16.34356117248535
2010-07-12,300,16.309999465942383,16.170000076293945,17.010000228881836,16.100000381469727,15.997299194335938
2010-07-09,300,16.59000015258789,16.59000015258789,17.010000228881836,16.100000381469727,16.412813186645508
2010-07-08,900,16.100000381469727,16.450000762939453,16.450000762939453,16.100000381469727,16.274311065673828
2010-07-07,900,16.170000076293945,16.59000015258789,16.65999984741211,16.100000381469727,16.412813186645508
2010-07-06,400,15.819999694824219,16.239999771118164,16.729999542236328,15.539999961853027,16.066551208496094
2010-07-02,300,15.75,16.100000381469727,16.239999771118164,15.75,15.928048133850098
2010-07-01,0,16.729999542236328,15.960000038146973,16.799999237060547,15.960000038146973,15.789543151855469
2010-06-30,200,16.59000015258789,16.940000534057617,17.010000228881836,16.520000457763672,16.759077072143555
2010-06-29,800,15.75,16.100000381469727,16.239999771118164,15.75,15.928048133850098
2010-06-28,1200,17.360000610351562,16.100000381469727,17.360000610351562,15.75,15.928048133850098
2010-06-25,900,16.170000076293945,17.360000610351562,17.360000610351562,16.100000381469727,17.174591064453125
2010-06-24,1900,16.799999237060547,16.450000762939453,17.149999618530273,16.100000381469727,16.274311065673828
2010-06-23,1200,19.25,16.799999237060547,19.25,16.450000762939453,16.62057113647461
2010-06-22,1300,17.989999771118164,20.299999237060547,20.299999237060547,16.8700008392334,20.083192825317383
2010-06-21,2300,16.309999465942383,17.56999969482422,19.040000915527344,16.170000076293945,17.382347106933594
2010-06-18,200,16.520000457763672,16.8700008392334,16.8700008392334,16.520000457763672,16.6898250579834
2010-06-17,400,16.799999237060547,16.65999984741211,16.799999237060547,16.450000762939453,16.482067108154297
2010-06-16,500,16.450000762939453,16.450000762939453,16.799999237060547,16.450000762939453,16.274311065673828
2010-06-15,400,16.520000457763672,16.799999237060547,16.799999237060547,16.100000381469727,16.62057113647461
2010-06-14,1300,16.309999465942383,16.450000762939453,16.450000762939453,16.100000381469727,16.274311065673828
2010-06-11,800,16.239999771118164,16.100000381469727,16.450000762939453,16.100000381469727,15.928048133850098
2010-06-10,400,16.100000381469727,16.3799991607666,16.450000762939453,16.100000381469727,16.20505714416504
2010-06-09,1000,16.170000076293945,16.239999771118164,16.450000762939453,16.170000076293945,16.066551208496094
2010-06-08,1300,17.360000610351562,16.450000762939453,17.920000076293945,16.450000762939453,16.274311065673828
2010-06-07,800,17.079999923706055,16.59000015258789,17.079999923706055,16.100000381469727,16.412813186645508
2010-06-04,1700,16.940000534057617,16.65999984741211,17.219999313354492,16.100000381469727,16.482067108154297
2010-06-03,1300,16.8700008392334,16.65999984741211,17.709999084472656,16.100000381469727,16.482067108154297
2010-06-02,2500,17.639999389648438,16.59000015258789,17.780000686645508,15.960000038146973,16.412813186645508
2010-06-01,4900,18.899999618530273,17.360000610351562,18.899999618530273,17.360000610351562,17.174591064453125
2010-05-28,300,18.690000534057617,19.670000076293945,19.670000076293945,18.200000762939453,19.459917068481445
2010-05-27,200,18.690000534057617,18.270000457763672,19.31999969482422,18.270000457763672,18.074872970581055
2010-05-26,1500,19.25,18.690000534057617,19.25,18.200000762939453,18.490386962890625
2010-05-25,900,19.389999389648438,19.31999969482422,19.600000381469727,19.31999969482422,19.11365509033203
2010-05-24,200,19.600000381469727,19.530000686645508,19.600000381469727,19.530000686645508,19.3214111328125
2010-05-21,600,21.0,19.809999465942383,21.0,18.829999923706055,19.598424911499023
2010-05-20,1200,19.25,19.600000381469727,19.600000381469727,18.6200008392334,19.390666961669922
2010-05-19,1900,19.31999969482422,19.25,19.459999084472656,19.25,19.02461814880371
2010-05-18,200,20.229999542236328,19.31999969482422,20.229999542236328,19.31999969482422,19.093799591064453
2010-05-17,400,19.31999969482422,19.31999969482422,19.670000076293945,19.31999969482422,19.093799591064453
2010-05-14,400,19.31999969482422,19.31999969482422,20.15999984741211,19.31999969482422,19.093799591064453
2010-05-13,500,19.530000686645508,19.809999465942383,20.510000228881836,19.389999389648438,19.578062057495117
2010-05-12,400,19.25,20.020000457763672,20.020000457763672,19.25,19.78560447692871
2010-05-11,1200,19.530000686645508,19.600000381469727,20.860000610351562,19.25,19.370525360107422
2010-05-10,1600,20.93000030517578,19.600000381469727,20.93000030517578,19.25,19.370525360107422
2010-05-07,2300,19.739999771118164,19.31999969482422,20.860000610351562,19.25,19.093799591064453
2010-05-06,1600,19.8799991607666,20.440000534057617,20.440000534057617,19.18000030517578,20.200687408447266
2010-05-05,300,20.229999542236328,19.950000762939453,20.229999542236328,19.950000762939453,19.7164249420166
2010-05-04,1100,20.790000915527344,21.0,21.0,19.809999465942383,20.754127502441406
2010-05-03,6100,19.739999771118164,21.0,21.700000762939453,19.739999771118164,20.754127502441406
2010-04-30,1000,20.299999237060547,20.299999237060547,20.719999313354492,20.299999237060547,20.06232261657715
2010-04-29,600,20.299999237060547,20.299999237060547,20.299999237060547,20.299999237060547,20.06232261657715
2010-04-28,1100,20.719999313354492,20.93000030517578,20.93000030517578,19.809999465942383,20.684947967529297
2010-04-27,100,19.739999771118164,19.739999771118164,19.950000762939453,19.739999771118164,19.508882522583008
2010-04-26,4700,20.860000610351562,20.09000015258789,21.350000381469727,19.459999084472656,19.85478401184082
2010-04-23,100,20.510000228881836,20.510000228881836,20.510000228881836,20.440000534057617,20.269868850708008
2010-04-22,1000,20.510000228881836,20.790000915527344,21.0,19.950000762939453,20.546586990356445
2010-04-21,2000,20.299999237060547,20.790000915527344,20.790000915527344,19.809999465942383,20.546586990356445
2010-04-20,800,20.020000457763672,20.299999237060547,20.719999313354492,20.020000457763672,20.06232261657715
2010-04-19,600,20.020000457763672,20.020000457763672,20.790000915527344,20.020000457763672,19.78560447692871
2010-04-16,2100,19.739999771118164,20.020000457763672,20.93000030517578,19.25,19.78560447692871
2010-04-15,1000,19.600000381469727,20.790000915527344,20.790000915527344,19.600000381469727,20.546586990356445
2010-04-14,1700,19.950000762939453,19.809999465942383,20.93000030517578,19.809999465942383,19.578062057495117
2010-04-13,400,20.229999542236328,19.8799991607666,20.229999542236328,19.670000076293945,19.647241592407227
2010-04-12,2000,19.8799991607666,19.950000762939453,20.3700008392334,19.600000381469727,19.7164249420166
2010-04-09,3700,20.299999237060547,20.09000015258789,21.0,19.31999969482422,19.85478401184082
2010-04-08,1700,21.0,20.15999984741211,21.0,20.15999984741211,19.92396354675293
2010-04-07,200,21.0,20.790000915527344,21.0,20.790000915527344,20.546586990356445
2010-04-06,300,21.280000686645508,20.510000228881836,21.350000381469727,20.3700008392334,20.269868850708008
2010-04-05,1100,21.0,21.280000686645508,21.280000686645508,20.649999618530273,21.030851364135742
2010-04-01,600,20.299999237060547,20.93000030517578,21.0,20.299999237060547,20.684947967529297
2010-03-31,300,20.440000534057617,20.299999237060547,20.440000534057617,20.299999237060547,20.06232261657715
2010-03-30,0,20.510000228881836,20.440000534057617,20.510000228881836,20.440000534057617,20.200687408447266
2010-03-29,200,20.719999313354492,20.860000610351562,21.0,20.649999618530273,20.61577033996582
2010-03-26,100,21.0,21.0,21.0,21.0,20.754127502441406
2010-03-25,300,20.299999237060547,20.579999923706055,21.489999771118164,20.229999542236328,20.339048385620117
2010-03-24,10000,20.860000610351562,21.209999084472656,21.209999084472656,20.09000015258789,20.961671829223633
2010-03-23,300,20.860000610351562,20.93000030517578,21.6299991607666,20.860000610351562,20.684947967529297
2010-03-22,300,20.860000610351562,21.6299991607666,21.6299991607666,20.860000610351562,21.376752853393555
2010-03-19,700,20.860000610351562,21.6299991607666,21.6299991607666,20.860000610351562,21.376752853393555
2010-03-18,100,21.6299991607666,21.6299991607666,21.6299991607666,21.0,21.376752853393555
2010-03-17,100,21.0,21.139999389648438,21.139999389648438,20.93000030517578,20.892492294311523
2010-03-16,1300,20.860000610351562,21.700000762939453,21.979999542236328,20.440000534057617,21.445934295654297
2010-03-15,500,20.860000610351562,20.93000030517578,21.559999465942383,20.860000610351562,20.684947967529297
2010-03-12,0,20.93000030517578,20.93000030517578,20.93000030517578,20.93000030517578,20.684947967529297
2010-03-11,400,20.860000610351562,21.0,21.0,20.860000610351562,20.754127502441406
2010-03-10,300,20.860000610351562,21.06999969482422,21.700000762939453,20.860000610351562,20.82330894470215
2010-03-09,300,20.860000610351562,20.860000610351562,22.049999237060547,20.719999313354492,20.61577033996582
2010-03-08,800,21.700000762939453,21.0,21.700000762939453,20.860000610351562,20.754127502441406
2010-03-05,700,21.0,21.700000762939453,22.260000228881836,21.0,21.445934295654297
2010-03-04,300,20.93000030517578,20.790000915527344,21.700000762939453,20.719999313354492,20.546586990356445
2010-03-03,1100,21.0,21.6299991607666,22.75,20.93000030517578,21.376752853393555
2010-03-02,1400,21.0,21.06999969482422,21.209999084472656,20.93000030517578,20.82330894470215
2010-03-01,400,21.06999969482422,21.0,21.209999084472656,21.0,20.754127502441406
2010-02-26,0,21.209999084472656,21.209999084472656,21.209999084472656,21.209999084472656,20.961671829223633
2010-02-25,3100,21.6299991607666,21.209999084472656,21.770000457763672,21.0,20.961671829223633
2010-02-24,900,21.559999465942383,21.700000762939453,21.700000762939453,21.350000381469727,21.445934295654297
2010-02-23,500,23.030000686645508,22.329999923706055,23.030000686645508,21.559999465942383,22.06855583190918
2010-02-22,300,22.049999237060547,22.260000228881836,22.260000228881836,22.049999237060547,21.999378204345703
2010-02-19,100,22.610000610351562,21.84000015258789,22.610000610351562,21.84000015258789,21.584293365478516
2010-02-18,700,21.0,22.049999237060547,22.329999923706055,21.0,21.79183578491211
2010-02-17,300,21.700000762939453,21.420000076293945,22.329999923706055,21.209999084472656,21.169212341308594
2010-02-16,0,21.489999771118164,21.420000076293945,21.489999771118164,21.420000076293945,21.169212341308594
2010-02-12,300,22.049999237060547,22.68000030517578,23.030000686645508,21.420000076293945,22.414459228515625
2010-02-11,1800,21.6299991607666,22.75,23.100000381469727,21.6299991607666,22.483640670776367
2010-02-10,100,21.209999084472656,21.350000381469727,21.350000381469727,21.0,21.100034713745117
2010-02-09,0,22.329999923706055,22.329999923706055,22.329999923706055,22.329999923706055,22.06855583190918
2010-02-08,400,22.049999237060547,21.84000015258789,22.049999237060547,21.6299991607666,21.584293365478516
2010-02-05,300,22.1200008392334,22.049999237060547,22.1200008392334,21.350000381469727,21.79183578491211
2010-02-04,1300,22.81999969482422,21.979999542236328,22.81999969482422,21.139999389648438,21.722654342651367
2010-02-03,100,21.420000076293945,21.139999389648438,21.420000076293945,21.139999389648438,20.892492294311523
2010-02-02,200,22.260000228881836,20.649999618530273,22.260000228881836,20.440000534057617,20.408227920532227
2010-02-01,500,20.510000228881836,21.06999969482422,21.06999969482422,20.510000228881836,20.82330894470215
2010-01-29,500,21.280000686645508,21.0,21.280000686645508,20.579999923706055,20.754127502441406
2010-01-28,100,21.0,21.06999969482422,21.06999969482422,20.649999618530273,20.82330894470215
2010-01-27,200,20.790000915527344,20.790000915527344,21.0,20.649999618530273,20.546586990356445
2010-01-26,400,20.790000915527344,20.860000610351562,21.209999084472656,20.649999618530273,20.61577033996582
2010-01-25,1700,21.559999465942383,21.139999389648438,21.90999984741211,20.649999618530273,20.892492294311523
2010-01-22,200,21.350000381469727,21.559999465942383,22.889999389648438,21.209999084472656,21.307573318481445
2010-01-21,400,21.420000076293945,21.420000076293945,21.559999465942383,21.139999389648438,21.169212341308594
2010-01-20,200,21.350000381469727,21.559999465942383,21.979999542236328,21.350000381469727,21.307573318481445
2010-01-19,600,22.1200008392334,21.559999465942383,22.1200008392334,21.559999465942383,21.307573318481445
2010-01-15,1700,21.770000457763672,22.68000030517578,23.450000762939453,21.770000457763672,22.414459228515625
2010-01-14,500,21.90999984741211,21.6299991607666,22.260000228881836,21.559999465942383,21.376752853393555
2010-01-13,300,21.90999984741211,22.399999618530273,22.540000915527344,21.770000457763672,22.137739181518555
2010-01-12,2400,21.700000762939453,22.1200008392334,23.450000762939453,21.559999465942383,21.86101531982422
2010-01-11,1400,22.959999084472656,22.68000030517578,23.239999771118164,21.6299991607666,22.414459228515625
2010-01-08,600,22.190000534057617,24.360000610351562,24.360000610351562,21.559999465942383,24.074792861938477
2010-01-07,100,22.260000228881836,22.540000915527344,22.540000915527344,22.260000228881836,22.276098251342773
2010-01-06,700,22.81999969482422,22.260000228881836,23.030000686645508,22.190000534057617,21.999378204345703
2010-01-05,0,22.959999084472656,22.959999084472656,22.959999084472656,22.959999084472656,22.691181182861328
2010-01-04,2200,22.1200008392334,22.959999084472656,23.309999465942383,21.770000457763672,22.691181182861328
2009-12-31,2600,22.540000915527344,22.959999084472656,22.959999084472656,21.420000076293945,22.691181182861328
2009-12-30,4500,24.079999923706055,23.100000381469727,24.709999084472656,22.540000915527344,22.829544067382812
2009-12-29,1600,24.290000915527344,24.5,24.639999389648438,24.149999618530273,24.213151931762695
2009-12-28,2000,24.5,24.5,24.850000381469727,24.290000915527344,24.213151931762695
2009-12-24,3400,23.450000762939453,24.290000915527344,24.780000686645508,23.450000762939453,24.005611419677734
2009-12-23,600,21.350000381469727,23.3799991607666,23.3799991607666,21.350000381469727,23.10626220703125
2009-12-22,1500,21.350000381469727,21.6299991607666,21.90999984741211,21.350000381469727,21.376752853393555
2009-12-21,400,21.209999084472656,21.6299991607666,22.75,21.209999084472656,21.376752853393555
2009-12-18,1900,21.90999984741211,21.489999771118164,22.1200008392334,21.209999084472656,21.238393783569336
2009-12-17,2800,22.540000915527344,21.700000762939453,23.100000381469727,21.700000762939453,21.445934295654297
2009-12-16,100,22.540000915527344,22.889999389648438,23.030000686645508,22.540000915527344,22.621999740600586
2009-12-15,100,22.75,22.889999389648438,23.450000762939453,22.610000610351562,22.621999740600586
2009-12-14,800,22.959999084472656,23.170000076293945,23.309999465942383,22.81999969482422,22.89872169494629
2009-12-11,700,22.610000610351562,24.149999618530273,24.219999313354492,22.610000610351562,23.867246627807617
2009-12-10,100,25.270000457763672,24.780000686645508,25.34000015258789,24.780000686645508,24.489871978759766
2009-12-09,200,24.780000686645508,24.360000610351562,24.780000686645508,24.149999618530273,24.074792861938477
2009-12-08,1100,25.34000015258789,24.989999771118164,25.690000534057617,23.940000534057617,24.697412490844727
2009-12-07,4400,25.34000015258789,25.270000457763672,25.899999618530273,24.850000381469727,24.974136352539062
2009-12-04,2100,24.360000610351562,25.270000457763672,26.110000610351562,24.360000610351562,24.974136352539062
2009-12-03,1600,22.329999923706055,24.43000030517578,24.920000076293945,21.770000457763672,24.143970489501953
2009-12-02,1600,22.68000030517578,22.329999923706055,22.68000030517578,21.770000457763672,22.06855583190918
2009-12-01,1200,23.309999465942383,22.68000030517578,25.34000015258789,22.329999923706055,22.414459228515625
2009-11-30,1900,25.829999923706055,24.920000076293945,25.829999923706055,23.940000534057617,24.62823486328125
2009-11-27,2900,22.68000030517578,25.760000228881836,26.25,22.68000030517578,25.458398818969727
2009-11-25,8700,22.049999237060547,24.43000030517578,25.1299991607666,21.6299991607666,24.143970489501953
2009-11-24,2600,21.350000381469727,22.75,22.81999969482422,21.350000381469727,22.483640670776367
2009-11-23,600,23.030000686645508,21.139999389648438,23.450000762939453,21.139999389648438,20.892492294311523
2009-11-20,500,22.399999618530273,22.399999618530273,22.399999618530273,21.979999542236328,22.137739181518555
2009-11-19,1000,23.100000381469727,22.399999618530273,23.100000381469727,21.700000762939453,22.137739181518555
2009-11-18,1300,22.190000534057617,22.610000610351562,22.610000610351562,21.700000762939453,22.34528160095215
2009-11-17,1300,23.100000381469727,21.84000015258789,23.59000015258789,21.700000762939453,21.584293365478516
2009-11-16,3000,23.239999771118164,23.309999465942383,24.010000228881836,22.049999237060547,23.037084579467773
2009-11-13,500,21.559999465942383,22.959999084472656,22.959999084472656,21.139999389648438,22.691181182861328
2009-11-12,700,21.6299991607666,22.049999237060547,22.75,21.6299991607666,21.79183578491211
2009-11-11,3000,21.209999084472656,21.489999771118164,21.6299991607666,21.06999969482422,21.238393783569336
2009-11-10,700,21.559999465942383,22.75,22.75,21.489999771118164,22.483640670776367
2009-11-09,1000,23.3799991607666,22.75,23.450000762939453,20.860000610351562,22.483640670776367
2009-11-06,700,21.979999542236328,21.6299991607666,23.100000381469727,21.280000686645508,21.376752853393555
2009-11-05,1100,20.860000610351562,22.049999237060547,22.329999923706055,20.860000610351562,21.79183578491211
2009-11-04,700,20.790000915527344,21.559999465942383,21.559999465942383,20.790000915527344,21.287805557250977
2009-11-03,1000,21.770000457763672,20.790000915527344,21.90999984741211,20.790000915527344,20.527528762817383
2009-11-02,600,21.90999984741211,22.329999923706055,22.329999923706055,21.700000762939453,22.048084259033203
2009-10-30,200,21.84000015258789,22.049999237060547,22.049999237060547,21.84000015258789,21.771621704101562
2009-10-29,0,21.84000015258789,21.84000015258789,21.84000015258789,21.84000015258789,21.56427001953125
2009-10-28,200,22.68000030517578,22.1200008392334,23.239999771118164,22.1200008392334,21.84073829650879
2009-10-27,1100,22.190000534057617,22.049999237060547,22.190000534057617,21.84000015258789,21.771621704101562
2009-10-26,1100,22.75,21.84000015258789,22.75,21.84000015258789,21.56427001953125
2009-10-23,1100,23.100000381469727,22.889999389648438,23.100000381469727,22.75,22.601015090942383
2009-10-22,300,22.75,23.450000762939453,24.149999618530273,22.75,23.153945922851562
2009-10-21,1000,23.100000381469727,22.959999084472656,23.520000457763672,22.75,22.670133590698242
2009-10-20,400,22.75,23.450000762939453,23.65999984741211,22.75,23.153945922851562
2009-10-19,600,23.450000762939453,22.75,23.450000762939453,22.75,22.462785720825195
2009-10-16,400,23.59000015258789,23.8700008392334,23.8700008392334,23.450000762939453,23.568645477294922
2009-10-15,700,24.290000915527344,23.940000534057617,24.5,23.170000076293945,23.63776206970215
2009-10-14,600,23.799999237060547,22.399999618530273,24.639999389648438,22.260000228881836,22.11720085144043
2009-10-13,500,22.540000915527344,22.610000610351562,23.3799991607666,22.540000915527344,22.324552536010742
2009-10-12,200,21.700000762939453,22.049999237060547,22.049999237060547,21.700000762939453,21.771621704101562
2009-10-09,600,21.700000762939453,21.84000015258789,21.84000015258789,21.6299991607666,21.56427001953125
2009-10-08,900,21.209999084472656,21.559999465942383,21.700000762939453,21.139999389648438,21.287805557250977
2009-10-07,300,22.959999084472656,22.540000915527344,23.030000686645508,22.540000915527344,22.255435943603516
2009-10-06,700,21.700000762939453,21.06999969482422,21.84000015258789,21.06999969482422,20.803993225097656
2009-10-05,900,22.399999618530273,21.700000762939453,22.68000030517578,21.489999771118164,21.426040649414062
2009-10-02,1700,24.149999618530273,22.049999237060547,24.149999618530273,22.049999237060547,21.771621704101562
2009-10-01,100,24.079999923706055,23.940000534057617,24.079999923706055,23.940000534057617,23.63776206970215
2009-09-30,6800,23.309999465942383,23.3799991607666,25.200000762939453,23.309999465942383,23.084827423095703
2009-09-29,2000,24.5,23.59000015258789,25.059999465942383,23.170000076293945,23.292179107666016
2009-09-28,300,24.290000915527344,24.5,25.200000762939453,24.290000915527344,24.190690994262695
2009-09-25,100,24.850000381469727,24.290000915527344,24.850000381469727,24.290000915527344,23.98334312438965
2009-09-24,1400,26.110000610351562,24.850000381469727,26.110000610351562,24.290000915527344,24.536273956298828
2009-09-23,400,25.40999984741211,25.549999237060547,25.829999923706055,24.149999618530273,25.227432250976562
2009-09-22,100,26.18000030517578,23.729999542236328,26.18000030517578,23.729999542236328,23.430408477783203
2009-09-21,1300,23.59000015258789,23.799999237060547,24.43000030517578,23.100000381469727,23.499526977539062
2009-09-18,3000,24.920000076293945,23.239999771118164,24.920000076293945,23.239999771118164,22.946598052978516
2009-09-17,8200,26.600000381469727,24.5,26.600000381469727,23.520000457763672,24.190690994262695
2009-09-16,5800,26.25,27.649999618530273,27.649999618530273,26.25,27.300920486450195
2009-09-15,6300,24.56999969482422,26.25,26.31999969482422,23.65999984741211,25.918598175048828
2009-09-14,300,24.010000228881836,24.56999969482422,24.56999969482422,24.010000228881836,24.259807586669922
2009-09-11,1400,24.780000686645508,24.43000030517578,25.270000457763672,23.940000534057617,24.121572494506836
2009-09-10,300,25.270000457763672,25.549999237060547,25.549999237060547,25.059999465942383,25.227432250976562
2009-09-09,0,25.969999313354492,25.690000534057617,26.040000915527344,25.690000534057617,25.365665435791016
2009-09-08,7000,25.690000534057617,24.920000076293945,27.299999237060547,24.219999313354492,24.60538673400879
2009-09-04,6000,25.479999542236328,24.56999969482422,27.020000457763672,23.8700008392334,24.259807586669922
2009-09-03,5900,25.899999618530273,24.639999389648438,27.579999923706055,23.450000762939453,24.32892417907715
2009-09-02,4600,25.200000762939453,24.709999084472656,27.579999923706055,24.079999923706055,24.398040771484375
2009-09-01,300,24.920000076293945,26.18000030517578,27.440000534057617,24.920000076293945,25.84947967529297
2009-08-31,5500,27.649999618530273,26.950000762939453,27.649999618530273,26.25,26.60976219177246
2009-08-28,5900,27.649999618530273,27.15999984741211,27.649999618530273,26.31999969482422,26.817110061645508
2009-08-27,7000,27.020000457763672,27.299999237060547,28.84000015258789,23.170000076293945,26.955339431762695
2009-08-26,7600,24.360000610351562,26.670000076293945,26.8799991607666,23.450000762939453,26.33329200744629
2009-08-25,5200,22.81999969482422,23.65999984741211,24.149999618530273,22.540000915527344,23.361297607421875
2009-08-24,2800,23.170000076293945,23.450000762939453,23.450000762939453,22.75,23.153945922851562
2009-08-21,4700,23.170000076293945,23.030000686645508,23.520000457763672,22.610000610351562,22.739248275756836
2009-08-20,2500,24.149999618530273,23.309999465942383,24.149999618530273,22.540000915527344,23.015714645385742
2009-08-19,600,25.760000228881836,23.309999465942383,26.25,23.100000381469727,23.015714645385742
2009-08-18,0,23.799999237060547,23.799999237060547,23.799999237060547,23.799999237060547,23.499526977539062
2009-08-17,400,22.540000915527344,23.799999237060547,25.829999923706055,22.540000915527344,23.499526977539062
2009-08-14,300,24.5,23.59000015258789,24.5,23.100000381469727,23.292179107666016
2009-08-13,2200,24.5,25.200000762939453,26.110000610351562,24.5,24.881853103637695
2009-08-12,4800,24.920000076293945,24.010000228881836,25.6200008392334,22.1200008392334,23.706878662109375
2009-08-11,6100,25.6200008392334,23.170000076293945,26.31999969482422,22.75,22.877479553222656
2009-08-10,6000,24.56999969482422,25.969999313354492,26.18000030517578,24.360000610351562,25.642131805419922
2009-08-07,12600,22.260000228881836,26.110000610351562,27.790000915527344,22.260000228881836,25.780363082885742
2009-08-06,6700,20.860000610351562,22.329999923706055,22.399999618530273,20.719999313354492,22.048084259033203
2009-08-05,6500,22.190000534057617,21.6299991607666,23.450000762939453,21.0,21.35692596435547
2009-08-04,100,22.540000915527344,21.84000015258789,23.940000534057617,21.139999389648438,21.56427001953125
2009-08-03,1100,22.540000915527344,22.75,22.75,20.719999313354492,22.462785720825195
2009-07-31,4600,21.0,22.399999618530273,22.610000610351562,21.0,22.11720085144043
2009-07-30,1300,21.489999771118164,20.649999618530273,21.6299991607666,20.649999618530273,20.389297485351562
2009-07-29,400,21.489999771118164,21.84000015258789,22.049999237060547,21.489999771118164,21.56427001953125
2009-07-28,1900,22.540000915527344,21.84000015258789,23.450000762939453,21.489999771118164,21.56427001953125
2009-07-27,100,22.75,22.68000030517578,22.75,22.049999237060547,22.393665313720703
2009-07-24,700,22.260000228881836,23.8700008392334,25.270000457763672,22.260000228881836,23.568645477294922
2009-07-23,4600,19.950000762939453,21.559999465942383,27.020000457763672,19.950000762939453,21.287805557250977
2009-07-22,1700,20.719999313354492,20.719999313354492,22.540000915527344,19.950000762939453,20.458410263061523
2009-07-21,1800,23.100000381469727,20.719999313354492,23.100000381469727,20.719999313354492,20.458410263061523
2009-07-20,100,22.75,23.100000381469727,23.100000381469727,22.75,22.808366775512695
2009-07-17,1500,22.260000228881836,22.81999969482422,23.3799991607666,21.6299991607666,22.531904220581055
2009-07-16,3000,22.190000534057617,22.75,26.31999969482422,22.190000534057617,22.462785720825195
2009-07-15,800,23.729999542236328,20.649999618530273,23.729999542236328,20.649999618530273,20.389297485351562
2009-07-14,100,22.260000228881836,21.6299991607666,22.260000228881836,21.6299991607666,21.35692596435547
2009-07-13,800,22.75,22.049999237060547,22.75,21.06999969482422,21.771621704101562
2009-07-10,200,22.75,22.610000610351562,22.75,22.049999237060547,22.324552536010742
2009-07-09,200,22.399999618530273,21.770000457763672,24.079999923706055,21.700000762939453,21.495155334472656
2009-07-08,200,21.06999969482422,20.719999313354492,21.06999969482422,20.020000457763672,20.458410263061523
2009-07-07,200,22.469999313354492,22.1200008392334,22.469999313354492,22.1200008392334,21.84073829650879
2009-07-06,400,23.450000762939453,22.469999313354492,23.59000015258789,22.469999313354492,22.186317443847656
2009-07-02,1000,24.920000076293945,23.8700008392334,26.18000030517578,23.450000762939453,23.568645477294922
2009-07-01,100,23.940000534057617,24.920000076293945,24.920000076293945,23.799999237060547,24.60538673400879
2009-06-30,200,24.079999923706055,23.940000534057617,24.780000686645508,23.940000534057617,23.63776206970215
2009-06-29,1000,24.149999618530273,24.010000228881836,24.149999618530273,23.59000015258789,23.706878662109375
2009-06-26,100,23.450000762939453,24.149999618530273,24.149999618530273,23.450000762939453,23.845108032226562
2009-06-25,100,24.149999618530273,24.079999923706055,24.149999618530273,23.450000762939453,23.77599334716797
2009-06-24,600,24.079999923706055,23.940000534057617,24.5,23.940000534057617,23.63776206970215
2009-06-23,900,27.020000457763672,24.5,27.510000228881836,24.5,24.190690994262695
2009-06-22,600,26.950000762939453,27.860000610351562,27.860000610351562,26.950000762939453,27.508272171020508
2009-06-19,1200,28.06999969482422,26.600000381469727,28.280000686645508,26.600000381469727,26.26418113708496
2009-06-18,600,29.260000228881836,28.209999084472656,29.75,28.209999084472656,27.853853225708008
2009-06-17,1800,31.290000915527344,27.860000610351562,31.290000915527344,27.860000610351562,27.508272171020508
2009-06-16,2000,28.06999969482422,28.700000762939453,30.799999237060547,28.0,28.337665557861328
2009-06-15,2500,29.610000610351562,28.06999969482422,33.599998474121094,26.670000076293945,27.715620040893555
2009-06-12,1000,29.049999237060547,29.1200008392334,30.799999237060547,27.09000015258789,28.752363204956055
2009-06-11,700,28.559999465942383,28.84000015258789,28.84000015258789,27.440000534057617,28.47589874267578
2009-06-10,200,26.389999389648438,26.809999465942383,27.510000228881836,26.389999389648438,26.471525192260742
2009-06-09,800,26.25,26.739999771118164,26.739999771118164,26.18000030517578,26.40241050720215
2009-06-08,300,25.760000228881836,25.829999923706055,26.25,25.760000228881836,25.5039005279541
2009-06-05,900,26.739999771118164,25.6200008392334,26.950000762939453,25.479999542236328,25.29654884338379
2009-06-04,1000,25.1299991607666,26.8799991607666,28.700000762939453,25.1299991607666,26.540639877319336
2009-06-03,500,24.780000686645508,24.989999771118164,25.549999237060547,24.709999084472656,24.674501419067383
2009-06-02,0,24.079999923706055,24.079999923706055,24.079999923706055,24.079999923706055,23.77599334716797
2009-06-01,400,24.56999969482422,24.43000030517578,24.639999389648438,23.729999542236328,24.121572494506836
2009-05-29,1200,25.200000762939453,23.799999237060547,25.829999923706055,23.799999237060547,23.499526977539062
2009-05-28,400,25.1299991607666,24.920000076293945,25.200000762939453,23.59000015258789,24.556018829345703
2009-05-27,800,24.639999389648438,24.850000381469727,25.200000762939453,23.030000686645508,24.487043380737305
2009-05-26,700,24.219999313354492,22.959999084472656,24.709999084472656,22.959999084472656,22.624649047851562
2009-05-22,700,23.309999465942383,24.290000915527344,24.290000915527344,23.309999465942383,23.93522071838379
2009-05-21,900,24.219999313354492,23.799999237060547,24.43000030517578,23.65999984741211,23.452377319335938
2009-05-20,800,23.799999237060547,23.8700008392334,24.290000915527344,23.799999237060547,23.5213565826416
2009-05-19,900,23.520000457763672,24.149999618530273,24.290000915527344,23.520000457763672,23.797264099121094
2009-05-18,300,23.450000762939453,23.799999237060547,23.799999237060547,23.450000762939453,23.452377319335938
2009-05-15,600,23.239999771118164,23.940000534057617,23.940000534057617,23.239999771118164,23.590333938598633
2009-05-14,400,23.3799991607666,23.3799991607666,23.59000015258789,23.3799991607666,23.038509368896484
2009-05-13,800,22.81999969482422,23.59000015258789,23.59000015258789,22.81999969482422,23.24544334411621
2009-05-12,1300,23.3799991607666,23.170000076293945,23.799999237060547,22.610000610351562,22.831579208374023
2009-05-11,1600,23.309999465942383,23.309999465942383,23.59000015258789,22.889999389648438,22.96953582763672
2009-05-08,1400,21.280000686645508,22.469999313354492,22.75,21.0,22.141803741455078
2009-05-07,700,21.209999084472656,21.770000457763672,22.190000534057617,21.209999084472656,21.452028274536133
2009-05-06,1500,21.84000015258789,21.280000686645508,22.399999618530273,21.0,20.96918296813965
2009-05-05,600,22.399999618530273,22.469999313354492,22.469999313354492,21.0,22.141803741455078
2009-05-04,1800,23.170000076293945,21.6299991607666,23.3799991607666,21.0,21.31407356262207
2009-05-01,600,23.799999237060547,21.06999969482422,23.799999237060547,21.0,20.762250900268555
2009-04-30,1200,20.020000457763672,21.139999389648438,23.309999465942383,20.020000457763672,20.83123207092285
2009-04-29,400,21.350000381469727,22.049999237060547,23.3799991607666,19.670000076293945,21.72793960571289
2009-04-28,500,23.309999465942383,22.049999237060547,23.309999465942383,20.93000030517578,21.72793960571289
2009-04-27,700,23.729999542236328,23.729999542236328,23.729999542236328,23.030000686645508,23.38340187072754
2009-04-24,600,19.530000686645508,23.100000381469727,23.170000076293945,19.530000686645508,22.762601852416992
2009-04-23,2300,18.34000015258789,22.190000534057617,23.030000686645508,18.34000015258789,21.865896224975586
2009-04-22,4200,17.989999771118164,20.860000610351562,21.979999542236328,17.989999771118164,20.55531883239746
2009-04-21,300,17.850000381469727,17.920000076293945,17.920000076293945,17.219999313354492,17.658262252807617
2009-04-20,1400,16.309999465942383,17.290000915527344,17.989999771118164,16.309999465942383,17.037464141845703
2009-04-17,900,16.239999771118164,16.799999237060547,17.010000228881836,15.960000038146973,16.55461883544922
2009-04-16,1600,16.450000762939453,16.239999771118164,18.479999542236328,16.239999771118164,16.0028018951416
2009-04-15,2300,16.65999984741211,16.239999771118164,18.549999237060547,15.75,16.0028018951416
2009-04-14,4900,17.360000610351562,17.149999618530273,19.110000610351562,16.309999465942383,16.899507522583008
2009-04-13,7000,16.799999237060547,16.170000076293945,18.6200008392334,14.5600004196167,15.933819770812988
2009-04-09,4400,21.0,18.479999542236328,21.209999084472656,18.479999542236328,18.210081100463867
2009-04-08,2900,22.049999237060547,20.649999618530273,23.030000686645508,20.3700008392334,20.348386764526367
2009-04-07,2600,21.209999084472656,21.84000015258789,22.049999237060547,21.139999389648438,21.52100372314453
2009-04-06,1200,21.770000457763672,21.700000762939453,22.049999237060547,21.700000762939453,21.383052825927734
2009-04-03,6100,24.56999969482422,21.700000762939453,24.709999084472656,21.139999389648438,21.383052825927734
2009-04-02,1000,24.850000381469727,24.639999389648438,24.850000381469727,24.5,24.280109405517578
2009-04-01,900,24.850000381469727,24.850000381469727,24.920000076293945,24.5,24.487043380737305
2009-03-31,2600,24.5,24.43000030517578,25.479999542236328,23.799999237060547,24.07317543029785
2009-03-30,2300,25.479999542236328,24.709999084472656,25.690000534057617,24.5,24.349090576171875
2009-03-27,900,25.549999237060547,25.760000228881836,25.969999313354492,25.479999542236328,25.383750915527344
2009-03-26,1800,25.760000228881836,25.6200008392334,25.760000228881836,24.639999389648438,25.24579620361328
2009-03-25,1700,25.6200008392334,25.549999237060547,26.110000610351562,25.200000762939453,25.176816940307617
2009-03-24,1500,25.899999618530273,26.25,26.459999084472656,25.899999618530273,25.866592407226562
2009-03-23,1300,27.649999618530273,26.530000686645508,27.649999618530273,25.6200008392334,26.142507553100586
2009-03-20,700,28.0,27.510000228881836,28.0,27.020000457763672,27.10818862915039
2009-03-19,2000,27.719999313354492,27.510000228881836,28.06999969482422,27.020000457763672,27.10818862915039
2009-03-18,1000,27.510000228881836,27.09000015258789,27.510000228881836,26.040000915527344,26.694324493408203
2009-03-17,1300,28.280000686645508,27.649999618530273,28.420000076293945,27.649999618530273,27.246145248413086
2009-03-16,1900,28.0,28.700000762939453,28.700000762939453,28.0,28.280807495117188
2009-03-13,1200,28.209999084472656,28.559999465942383,28.770000457763672,28.0,28.142850875854492
2009-03-12,1700,28.350000381469727,28.700000762939453,29.540000915527344,28.350000381469727,28.280807495117188
2009-03-11,1600,28.350000381469727,28.700000762939453,28.700000762939453,27.93000030517578,28.280807495117188
2009-03-10,1000,28.350000381469727,28.280000686645508,28.489999771118164,27.790000915527344,27.866941452026367
2009-03-09,1500,28.770000457763672,28.700000762939453,28.770000457763672,27.790000915527344,28.280807495117188
2009-03-06,1400,29.68000030517578,28.90999984741211,30.450000762939453,27.020000457763672,28.487741470336914
2009-03-05,2400,31.290000915527344,29.75,31.290000915527344,28.06999969482422,29.315473556518555
2009-03-04,1200,30.799999237060547,31.5,31.850000381469727,30.799999237060547,31.039913177490234
2009-03-03,4100,32.20000076293945,31.219999313354492,32.900001525878906,30.65999984741211,30.763999938964844
2009-03-02,2300,31.149999618530273,32.7599983215332,32.83000183105469,30.65999984741211,32.28150939941406
2009-02-27,1700,31.56999969482422,33.25,34.15999984741211,31.56999969482422,32.76435852050781
2009-02-26,1100,33.25,33.459999084472656,34.09000015258789,31.989999771118164,32.97127914428711
2009-02-25,900,33.25,33.38999938964844,33.599998474121094,33.18000030517578,32.902305603027344
2009-02-24,3800,33.18000030517578,33.25,33.599998474121094,31.639999389648438,32.76435852050781
2009-02-23,1400,32.970001220703125,33.31999969482422,33.31999969482422,32.83000183105469,32.83333206176758
2009-02-20,1300,33.25,33.529998779296875,33.529998779296875,32.970001220703125,33.04026412963867
2009-02-19,300,33.31999969482422,33.529998779296875,34.22999954223633,33.31999969482422,33.04026412963867
2009-02-18,2100,33.25,33.459999084472656,35.0,32.689998626708984,32.97127914428711
2009-02-17,700,32.47999954223633,33.11000061035156,33.11000061035156,32.20000076293945,32.62638854980469
2009-02-13,500,34.15999984741211,33.25,34.15999984741211,33.040000915527344,32.76435852050781
2009-02-12,1900,33.25,34.720001220703125,34.93000030517578,33.25,34.21288299560547
2009-02-11,700,33.25,33.459999084472656,33.95000076293945,33.25,32.97127914428711
2009-02-10,700,33.25,33.95000076293945,33.95000076293945,33.25,33.454124450683594
2009-02-09,700,33.25,33.66999816894531,33.66999816894531,33.25,33.17822265625
2009-02-06,1100,33.31999969482422,32.970001220703125,33.529998779296875,32.060001373291016,32.48843765258789
2009-02-05,300,33.25,33.880001068115234,33.880001068115234,33.25,33.3851432800293
2009-02-04,1300,33.25,33.31999969482422,33.599998474121094,33.25,32.83333206176758
2009-02-03,1000,33.25,33.459999084472656,33.529998779296875,33.25,32.97127914428711
2009-02-02,500,33.25,33.25,33.38999938964844,33.040000915527344,32.76435852050781
2009-01-30,2400,30.59000015258789,33.25,33.459999084472656,30.59000015258789,32.76435852050781
2009-01-29,400,33.18000030517578,33.529998779296875,33.599998474121094,33.18000030517578,33.04026412963867
2009-01-28,1700,33.95000076293945,33.599998474121094,33.95000076293945,33.25,33.10923767089844
2009-01-27,800,33.040000915527344,33.459999084472656,33.599998474121094,33.040000915527344,32.97127914428711
2009-01-26,800,33.25,33.459999084472656,33.880001068115234,32.970001220703125,32.97127914428711
2009-01-23,2700,31.920000076293945,33.25,33.31999969482422,31.709999084472656,32.76435852050781
2009-01-22,1100,33.25,33.38999938964844,33.38999938964844,33.11000061035156,32.902305603027344
2009-01-21,500,33.25,33.31999969482422,33.599998474121094,33.25,32.83333206176758
2009-01-20,1700,32.060001373291016,33.25,34.22999954223633,32.060001373291016,32.76435852050781
2009-01-16,400,34.09000015258789,33.25,34.09000015258789,33.25,32.76435852050781
2009-01-15,1800,32.7599983215332,33.599998474121094,33.810001373291016,32.7599983215332,33.10923767089844
2009-01-14,1000,33.25,33.459999084472656,33.459999084472656,33.040000915527344,32.97127914428711
2009-01-13,400,33.25,33.25,33.810001373291016,33.25,32.76435852050781
2009-01-12,1200,33.25,33.31999969482422,33.529998779296875,33.18000030517578,32.83333206176758
2009-01-09,700,33.38999938964844,33.25,33.529998779296875,33.18000030517578,32.76435852050781
2009-01-08,1100,34.02000045776367,33.38999938964844,34.02000045776367,33.18000030517578,32.902305603027344
2009-01-07,1600,35.279998779296875,33.38999938964844,35.279998779296875,32.970001220703125,32.902305603027344
2009-01-06,1000,32.970001220703125,33.11000061035156,33.529998779296875,32.900001525878906,32.62638854980469
2009-01-05,4100,32.689998626708984,33.66999816894531,33.66999816894531,32.20000076293945,33.17822265625
2009-01-02,700,31.639999389648438,31.989999771118164,32.27000045776367,31.5,31.522756576538086
2008-12-31,1800,31.5,31.5,34.5099983215332,31.5,31.039913177490234
2008-12-30,400,34.02000045776367,32.7599983215332,34.22999954223633,32.619998931884766,32.28150939941406
2008-12-29,400,32.20000076293945,32.40999984741211,32.47999954223633,32.20000076293945,31.936620712280273
2008-12-26,300,32.20000076293945,32.20000076293945,32.20000076293945,32.20000076293945,31.72968864440918
2008-12-24,100,31.5,32.27000045776367,32.34000015258789,31.5,31.798667907714844
2008-12-23,1600,31.920000076293945,31.709999084472656,33.880001068115234,31.5,31.246843338012695
2008-12-22,300,32.7599983215332,32.7599983215332,32.7599983215332,32.54999923706055,32.28150939941406
2008-12-19,1800,33.880001068115234,32.40999984741211,35.0,32.40999984741211,31.936620712280273
2008-12-18,400,33.25,34.5099983215332,35.06999969482422,33.25,34.005943298339844
2008-12-17,2100,32.20000076293945,34.15999984741211,34.790000915527344,32.20000076293945,33.66106033325195
2008-12-16,1000,33.040000915527344,32.47999954223633,33.11000061035156,31.639999389648438,32.0056037902832
2008-12-15,300,32.54999923706055,33.040000915527344,33.040000915527344,32.54999923706055,32.55741882324219
2008-12-12,700,34.369998931884766,33.31999969482422,34.369998931884766,33.11000061035156,32.83333206176758
2008-12-11,0,35.0,35.0,35.0,35.0,34.48879623413086
2008-12-10,3800,33.529998779296875,35.06999969482422,38.0099983215332,32.54999923706055,34.557769775390625
2008-12-09,1000,33.11000061035156,32.689998626708984,34.02000045776367,32.689998626708984,32.2125244140625
2008-12-08,800,32.900001525878906,34.15999984741211,34.15999984741211,32.900001525878906,33.66106033325195
2008-12-05,600,33.31999969482422,34.15999984741211,34.720001220703125,33.31999969482422,33.66106033325195
2008-12-04,1700,34.790000915527344,32.900001525878906,34.790000915527344,32.20000076293945,32.41946792602539
2008-12-03,7300,36.470001220703125,34.369998931884766,37.2400016784668,32.20000076293945,33.86799240112305
2008-12-02,4100,33.599998474121094,38.0099983215332,39.900001525878906,33.529998779296875,37.4548225402832
2008-12-01,3700,38.709999084472656,35.279998779296875,38.849998474121094,34.439998626708984,34.76469802856445
2008-11-28,5500,34.86000061035156,35.279998779296875,40.880001068115234,32.20000076293945,34.76469802856445
2008-11-26,1700,33.95000076293945,34.29999923706055,34.29999923706055,31.850000381469727,33.799015045166016
2008-11-25,1400,31.920000076293945,33.529998779296875,33.529998779296875,29.889999389648438,33.04026412963867
2008-11-24,2500,32.130001068115234,31.5,33.11000061035156,29.75,31.039913177490234
2008-11-21,800,31.56999969482422,30.309999465942383,32.83000183105469,30.100000381469727,29.86729621887207
2008-11-20,1600,34.439998626708984,32.20000076293945,36.33000183105469,32.20000076293945,31.72968864440918
2008-11-19,500,34.369998931884766,34.5099983215332,36.540000915527344,34.369998931884766,34.005943298339844
2008-11-18,1700,35.0,35.0,35.0,34.22999954223633,34.48879623413086
2008-11-17,800,33.95000076293945,35.279998779296875,35.77000045776367,33.95000076293945,34.76469802856445
2008-11-14,3300,34.86000061035156,35.209999084472656,40.529998779296875,34.790000915527344,34.69572067260742
2008-11-13,4800,36.75,38.779998779296875,41.09000015258789,33.95000076293945,38.21358108520508
2008-11-12,4500,38.849998474121094,37.380001068115234,41.02000045776367,34.09000015258789,36.78476333618164
2008-11-11,1900,38.150001525878906,39.130001068115234,39.130001068115234,37.869998931884766,38.506893157958984
2008-11-10,3500,41.29999923706055,37.65999984741211,41.29999923706055,36.75,37.06029510498047
2008-11-07,3900,41.29999923706055,41.22999954223633,41.29999923706055,38.63999938964844,40.573455810546875
2008-11-06,2900,41.29999923706055,41.02000045776367,41.29999923706055,40.599998474121094,40.36680221557617
2008-11-05,1400,41.369998931884766,41.09000015258789,41.650001525878906,41.09000015258789,40.43568801879883
2008-11-04,1400,41.22999954223633,40.31999969482422,41.29999923706055,36.81999969482422,39.67794418334961
2008-11-03,6200,36.68000030517578,40.25,40.459999084472656,36.119998931884766,39.60906219482422
2008-10-31,1000,34.790000915527344,36.04999923706055,36.75,34.790000915527344,35.47593307495117
2008-10-30,1400,33.599998474121094,34.650001525878906,35.279998779296875,33.599998474121094,34.09823226928711
2008-10-29,4300,26.950000762939453,33.18000030517578,33.25,26.950000762939453,32.65163803100586
2008-10-28,4100,30.59000015258789,30.100000381469727,32.130001068115234,29.75,29.620691299438477
2008-10-27,2700,31.43000030517578,31.56999969482422,32.20000076293945,30.3799991607666,31.067277908325195
2008-10-24,600,30.309999465942383,30.309999465942383,31.149999618530273,30.309999465942383,29.827342987060547
2008-10-23,2000,32.20000076293945,30.729999542236328,32.619998931884766,30.729999542236328,30.24065589904785
2008-10-22,2900,32.83000183105469,32.900001525878906,34.5099983215332,31.989999771118164,32.376094818115234
2008-10-21,6900,33.66999816894531,33.25,33.66999816894531,30.3799991607666,32.72053146362305
2008-10-20,3800,32.060001373291016,31.56999969482422,33.040000915527344,29.889999389648438,31.067277908325195
2008-10-17,3600,34.650001525878906,33.18000030517578,34.650001525878906,33.11000061035156,32.65163803100586
2008-10-16,2000,32.900001525878906,33.95000076293945,33.95000076293945,32.900001525878906,33.40937805175781
2008-10-15,1200,33.95000076293945,33.25,34.29999923706055,33.11000061035156,32.72053146362305
2008-10-14,4100,33.599998474121094,33.31999969482422,36.61000061035156,29.81999969482422,32.78941345214844
2008-10-13,4100,34.22999954223633,33.599998474121094,34.22999954223633,32.34000015258789,33.0649528503418
2008-10-10,6200,32.619998931884766,31.709999084472656,34.29999923706055,29.75,31.205049514770508
2008-10-09,3200,34.93000030517578,32.20000076293945,34.93000030517578,32.20000076293945,31.687244415283203
2008-10-08,6600,36.81999969482422,34.5099983215332,37.79999923706055,31.850000381469727,33.960453033447266
2008-10-07,8700,33.599998474121094,37.72999954223633,39.34000015258789,28.420000076293945,37.12918472290039
2008-10-06,3700,31.780000686645508,32.54999923706055,34.790000915527344,28.90999984741211,32.03167724609375
2008-10-03,4100,32.54999923706055,31.219999313354492,32.54999923706055,30.3799991607666,30.722850799560547
2008-10-02,4100,35.209999084472656,30.8700008392334,35.97999954223633,30.520000457763672,30.3784236907959
2008-10-01,9800,35.70000076293945,35.70000076293945,40.25,34.86000061035156,35.13151931762695
2008-09-30,4500,38.5,35.349998474121094,38.5,35.0,34.78708267211914
2008-09-29,2100,38.220001220703125,40.25,40.25,35.0,39.60906219482422
2008-09-26,3200,35.41999816894531,37.869998931884766,37.869998931884766,35.0,37.26696014404297
2008-09-25,2700,35.70000076293945,36.540000915527344,36.68000030517578,35.0,35.958133697509766
2008-09-24,1000,38.779998779296875,36.04999923706055,39.27000045776367,36.04999923706055,35.47593307495117
2008-09-23,800,39.970001220703125,40.31999969482422,41.15999984741211,39.20000076293945,39.67794418334961
2008-09-22,1100,43.470001220703125,40.11000061035156,43.75,39.130001068115234,39.47128677368164
2008-09-19,6100,36.540000915527344,45.0099983215332,48.29999923706055,35.90999984741211,44.29325485229492
2008-09-18,2000,35.41999816894531,35.41999816894531,35.630001068115234,35.0,34.8559684753418
2008-09-17,600,35.97999954223633,36.189998626708984,36.33000183105469,35.13999938964844,35.61370849609375
2008-09-16,1800,35.06999969482422,35.84000015258789,35.84000015258789,35.0,35.26927947998047
2008-09-15,800,36.2599983215332,35.77000045776367,37.2400016784668,35.06999969482422,35.20039749145508
2008-09-12,1400,37.939998626708984,37.65999984741211,38.0099983215332,37.45000076293945,37.06029510498047
2008-09-11,400,38.5,37.52000045776367,38.56999969482422,37.52000045776367,36.92253494262695
2008-09-10,2900,36.68000030517578,37.45000076293945,37.45000076293945,35.560001373291016,36.85364532470703
2008-09-09,1300,36.540000915527344,36.540000915527344,37.79999923706055,36.540000915527344,35.958133697509766
2008-09-08,700,36.04999923706055,36.68000030517578,37.79999923706055,36.04999923706055,36.09590530395508
2008-09-05,500,36.540000915527344,37.45000076293945,37.52000045776367,36.540000915527344,36.85364532470703
2008-09-04,500,38.220001220703125,37.2400016784668,38.36000061035156,35.70000076293945,36.64698028564453
2008-09-03,2100,37.099998474121094,37.45000076293945,38.08000183105469,35.349998474121094,36.85364532470703
2008-09-02,3700,36.61000061035156,38.5,38.5,35.41999816894531,37.88692855834961
2008-08-29,1200,36.33000183105469,37.099998474121094,37.16999816894531,35.4900016784668,36.509212493896484
2008-08-28,700,36.540000915527344,36.959999084472656,37.099998474121094,36.33000183105469,36.37144470214844
2008-08-27,1500,37.59000015258789,37.16999816894531,37.59000015258789,35.41999816894531,36.578102111816406
2008-08-26,4200,37.029998779296875,38.08000183105469,38.849998474121094,35.279998779296875,37.47361755371094
2008-08-25,900,36.75,37.59000015258789,37.939998626708984,36.189998626708984,36.991416931152344
2008-08-22,400,36.88999938964844,37.45000076293945,37.52000045776367,36.400001525878906,36.85364532470703
2008-08-21,1400,37.72999954223633,37.099998474121094,37.72999954223633,36.75,36.509212493896484
2008-08-20,3200,36.81999969482422,37.099998474121094,37.65999984741211,36.33000183105469,36.509212493896484
2008-08-19,1300,37.52000045776367,37.72999954223633,37.79999923706055,37.029998779296875,37.12918472290039
2008-08-18,1400,38.220001220703125,37.79999923706055,38.220001220703125,37.52000045776367,37.19806671142578
2008-08-15,4300,38.150001525878906,37.939998626708984,38.779998779296875,37.79999923706055,37.335845947265625
2008-08-14,1000,37.59000015258789,37.59000015258789,37.79999923706055,37.45000076293945,36.991416931152344
2008-08-13,1000,38.150001525878906,37.79999923706055,38.43000030517578,37.52000045776367,37.19806671142578
2008-08-12,1600,38.220001220703125,37.869998931884766,38.220001220703125,36.88999938964844,37.26696014404297
2008-08-11,2000,36.75,37.310001373291016,38.5,36.75,36.71588134765625
2008-08-08,1500,37.939998626708984,37.45000076293945,38.36000061035156,36.88999938964844,36.85364532470703
2008-08-07,300,37.45000076293945,37.380001068115234,37.52000045776367,37.16999816894531,36.78476333618164
2008-08-06,1300,38.43000030517578,37.52000045776367,38.43000030517578,37.16999816894531,36.92253494262695
2008-08-05,900,37.45000076293945,37.65999984741211,37.869998931884766,37.45000076293945,37.06029510498047
2008-08-04,3100,37.310001373291016,37.099998474121094,37.45000076293945,36.959999084472656,36.509212493896484
2008-08-01,7900,36.75,36.540000915527344,39.7599983215332,35.0,35.958133697509766
2008-07-31,5300,44.099998474121094,36.470001220703125,44.099998474121094,36.470001220703125,35.88924789428711
2008-07-30,3700,42.349998474121094,45.08000183105469,48.02000045776367,42.349998474121094,44.362144470214844
2008-07-29,2400,42.349998474121094,43.959999084472656,46.47999954223633,42.349998474121094,43.259979248046875
2008-07-28,2700,43.400001525878906,45.849998474121094,46.54999923706055,43.400001525878906,45.11988067626953
2008-07-25,2000,41.09000015258789,43.400001525878906,43.400001525878906,41.09000015258789,42.708900451660156
2008-07-24,1600,39.970001220703125,41.02000045776367,41.02000045776367,39.970001220703125,40.36680221557617
2008-07-23,1900,39.20000076293945,40.7400016784668,40.7400016784668,39.130001068115234,40.09125518798828
2008-07-22,800,37.59000015258789,38.91999816894531,39.060001373291016,37.59000015258789,38.300235748291016
2008-07-21,2000,36.470001220703125,37.2400016784668,37.2400016784668,35.630001068115234,36.64698028564453
2008-07-18,2800,36.959999084472656,36.959999084472656,38.5,36.75,36.37144470214844
2008-07-17,4600,35.349998474121094,37.59000015258789,38.0099983215332,35.349998474121094,36.991416931152344
2008-07-16,4400,36.68000030517578,35.630001068115234,36.75,35.06999969482422,35.062625885009766
2008-07-15,3300,36.33000183105469,36.04999923706055,38.220001220703125,36.04999923706055,35.47593307495117
2008-07-14,2300,36.189998626708984,37.099998474121094,38.43000030517578,36.189998626708984,36.509212493896484
2008-07-11,5500,35.90999984741211,37.2400016784668,38.150001525878906,35.13999938964844,36.64698028564453
2008-07-10,2200,36.540000915527344,36.75,37.72999954223633,35.97999954223633,36.164798736572266
2008-07-09,1900,35.349998474121094,37.029998779296875,37.099998474121094,35.349998474121094,36.440338134765625
2008-07-08,3500,35.77000045776367,35.560001373291016,36.400001525878906,35.06999969482422,34.99374771118164
2008-07-07,2100,35.4900016784668,36.2599983215332,36.540000915527344,35.0,35.682594299316406
2008-07-03,3200,35.4900016784668,35.77000045776367,36.959999084472656,35.0,35.20039749145508
2008-07-02,6000,36.2599983215332,35.77000045776367,36.33000183105469,35.560001373291016,35.20039749145508
2008-07-01,7800,38.43000030517578,35.560001373291016,38.56999969482422,35.560001373291016,34.99374771118164
2008-06-30,2800,39.060001373291016,38.290000915527344,39.060001373291016,38.290000915527344,37.680267333984375
2008-06-27,2100,38.9900016784668,39.20000076293945,40.459999084472656,38.290000915527344,38.57578659057617
2008-06-26,3800,39.7599983215332,38.91999816894531,40.529998779296875,38.91999816894531,38.300235748291016
2008-06-25,4200,39.54999923706055,40.599998474121094,40.95000076293945,39.54999923706055,39.9534797668457
2008-06-24,9100,41.22999954223633,39.83000183105469,41.22999954223633,39.83000183105469,39.19575119018555
2008-06-23,5000,39.40999984741211,40.25,40.599998474121094,39.40999984741211,39.60906219482422
2008-06-20,4400,40.38999938964844,39.689998626708984,40.599998474121094,39.40999984741211,39.05796813964844
2008-06-19,4700,40.31999969482422,40.529998779296875,41.650001525878906,40.25,39.88459777832031
2008-06-18,3900,39.900001525878906,40.25,40.810001373291016,39.900001525878906,39.60906219482422
2008-06-17,2600,40.25,40.459999084472656,41.5099983215332,40.25,39.815711975097656
2008-06-16,2200,40.810001373291016,40.529998779296875,41.5099983215332,40.18000030517578,39.88459777832031
2008-06-13,1600,39.900001525878906,40.599998474121094,41.22999954223633,39.619998931884766,39.9534797668457
2008-06-12,4100,40.25,39.130001068115234,41.650001525878906,39.130001068115234,38.506893157958984
2008-06-11,2500,40.11000061035156,39.619998931884766,41.29999923706055,39.54999923706055,38.98908615112305
2008-06-10,3500,41.29999923706055,40.7400016784668,41.29999923706055,40.18000030517578,40.09125518798828
2008-06-09,4500,38.849998474121094,40.95000076293945,40.95000076293945,38.849998474121094,40.29791259765625
2008-06-06,3500,40.880001068115234,38.779998779296875,40.95000076293945,38.709999084472656,38.1624641418457
2008-06-05,3500,40.38999938964844,39.54999923706055,40.880001068115234,38.56999969482422,38.92020034790039
2008-06-04,2600,39.619998931884766,40.25,40.95000076293945,39.54999923706055,39.60906219482422
2008-06-03,4200,38.91999816894531,39.34000015258789,40.880001068115234,38.63999938964844,38.71355056762695
2008-06-02,3100,38.150001525878906,39.20000076293945,39.83000183105469,38.150001525878906,38.57578659057617
2008-05-30,8400,39.27000045776367,40.7400016784668,40.7400016784668,38.220001220703125,40.09125518798828
2008-05-29,3400,39.20000076293945,38.9900016784668,40.880001068115234,38.849998474121094,38.369117736816406
2008-05-28,4700,40.529998779296875,39.060001373291016,40.7400016784668,38.849998474121094,38.438018798828125
2008-05-27,4500,40.25,39.900001525878906,41.29999923706055,38.63999938964844,39.26463317871094
2008-05-23,3800,38.5,40.25,41.5099983215332,38.220001220703125,39.60906219482422
2008-05-22,2500,38.150001525878906,39.060001373291016,41.86000061035156,38.150001525878906,38.438018798828125
2008-05-21,7200,38.849998474121094,39.619998931884766,41.5099983215332,38.290000915527344,38.98908615112305
2008-05-20,5500,39.40999984741211,38.36000061035156,40.18000030517578,38.290000915527344,37.749141693115234
2008-05-19,4600,38.709999084472656,39.970001220703125,41.650001525878906,38.56999969482422,39.33352279663086
2008-05-16,2600,38.91999816894531,38.849998474121094,40.18000030517578,38.290000915527344,38.231353759765625
2008-05-15,3000,38.220001220703125,39.27000045776367,41.22999954223633,38.220001220703125,38.6446647644043
2008-05-14,5000,40.95000076293945,38.43000030517578,41.720001220703125,38.220001220703125,37.81804275512695
2008-05-13,6300,40.18000030517578,39.34000015258789,40.7400016784668,39.20000076293945,38.664344787597656
2008-05-12,5600,40.11000061035156,39.34000015258789,41.93000030517578,38.9900016784668,38.664344787597656
2008-05-09,8400,40.66999816894531,40.529998779296875,42.0,38.5,39.83390808105469
2008-05-08,4700,42.630001068115234,40.25,43.119998931884766,38.9900016784668,39.5587272644043
2008-05-07,5700,44.939998626708984,42.97999954223633,45.5,41.439998626708984,42.24182891845703
2008-05-06,4300,43.400001525878906,44.029998779296875,45.91999816894531,42.209999084472656,43.273799896240234
2008-05-05,7500,42.90999984741211,42.90999984741211,44.099998474121094,42.90999984741211,42.173030853271484
2008-05-02,2900,45.56999969482422,43.470001220703125,45.56999969482422,42.560001373291016,42.72342300415039
2008-05-01,2000,46.689998626708984,46.20000076293945,47.11000061035156,45.0099983215332,45.40652847290039
2008-04-30,1800,47.599998474121094,47.25,47.66999816894531,46.34000015258789,46.43849182128906
2008-04-29,3500,47.810001373291016,48.22999954223633,48.5099983215332,47.599998474121094,47.40166473388672
2008-04-28,2400,47.95000076293945,47.7400016784668,48.22999954223633,47.599998474121094,46.92008590698242
2008-04-25,3100,47.95000076293945,48.22999954223633,48.58000183105469,47.95000076293945,47.40166473388672
2008-04-24,1000,48.22999954223633,48.58000183105469,48.58000183105469,47.95000076293945,47.74564743041992
2008-04-23,2800,48.439998626708984,48.5099983215332,48.93000030517578,47.95000076293945,47.676849365234375
2008-04-22,1500,48.29999923706055,48.720001220703125,49.0,47.95000076293945,47.88325500488281
2008-04-21,1600,48.29999923706055,49.0,50.68000030517578,48.29999923706055,48.15843963623047
2008-04-18,2200,49.84000015258789,48.15999984741211,50.75,48.15999984741211,47.332862854003906
2008-04-17,2200,49.90999984741211,49.84000015258789,50.400001525878906,48.86000061035156,48.9840087890625
2008-04-16,1300,49.84000015258789,49.06999969482422,50.33000183105469,48.790000915527344,48.227237701416016
2008-04-15,1200,50.33000183105469,49.97999954223633,50.400001525878906,46.900001525878906,49.121604919433594
2008-04-14,3100,46.900001525878906,49.41999816894531,50.400001525878906,46.900001525878906,48.57122802734375
2008-04-11,1900,48.15999984741211,48.369998931884766,50.33000183105469,48.15999984741211,47.53926086425781
2008-04-10,1900,50.2599983215332,48.29999923706055,50.33000183105469,47.95000076293945,47.470462799072266
2008-04-09,1500,50.75,48.5099983215332,51.029998779296875,48.29999923706055,47.676849365234375
2008-04-08,2200,50.400001525878906,49.77000045776367,51.869998931884766,47.599998474121094,48.915218353271484
2008-04-07,1000,49.06999969482422,48.09000015258789,49.13999938964844,47.95000076293945,47.264068603515625
2008-04-04,4000,49.0,49.0,50.959999084472656,48.650001525878906,48.15843963623047
2008-04-03,3900,47.040000915527344,49.0,52.290000915527344,47.040000915527344,48.15843963623047
2008-04-02,600,48.86000061035156,49.13999938964844,49.209999084472656,45.91999816894531,48.2960319519043
2008-04-01,3100,47.7400016784668,49.349998474121094,49.349998474121094,44.2400016784668,48.50242614746094
2008-03-31,6300,50.88999938964844,46.54999923706055,50.88999938964844,46.34000015258789,45.75052261352539
2008-03-28,3700,50.61000061035156,50.119998931884766,53.20000076293945,49.41999816894531,49.25920486450195
2008-03-27,3500,50.75,50.88999938964844,52.220001220703125,50.540000915527344,50.0159797668457
2008-03-26,4000,48.29999923706055,49.90999984741211,51.2400016784668,48.22999954223633,49.05280685424805
2008-03-25,1900,49.70000076293945,49.41999816894531,52.150001525878906,49.41999816894531,48.57122802734375
2008-03-24,1000,49.209999084472656,50.61000061035156,50.68000030517578,48.15999984741211,49.74079132080078
2008-03-20,2600,47.7400016784668,49.70000076293945,50.2599983215332,47.7400016784668,48.8464241027832
2008-03-19,3100,47.810001373291016,46.7599983215332,48.93000030517578,44.79999923706055,45.956905364990234
2008-03-18,1200,50.400001525878906,49.279998779296875,50.88999938964844,48.650001525878906,48.43362808227539
2008-03-17,1000,49.630001068115234,49.84000015258789,50.470001220703125,49.560001373291016,48.9840087890625
2008-03-14,1000,49.90999984741211,51.099998474121094,51.79999923706055,49.84000015258789,50.22237014770508
2008-03-13,2800,51.869998931884766,50.119998931884766,51.869998931884766,49.84000015258789,49.25920486450195
2008-03-12,6300,49.349998474121094,50.81999969482422,51.45000076293945,45.0099983215332,49.94718933105469
2008-03-11,5900,47.25,48.650001525878906,50.68000030517578,46.34000015258789,47.814453125
2008-03-10,24600,49.630001068115234,45.91999816894531,49.630001068115234,45.150001525878906,45.13134002685547
2008-03-07,1900,50.119998931884766,49.70000076293945,53.40999984741211,49.41999816894531,48.8464241027832
2008-03-06,11300,49.279998779296875,51.029998779296875,51.099998474121094,48.93000030517578,50.15357208251953
2008-03-05,8800,44.939998626708984,49.06999969482422,50.61000061035156,44.72999954223633,48.227237701416016
2008-03-04,5000,43.33000183105469,43.119998931884766,45.5,42.209999084472656,42.379425048828125
2008-03-03,3800,46.7599983215332,44.2400016784668,46.7599983215332,43.68000030517578,43.480186462402344
2008-02-29,3200,48.439998626708984,46.900001525878906,50.400001525878906,46.34000015258789,46.09450912475586
2008-02-28,4300,49.84000015258789,49.279998779296875,52.08000183105469,49.279998779296875,48.43362808227539
2008-02-27,2600,51.65999984741211,51.2400016784668,53.689998626708984,51.2400016784668,50.35996627807617
2008-02-26,2900,52.5,52.9900016784668,54.7400016784668,52.5,52.07991027832031
2008-02-25,2600,52.5,53.060001373291016,53.40999984741211,52.5,52.14870834350586
2008-02-22,800,52.5,53.130001068115234,53.130001068115234,52.5,52.217506408691406
2008-02-21,2000,55.22999954223633,52.779998779296875,55.22999954223633,52.709999084472656,51.87351608276367
2008-02-20,4000,55.58000183105469,54.529998779296875,57.540000915527344,54.529998779296875,53.59346389770508
2008-02-19,8400,55.15999984741211,55.790000915527344,57.61000061035156,54.31999969482422,54.83182144165039
2008-02-15,5600,56.0,55.86000061035156,56.279998779296875,55.439998626708984,54.90061569213867
2008-02-14,1400,56.70000076293945,56.06999969482422,56.70000076293945,55.93000030517578,55.10700988769531
2008-02-13,1900,56.97999954223633,57.119998931884766,58.2400016784668,56.279998779296875,56.138980865478516
2008-02-12,3300,56.84000015258789,56.77000045776367,56.90999984741211,55.439998626708984,55.79499816894531
2008-02-11,3400,57.400001525878906,57.189998626708984,57.68000030517578,54.95000076293945,56.20777130126953
2008-02-08,5500,54.31999969482422,57.04999923706055,57.540000915527344,54.31999969482422,56.07018280029297
2008-02-07,2900,55.86000061035156,57.04999923706055,57.33000183105469,54.7400016784668,56.07018280029297
2008-02-06,5300,56.630001068115234,57.2599983215332,57.33000183105469,55.93000030517578,56.27658462524414
2008-02-05,2000,54.25,56.70000076293945,56.77000045776367,54.25,55.726192474365234
2008-02-04,6600,54.529998779296875,55.09000015258789,55.790000915527344,53.619998931884766,54.14384460449219
2008-02-01,5100,54.31999969482422,55.02000045776367,55.02000045776367,51.72999954223633,54.07504653930664
2008-01-31,2700,56.349998474121094,54.810001373291016,56.560001373291016,54.599998474121094,53.868656158447266
2008-01-30,3500,56.97999954223633,56.0,56.97999954223633,55.29999923706055,55.03822326660156
2008-01-29,3100,56.4900016784668,56.70000076293945,57.119998931884766,55.720001220703125,55.726192474365234
2008-01-28,4600,56.97999954223633,56.97999954223633,57.33000183105469,55.22999954223633,56.00138473510742
2008-01-25,4000,59.779998779296875,57.470001220703125,59.779998779296875,56.0,56.482967376708984
2008-01-24,7900,55.5099983215332,58.79999923706055,59.849998474121094,53.900001525878906,57.790122985839844
2008-01-23,4500,55.29999923706055,56.209999084472656,57.470001220703125,54.880001068115234,55.244606018066406
2008-01-22,3500,55.5099983215332,56.349998474121094,57.33000183105469,55.29999923706055,55.3822021484375
2008-01-18,1800,58.2400016784668,58.029998779296875,59.779998779296875,57.400001525878906,57.033355712890625
2008-01-17,2800,58.16999816894531,58.029998779296875,59.56999969482422,57.81999969482422,57.033355712890625
2008-01-16,3800,57.2599983215332,58.380001068115234,59.43000030517578,57.2599983215332,57.377342224121094
2008-01-15,6100,54.31999969482422,58.099998474121094,59.91999816894531,54.31999969482422,57.10215377807617
2008-01-14,5900,56.0,54.599998474121094,60.130001068115234,54.31999969482422,53.66225814819336
2008-01-11,2400,58.099998474121094,56.70000076293945,59.36000061035156,56.630001068115234,55.726192474365234
2008-01-10,4500,59.43000030517578,58.2400016784668,61.25,58.029998779296875,57.239742279052734
2008-01-09,4800,59.08000183105469,59.63999938964844,60.20000076293945,58.099998474121094,58.615699768066406
2008-01-08,2100,58.65999984741211,59.0099983215332,59.0099983215332,58.59000015258789,57.99652099609375
2008-01-07,4300,57.2599983215332,58.869998931884766,59.849998474121094,57.2599983215332,57.858924865722656
2008-01-04,1900,57.2599983215332,58.099998474121094,58.099998474121094,57.2599983215332,57.10215377807617
2008-01-03,1100,57.2599983215332,57.470001220703125,57.68000030517578,57.2599983215332,56.482967376708984
2008-01-02,2500,57.2599983215332,57.470001220703125,57.61000061035156,57.2599983215332,56.482967376708984
2007-12-31,800,57.2599983215332,57.33000183105469,57.400001525878906,57.2599983215332,56.34537887573242
2007-12-28,1900,57.88999938964844,57.540000915527344,57.88999938964844,57.04999923706055,56.5517692565918
2007-12-27,2100,56.70000076293945,57.33000183105469,57.75,56.70000076293945,56.34537887573242
2007-12-26,1200,56.70000076293945,56.90999984741211,57.400001525878906,56.70000076293945,55.932586669921875
2007-12-24,400,56.70000076293945,56.560001373291016,56.77000045776367,56.41999816894531,55.58859634399414
2007-12-21,4400,56.349998474121094,56.349998474121094,56.97999954223633,56.349998474121094,55.3822021484375
2007-12-20,1700,56.209999084472656,56.4900016784668,56.70000076293945,55.29999923706055,55.51980209350586
2007-12-19,2000,55.58000183105469,56.209999084472656,56.41999816894531,55.5099983215332,55.244606018066406
2007-12-18,1800,56.209999084472656,55.86000061035156,56.209999084472656,53.7599983215332,54.90061569213867
2007-12-17,2000,55.790000915527344,56.0,56.209999084472656,54.31999969482422,55.03822326660156
2007-12-14,1900,56.13999938964844,56.209999084472656,56.77000045776367,55.02000045776367,55.244606018066406
2007-12-13,2300,53.27000045776367,56.70000076293945,56.70000076293945,53.060001373291016,55.726192474365234
2007-12-12,6800,55.5099983215332,56.279998779296875,56.4900016784668,53.47999954223633,55.31340789794922
2007-12-11,2400,54.810001373291016,55.369998931884766,55.369998931884766,54.810001373291016,54.419036865234375
2007-12-10,2600,54.810001373291016,54.880001068115234,55.5099983215332,54.599998474121094,53.93744659423828
2007-12-07,1300,54.880001068115234,55.02000045776367,55.439998626708984,54.66999816894531,54.07504653930664
2007-12-06,2000,53.900001525878906,55.790000915527344,55.790000915527344,53.900001525878906,54.83182144165039
2007-12-05,1700,54.459999084472656,54.040000915527344,55.22999954223633,54.040000915527344,53.111881256103516
2007-12-04,13900,54.31999969482422,54.31999969482422,54.599998474121094,53.54999923706055,53.3870735168457
2007-12-03,6600,54.810001373291016,54.31999969482422,55.720001220703125,54.25,53.3870735168457
2007-11-30,2600,55.09000015258789,55.02000045776367,55.720001220703125,54.31999969482422,54.07504653930664
2007-11-29,2900,55.09000015258789,54.95000076293945,55.650001525878906,54.810001373291016,54.006256103515625
2007-11-28,3300,54.95000076293945,55.09000015258789,55.29999923706055,54.95000076293945,54.14384460449219
2007-11-27,2700,54.95000076293945,54.95000076293945,55.02000045776367,54.599998474121094,54.006256103515625
2007-11-26,3600,55.29999923706055,54.95000076293945,56.209999084472656,54.31999969482422,54.006256103515625
2007-11-23,2500,54.880001068115234,55.09000015258789,55.09000015258789,54.38999938964844,54.14384460449219
2007-11-21,3200,54.25,54.95000076293945,55.22999954223633,53.20000076293945,54.006256103515625
2007-11-20,4300,55.29999923706055,54.38999938964844,55.29999923706055,54.25,53.455867767333984
2007-11-19,3100,54.25,55.5099983215332,55.58000183105469,54.25,54.55663299560547
2007-11-16,3900,54.880001068115234,55.09000015258789,56.349998474121094,54.31999969482422,54.14384460449219
2007-11-15,8000,54.31999969482422,54.95000076293945,57.04999923706055,54.25,54.006256103515625
2007-11-14,3200,55.22999954223633,55.29999923706055,55.369998931884766,54.459999084472656,54.350242614746094
2007-11-13,6100,54.95000076293945,55.02000045776367,55.02000045776367,53.900001525878906,54.07504653930664
2007-11-12,4500,53.970001220703125,53.900001525878906,54.31999969482422,53.47999954223633,52.97428894042969
2007-11-09,7800,52.5,53.900001525878906,53.970001220703125,52.5,52.97428894042969
2007-11-08,3500,55.58000183105469,53.54999923706055,57.119998931884766,53.54999923706055,52.63029479980469
2007-11-07,8000,53.130001068115234,55.22999954223633,56.97999954223633,53.130001068115234,54.28144073486328
2007-11-06,4700,53.689998626708984,54.7400016784668,56.06999969482422,52.91999816894531,53.75071716308594
2007-11-05,8100,55.369998931884766,53.7599983215332,55.369998931884766,53.7599983215332,52.788421630859375
2007-11-02,3300,56.560001373291016,55.369998931884766,56.560001373291016,54.880001068115234,54.36933135986328
2007-11-01,3700,60.130001068115234,56.560001373291016,60.34000015258789,56.560001373291016,55.53782272338867
2007-10-31,2800,63.90999984741211,60.83000183105469,63.90999984741211,59.5,59.730655670166016
2007-10-30,2900,61.040000915527344,61.599998474121094,61.880001068115234,59.63999938964844,60.48673629760742
2007-10-29,2600,60.900001525878906,61.599998474121094,61.7400016784668,60.20000076293945,60.48673629760742
2007-10-26,2200,62.650001525878906,61.529998779296875,64.68000030517578,61.529998779296875,60.418006896972656
2007-10-25,3200,64.33000183105469,62.29999923706055,64.68000030517578,62.29999923706055,61.17409133911133
2007-10-24,4500,65.66000366210938,63.560001373291016,65.66000366210938,62.790000915527344,62.41131591796875
2007-10-23,6600,62.29999923706055,66.22000122070312,66.5,62.29999923706055,65.02323913574219
2007-10-22,6400,67.33999633789062,62.15999984741211,67.33999633789062,62.15999984741211,61.03661346435547
2007-10-19,2800,67.33999633789062,68.18000030517578,68.80999755859375,66.43000030517578,66.94780731201172
2007-10-18,7300,67.33999633789062,67.4800033569336,67.9000015258789,66.98999786376953,66.2604751586914
2007-10-17,8200,67.55000305175781,67.9000015258789,69.2300033569336,65.44999694824219,66.67288970947266
2007-10-16,5500,68.18000030517578,67.41000366210938,69.72000122070312,67.2699966430664,66.19173431396484
2007-10-15,3800,69.86000061035156,67.97000122070312,70.20999908447266,67.9000015258789,66.74160766601562
2007-10-12,5200,69.0199966430664,69.93000030517578,70.13999938964844,68.52999877929688,68.66619873046875
2007-10-11,7100,69.37000274658203,68.80999755859375,70.0,68.25,67.56643676757812
2007-10-10,2500,68.73999786376953,69.30000305175781,69.44000244140625,68.25,68.04759216308594
2007-10-09,3600,69.08999633789062,69.08999633789062,69.6500015258789,69.0199966430664,67.84138488769531
2007-10-08,5800,69.30000305175781,69.58000183105469,69.79000091552734,68.52999877929688,68.32251739501953
2007-10-05,3300,69.58000183105469,69.58000183105469,69.79000091552734,69.2300033569336,68.32251739501953
2007-10-04,2600,68.52999877929688,69.37000274658203,69.58000183105469,68.38999938964844,68.11631774902344
2007-10-03,1300,68.45999908447266,68.5999984741211,68.80999755859375,68.25,67.3602294921875
2007-10-02,5900,70.0,69.37000274658203,70.48999786376953,68.25,68.11631774902344
2007-10-01,4100,70.13999938964844,70.06999969482422,70.3499984741211,69.72000122070312,68.80365753173828
2007-09-28,2700,69.51000213623047,70.27999877929688,70.3499984741211,69.51000213623047,69.0098648071289
2007-09-27,2900,70.06999969482422,69.72000122070312,70.06999969482422,69.72000122070312,68.45999145507812
2007-09-26,2400,70.0,69.93000030517578,70.91000366210938,69.30000305175781,68.66619873046875
2007-09-25,4200,71.95999908447266,70.0,71.95999908447266,70.0,68.73493957519531
2007-09-24,3600,70.0,71.54000091552734,71.75,69.86000061035156,70.24711608886719
2007-09-21,5100,70.0,70.20999908447266,70.20999908447266,69.6500015258789,68.9411392211914
2007-09-20,3700,70.0,69.72000122070312,71.05000305175781,69.6500015258789,68.45999145507812
2007-09-19,9600,66.1500015258789,69.86000061035156,71.33000183105469,66.1500015258789,68.59745788574219
2007-09-18,2400,66.1500015258789,66.43000030517578,66.56999969482422,65.80000305175781,65.22943878173828
2007-09-17,3800,66.1500015258789,65.80000305175781,66.43000030517578,65.30999755859375,64.61083984375
2007-09-14,10600,65.0999984741211,65.80000305175781,66.56999969482422,64.95999908447266,64.61083984375
2007-09-13,6500,67.19999694824219,65.16999816894531,67.19999694824219,64.33000183105469,63.992218017578125
2007-09-12,4500,64.4000015258789,66.22000122070312,66.36000061035156,64.4000015258789,65.02323913574219
2007-09-11,7800,66.22000122070312,64.68000030517578,66.22000122070312,62.58000183105469,63.51107406616211
2007-09-10,19500,66.36000061035156,65.16999816894531,66.36000061035156,63.70000076293945,63.992218017578125
2007-09-07,5700,66.77999877929688,67.19999694824219,67.55000305175781,64.75,65.98552703857422
2007-09-06,4700,67.4800033569336,66.43000030517578,69.16000366210938,66.43000030517578,65.22943878173828
2007-09-05,17100,69.58000183105469,66.5,69.93000030517578,65.23999786376953,65.2981948852539
2007-09-04,3700,70.0,69.86000061035156,70.55999755859375,69.58000183105469,68.59745788574219
2007-08-31,2200,70.83999633789062,70.27999877929688,71.88999938964844,70.0,69.0098648071289
2007-08-30,4000,71.12000274658203,70.13999938964844,71.75,69.44000244140625,68.87239837646484
2007-08-29,10400,68.66999816894531,71.33000183105469,71.4000015258789,68.66999816894531,70.04088592529297
2007-08-28,12100,69.44000244140625,69.2300033569336,70.62999725341797,68.52999877929688,67.97884368896484
2007-08-27,10000,69.79000091552734,70.48999786376953,70.91000366210938,68.87999725341797,69.21607971191406
2007-08-24,8600,69.93000030517578,70.62999725341797,70.9800033569336,69.79000091552734,69.35355377197266
2007-08-23,8500,70.3499984741211,70.0,70.41999816894531,69.30000305175781,68.73493957519531
2007-08-22,10000,69.6500015258789,70.3499984741211,70.48999786376953,69.6500015258789,69.07860565185547
2007-08-21,4500,70.13999938964844,70.13999938964844,70.9800033569336,69.51000213623047,68.87239837646484
2007-08-20,11600,70.0,69.72000122070312,70.9800033569336,69.44000244140625,68.45999145507812
2007-08-17,12300,70.91000366210938,70.3499984741211,71.54000091552734,70.0,69.07860565185547
2007-08-16,7900,68.31999969482422,70.06999969482422,70.27999877929688,68.04000091552734,68.80365753173828
2007-08-15,10200,73.43000030517578,69.6500015258789,73.56999969482422,68.25,68.3912582397461
2007-08-14,12400,73.5,73.8499984741211,74.41000366210938,72.30999755859375,72.5153579711914
2007-08-13,10100,69.79000091552734,73.43000030517578,74.62000274658203,69.79000091552734,72.1029281616211
2007-08-10,11700,69.79000091552734,70.0,71.81999969482422,69.79000091552734,68.73493957519531
2007-08-09,19900,71.68000030517578,70.06999969482422,77.91000366210938,69.79000091552734,68.80365753173828
2007-08-08,25900,69.08999633789062,73.5,78.4000015258789,68.11000061035156,72.17168426513672
2007-08-07,11700,67.69000244140625,68.18000030517578,68.94999694824219,67.55000305175781,66.94780731201172
2007-08-06,41500,69.51000213623047,67.69000244140625,69.51000213623047,67.4800033569336,66.4666976928711
2007-08-03,22100,70.0,69.51000213623047,70.9800033569336,69.51000213623047,68.25379180908203
2007-08-02,23700,70.48999786376953,70.48999786376953,70.62999725341797,68.04000091552734,69.21607971191406
2007-08-01,114400,72.80000305175781,73.29000091552734,73.98999786376953,67.33999633789062,71.9654769897461
2007-07-31,6400,77.20999908447266,77.91000366210938,80.43000030517578,76.93000030517578,76.50198364257812
2007-07-30,7400,78.81999969482422,77.83999633789062,80.36000061035156,77.0,76.4332504272461
2007-07-27,11500,78.4000015258789,78.81999969482422,79.80000305175781,77.48999786376953,77.39552307128906
2007-07-26,15300,79.23999786376953,79.58999633789062,80.29000091552734,78.47000122070312,78.15161895751953
2007-07-25,10600,79.0999984741211,79.30999755859375,81.19999694824219,79.0999984741211,77.87667083740234
2007-07-24,4800,79.7300033569336,79.0999984741211,79.80000305175781,78.26000213623047,77.67046356201172
2007-07-23,6600,77.0,79.5199966430664,80.22000122070312,77.0,78.08287048339844
2007-07-20,7300,79.02999877929688,78.05000305175781,80.5,77.9800033569336,76.63945007324219
2007-07-19,21800,77.69999694824219,79.37999725341797,80.08000183105469,77.55999755859375,77.94540405273438
2007-07-18,8000,77.27999877929688,78.12000274658203,78.12000274658203,77.27999877929688,76.70818328857422
2007-07-17,7900,78.05000305175781,78.26000213623047,78.4000015258789,77.0,76.84564971923828
2007-07-16,20300,77.69999694824219,77.83999633789062,78.12000274658203,76.6500015258789,76.4332504272461
2007-07-13,17100,76.58000183105469,77.69999694824219,78.33000183105469,76.2300033569336,76.2957763671875
2007-07-12,14000,76.2300033569336,77.13999938964844,77.69999694824219,76.2300033569336,75.74590301513672
2007-07-11,3200,76.44000244140625,76.86000061035156,77.0,76.08999633789062,75.47095489501953
2007-07-10,6200,78.75,76.2300033569336,79.02999877929688,76.0199966430664,74.85233306884766
2007-07-09,7200,79.44999694824219,79.16999816894531,79.5199966430664,77.13999938964844,77.73921203613281
2007-07-06,8400,77.27999877929688,79.44999694824219,79.58999633789062,76.86000061035156,78.01415252685547
2007-07-05,7800,77.0,77.13999938964844,77.13999938964844,75.18000030517578,75.74590301513672
2007-07-03,7800,77.0,77.20999908447266,77.48999786376953,77.0,75.81462097167969
2007-07-02,18300,72.94000244140625,77.13999938964844,77.69999694824219,72.94000244140625,75.74590301513672
2007-06-29,9900,73.77999877929688,73.5,74.19999694824219,72.7300033569336,72.17168426513672
2007-06-28,4700,72.66000366210938,73.70999908447266,74.12999725341797,71.95999908447266,72.37787628173828
2007-06-27,30600,71.47000122070312,72.16999816894531,72.16999816894531,71.4000015258789,70.86571502685547
2007-06-26,8000,72.0999984741211,72.0999984741211,72.30999755859375,70.69999694824219,70.7969741821289
2007-06-25,15900,72.23999786376953,71.88999938964844,73.22000122070312,70.62999725341797,70.59077453613281
2007-06-22,5500,72.0999984741211,71.19000244140625,73.08000183105469,71.19000244140625,69.90342712402344
2007-06-21,5300,70.27999877929688,72.87000274658203,73.43000030517578,70.27999877929688,71.55306243896484
2007-06-20,5900,71.12000274658203,71.61000061035156,71.61000061035156,70.62999725341797,70.31583404541016
2007-06-19,4300,69.58000183105469,71.05000305175781,71.33000183105469,69.44000244140625,69.76595306396484
2007-06-18,19800,69.30000305175781,69.72000122070312,71.47000122070312,69.30000305175781,68.45999145507812
2007-06-15,1900,70.13999938964844,69.93000030517578,70.55999755859375,68.5999984741211,68.66619873046875
2007-06-14,2300,70.0,69.16000366210938,70.27999877929688,68.38999938964844,67.91011047363281
2007-06-13,3800,72.58999633789062,69.6500015258789,72.94000244140625,68.5999984741211,68.3912582397461
2007-06-12,3100,70.0,69.93000030517578,70.91000366210938,69.6500015258789,68.66619873046875
2007-06-11,2400,70.62999725341797,69.58000183105469,71.4000015258789,69.58000183105469,68.32251739501953
2007-06-08,3000,70.13999938964844,70.0,71.33000183105469,69.44000244140625,68.73493957519531
2007-06-07,2400,70.9800033569336,69.72000122070312,71.68000030517578,69.37000274658203,68.45999145507812
2007-06-06,2900,70.27999877929688,71.88999938964844,72.30999755859375,70.27999877929688,70.59077453613281
2007-06-05,7200,72.44999694824219,71.54000091552734,73.56999969482422,70.0,70.24711608886719
2007-06-04,3800,73.56999969482422,73.77999877929688,74.41000366210938,72.16999816894531,72.44660186767578
2007-06-01,2900,73.5,73.5,74.2699966430664,73.29000091552734,72.17168426513672
2007-05-31,1400,72.94000244140625,73.01000213623047,73.22000122070312,71.05000305175781,71.69053649902344
2007-05-30,4000,73.29000091552734,73.5,74.05999755859375,73.22000122070312,72.17168426513672
2007-05-29,4100,70.0,73.08000183105469,73.5,70.0,71.75926971435547
2007-05-25,4300,71.75,70.48999786376953,72.5199966430664,69.86000061035156,69.21607971191406
2007-05-24,4400,71.88999938964844,71.12000274658203,73.1500015258789,71.05000305175781,69.83470153808594
2007-05-23,7900,71.75,71.4000015258789,75.94999694824219,71.12000274658203,70.1096420288086
2007-05-22,5200,69.79000091552734,71.12000274658203,72.0999984741211,69.79000091552734,69.83470153808594
2007-05-21,2100,68.11000061035156,69.72000122070312,70.27999877929688,68.11000061035156,68.45999145507812
2007-05-18,2500,70.13999938964844,68.52999877929688,70.3499984741211,68.31999969482422,67.29148864746094
2007-05-17,1700,68.73999786376953,70.69999694824219,71.54000091552734,68.45999908447266,69.42227935791016
2007-05-16,4300,69.2300033569336,69.37000274658203,70.69999694824219,67.9000015258789,68.11631774902344
2007-05-15,7300,73.01000213623047,68.66999816894531,74.83000183105469,68.5999984741211,67.42897033691406
2007-05-14,2000,70.91000366210938,73.01000213623047,73.01000213623047,70.62999725341797,71.69053649902344
2007-05-11,3000,70.9800033569336,71.61000061035156,73.56999969482422,69.86000061035156,70.31583404541016
2007-05-10,3800,73.5,71.47000122070312,74.69000244140625,71.19000244140625,70.17835998535156
2007-05-09,5800,71.95999908447266,73.5,74.2699966430664,71.81999969482422,72.12258911132812
2007-05-08,4100,68.66999816894531,71.4000015258789,71.4000015258789,68.25,70.06195068359375
2007-05-07,3900,67.33999633789062,68.25,68.5999984741211,67.33999633789062,66.97095489501953
2007-05-04,6700,66.8499984741211,67.33999633789062,69.6500015258789,66.8499984741211,66.07801818847656
2007-05-03,10800,72.37999725341797,66.8499984741211,72.80000305175781,66.70999908447266,65.5971908569336
2007-05-02,6900,77.0,73.36000061035156,77.0,73.01000213623047,71.98519897460938
2007-05-01,5000,74.62000274658203,71.68000030517578,74.62000274658203,71.19000244140625,70.33667755126953
2007-04-30,4300,77.0,74.55000305175781,77.0,74.55000305175781,73.15290832519531
2007-04-27,3500,76.08999633789062,76.37000274658203,77.0,76.08999633789062,74.93879699707031
2007-04-26,3700,76.30000305175781,75.5999984741211,77.0,75.5999984741211,74.18321990966797
2007-04-25,4800,77.0,75.73999786376953,77.13999938964844,75.73999786376953,74.32061767578125
2007-04-24,5500,77.0,77.0,77.27999877929688,76.37000274658203,75.55699157714844
2007-04-23,3900,77.06999969482422,76.30000305175781,77.41999816894531,76.30000305175781,74.87010955810547
2007-04-20,1600,78.05000305175781,76.79000091552734,78.05000305175781,76.79000091552734,75.3509292602539
2007-04-19,800,76.93000030517578,77.0,78.05000305175781,76.93000030517578,75.55699157714844
2007-04-18,2300,75.80999755859375,76.58000183105469,78.12000274658203,75.80999755859375,75.14485931396484
2007-04-17,3400,77.62999725341797,76.79000091552734,79.0999984741211,76.72000122070312,75.3509292602539
2007-04-16,3500,75.11000061035156,75.80999755859375,76.58000183105469,75.11000061035156,74.38928985595703
2007-04-13,5200,74.55000305175781,75.5999984741211,77.62999725341797,74.55000305175781,74.18321990966797
2007-04-12,7000,76.86000061035156,75.11000061035156,77.06999969482422,74.2699966430664,73.70242309570312
2007-04-11,3700,80.43000030517578,77.48999786376953,80.43000030517578,77.48999786376953,76.03780364990234
2007-04-10,8400,78.75,80.77999877929688,80.91999816894531,78.4000015258789,79.26614379882812
2007-04-09,6800,77.3499984741211,78.81999969482422,79.30999755859375,77.27999877929688,77.3428726196289
2007-04-05,4300,76.16000366210938,77.7699966430664,78.54000091552734,75.94999694824219,76.31254577636719
2007-04-04,2300,76.16000366210938,76.6500015258789,76.6500015258789,76.08999633789062,75.21356201171875
2007-04-03,5300,77.13999938964844,75.5999984741211,77.13999938964844,74.05999755859375,74.18321990966797
2007-04-02,3900,76.08999633789062,76.37000274658203,78.61000061035156,76.08999633789062,74.93879699707031
2007-03-30,2800,78.33000183105469,76.58000183105469,78.88999938964844,76.58000183105469,75.14485931396484
2007-03-29,2100,78.95999908447266,78.88999938964844,79.0999984741211,78.12000274658203,77.41157531738281
2007-03-28,3900,77.9800033569336,78.95999908447266,79.16999816894531,77.69999694824219,77.48026275634766
2007-03-27,3100,77.83999633789062,77.48999786376953,78.12000274658203,76.30000305175781,76.03780364990234
2007-03-26,3600,77.0,78.19000244140625,78.54000091552734,76.79000091552734,76.72469329833984
2007-03-23,2800,75.73999786376953,76.93000030517578,77.0,75.73999786376953,75.4883041381836
2007-03-22,8200,75.31999969482422,76.58000183105469,77.0,75.04000091552734,75.14485931396484
2007-03-21,2500,75.5999984741211,75.38999938964844,75.5999984741211,75.11000061035156,73.9771499633789
2007-03-20,3000,74.9000015258789,75.52999877929688,75.5999984741211,74.9000015258789,74.11454010009766
2007-03-19,6000,73.98999786376953,74.83000183105469,75.25,73.98999786376953,73.42766571044922
2007-03-16,6600,74.19999694824219,74.55000305175781,74.55000305175781,73.91999816894531,73.15290832519531
2007-03-15,2900,74.83000183105469,74.12999725341797,75.52999877929688,73.56999969482422,72.74077606201172
2007-03-14,2500,74.12999725341797,75.25,75.52999877929688,74.12999725341797,73.83978271484375
2007-03-13,4600,73.98999786376953,74.12999725341797,74.69000244140625,73.63999938964844,72.74077606201172
2007-03-12,8100,71.4000015258789,73.56999969482422,75.45999908447266,71.4000015258789,72.1912612915039
2007-03-09,5000,72.16999816894531,70.83999633789062,73.08000183105469,70.7699966430664,69.5124282836914
2007-03-08,2100,71.47000122070312,73.43000030517578,73.91999816894531,71.47000122070312,72.05388641357422
2007-03-07,3900,72.7300033569336,71.75,73.5,71.75,70.40538024902344
2007-03-06,2800,72.30999755859375,73.43000030517578,74.05999755859375,71.81999969482422,72.05388641357422
2007-03-05,2300,71.61000061035156,72.66000366210938,73.77999877929688,70.3499984741211,71.29833221435547
2007-03-02,3100,74.19999694824219,73.77999877929688,75.87999725341797,72.87000274658203,72.39732360839844
2007-03-01,3600,73.5,74.19999694824219,74.62000274658203,66.8499984741211,72.8094482421875
2007-02-28,11000,73.22000122070312,73.77999877929688,74.33999633789062,67.69000244140625,72.39732360839844
2007-02-27,3800,74.55000305175781,71.54000091552734,75.5999984741211,71.4000015258789,70.19932556152344
2007-02-26,2400,75.66999816894531,75.11000061035156,77.0,74.55000305175781,73.70242309570312
2007-02-23,2400,75.31999969482422,75.87999725341797,76.72000122070312,74.62000274658203,74.45797729492188
2007-02-22,3800,76.79000091552734,74.62000274658203,76.93000030517578,74.33999633789062,73.22158813476562
2007-02-21,2100,75.45999908447266,76.58000183105469,76.93000030517578,75.45999908447266,75.14485931396484
2007-02-20,5100,72.0999984741211,76.08999633789062,76.08999633789062,72.0999984741211,74.6640396118164
2007-02-16,13500,79.30999755859375,72.02999877929688,79.30999755859375,68.04000091552734,70.68013763427734
2007-02-15,3300,78.47000122070312,78.81999969482422,80.43000030517578,78.33000183105469,77.3428726196289
2007-02-14,3900,77.62999725341797,78.19000244140625,78.26000213623047,77.48999786376953,76.72469329833984
2007-02-13,5200,77.41999816894531,77.55999755859375,79.37999725341797,76.79000091552734,76.10649871826172
2007-02-12,8500,73.56999969482422,77.41999816894531,78.26000213623047,70.20999908447266,75.96912384033203
2007-02-09,2900,73.5,73.36000061035156,73.56999969482422,73.08000183105469,71.98519897460938
2007-02-08,2000,72.23999786376953,73.08000183105469,73.43000030517578,72.23999786376953,71.71046447753906
2007-02-07,4100,73.01000213623047,72.5199966430664,73.01000213623047,72.5199966430664,71.16094207763672
2007-02-06,2900,72.7300033569336,73.08000183105469,73.08000183105469,70.0,71.71046447753906
2007-02-05,7800,73.5,71.05000305175781,73.5,70.91000366210938,69.71849060058594
2007-02-02,4000,71.19000244140625,71.05000305175781,71.19000244140625,69.6500015258789,69.71849060058594
2007-02-01,3900,68.66999816894531,70.55999755859375,70.7699966430664,68.5999984741211,69.23766326904297
2007-01-31,3400,65.80000305175781,69.08999633789062,69.51000213623047,65.80000305175781,67.79522705078125
2007-01-30,2300,65.94000244140625,66.77999877929688,67.19999694824219,65.94000244140625,65.52852630615234
2007-01-29,6600,67.9000015258789,67.19999694824219,68.45999908447266,66.5,65.94064331054688
2007-01-26,1100,66.56999969482422,66.98999786376953,67.12999725341797,66.5,65.73457336425781
2007-01-25,3100,66.91999816894531,66.56999969482422,66.91999816894531,65.80000305175781,65.32245635986328
2007-01-24,3500,66.08000183105469,66.98999786376953,67.69000244140625,66.08000183105469,65.73457336425781
2007-01-23,4300,63.90999984741211,66.8499984741211,66.8499984741211,63.90999984741211,65.5971908569336
2007-01-22,3800,66.5,67.2699966430664,67.2699966430664,64.4000015258789,66.00933074951172
2007-01-19,8700,64.95999908447266,66.08000183105469,66.91999816894531,61.25,64.84163665771484
2007-01-18,6500,60.900001525878906,65.23999786376953,65.23999786376953,60.83000183105469,64.01737976074219
2007-01-17,6800,59.9900016784668,60.20000076293945,60.970001220703125,59.9900016784668,59.07182693481445
2007-01-16,5100,60.54999923706055,60.130001068115234,62.439998626708984,60.130001068115234,59.003143310546875
2007-01-12,6600,62.58000183105469,60.47999954223633,62.650001525878906,60.40999984741211,59.346580505371094
2007-01-11,5900,66.1500015258789,63.560001373291016,66.1500015258789,63.0,62.368858337402344
2007-01-10,11600,65.0999984741211,64.61000061035156,68.5999984741211,62.720001220703125,63.39917755126953
2007-01-09,2500,60.54999923706055,61.25,61.459999084472656,59.9900016784668,60.10215377807617
2007-01-08,1900,62.439998626708984,60.970001220703125,62.439998626708984,60.83000183105469,59.827396392822266
2007-01-05,3300,61.529998779296875,61.880001068115234,62.58000183105469,61.18000030517578,60.72034454345703
2007-01-04,3100,61.66999816894531,61.599998474121094,62.439998626708984,61.38999938964844,60.44559097290039
2007-01-03,4900,61.18000030517578,61.18000030517578,62.15999984741211,60.7599983215332,60.03346633911133
2006-12-29,15600,58.59000015258789,60.7599983215332,60.7599983215332,58.310001373291016,59.62133026123047
2006-12-28,5200,60.20000076293945,59.08000183105469,60.47999954223633,58.939998626708984,57.972816467285156
2006-12-27,3800,59.63999938964844,60.34000015258789,60.83000183105469,59.63999938964844,59.209205627441406
2006-12-26,5900,57.75,60.060001373291016,60.619998931884766,57.75,58.93445587158203
2006-12-22,13800,60.689998626708984,58.310001373291016,60.689998626708984,56.70000076293945,57.21725082397461
2006-12-21,2900,60.970001220703125,60.619998931884766,61.38999938964844,60.54999923706055,59.48396301269531
2006-12-20,2000,62.650001525878906,62.15999984741211,62.93000030517578,62.02000045776367,60.995094299316406
2006-12-19,1900,62.29999923706055,62.720001220703125,63.0,61.95000076293945,61.54460525512695
2006-12-18,2500,63.279998779296875,62.650001525878906,63.560001373291016,62.650001525878906,61.47591781616211
2006-12-15,3200,63.90999984741211,63.279998779296875,64.19000244140625,63.279998779296875,62.0941162109375
2006-12-14,17000,64.26000213623047,63.77000045776367,64.26000213623047,63.70000076293945,62.574920654296875
2006-12-13,4000,64.19000244140625,63.84000015258789,64.54000091552734,63.70000076293945,62.64361572265625
2006-12-12,3800,63.70000076293945,64.26000213623047,64.68000030517578,63.209999084472656,63.05574417114258
2006-12-11,1000,64.4000015258789,64.33000183105469,64.4000015258789,64.05000305175781,63.12442398071289
2006-12-08,3700,64.75,64.47000122070312,65.23999786376953,64.33000183105469,63.26180648803711
2006-12-07,5000,63.70000076293945,64.33000183105469,64.61000061035156,63.0,63.12442398071289
2006-12-06,2900,62.93000030517578,62.86000061035156,62.93000030517578,62.29999923706055,61.68198776245117
2006-12-05,2100,63.0,62.86000061035156,63.349998474121094,62.720001220703125,61.68198776245117
2006-12-04,1600,63.70000076293945,63.349998474121094,63.84000015258789,63.349998474121094,62.16279220581055
2006-12-01,5500,63.0,63.630001068115234,63.97999954223633,62.29999923706055,62.43755340576172
2006-11-30,4700,62.790000915527344,62.790000915527344,63.97999954223633,61.7400016784668,61.61328887939453
2006-11-29,3500,64.81999969482422,64.05000305175781,64.81999969482422,59.709999084472656,62.84968185424805
2006-11-28,3200,65.44999694824219,65.23999786376953,66.5,65.0999984741211,64.01737976074219
2006-11-27,4100,65.44999694824219,65.87000274658203,65.87000274658203,64.05000305175781,64.63558197021484
2006-11-24,400,65.80000305175781,65.16999816894531,65.80000305175781,64.81999969482422,63.94868087768555
2006-11-22,400,65.44999694824219,66.08000183105469,66.1500015258789,65.16999816894531,64.84163665771484
2006-11-21,1800,66.29000091552734,65.44999694824219,67.33999633789062,64.68000030517578,64.22344207763672
2006-11-20,1500,65.02999877929688,66.8499984741211,67.55000305175781,64.19000244140625,65.5971908569336
2006-11-17,2700,66.29000091552734,65.7300033569336,67.41000366210938,65.16999816894531,64.49819946289062
2006-11-16,1900,64.75,66.29000091552734,66.36000061035156,64.47000122070312,65.04771423339844
2006-11-15,4600,63.70000076293945,65.16999816894531,66.5,63.70000076293945,63.94868087768555
2006-11-14,3000,64.12000274658203,66.08000183105469,66.43000030517578,63.97999954223633,64.84163665771484
2006-11-13,1200,66.5,66.70999908447266,67.4800033569336,66.43000030517578,65.4107666015625
2006-11-10,1200,66.8499984741211,67.69000244140625,67.83000183105469,66.1500015258789,66.3716812133789
2006-11-09,1700,68.5999984741211,67.76000213623047,68.5999984741211,66.22000122070312,66.4403076171875
2006-11-08,2000,66.29000091552734,67.12999725341797,67.41000366210938,65.66000366210938,65.82258605957031
2006-11-07,2800,68.18000030517578,67.19999694824219,68.38999938964844,65.30999755859375,65.89122772216797
2006-11-06,1400,69.08999633789062,68.73999786376953,69.16000366210938,67.33999633789062,67.40122985839844
2006-11-03,2500,67.19999694824219,66.98999786376953,68.52999877929688,66.1500015258789,65.68529510498047
2006-11-02,2800,68.73999786376953,66.56999969482422,69.93000030517578,65.16999816894531,65.27347564697266
2006-11-01,10400,70.0,69.6500015258789,70.13999938964844,62.15999984741211,68.29351043701172
2006-10-31,5100,70.0,70.0,70.48999786376953,66.8499984741211,68.63670349121094
2006-10-30,4200,69.86000061035156,70.20999908447266,70.62999725341797,69.08999633789062,68.84259796142578
2006-10-27,4600,70.69999694824219,70.0,70.69999694824219,70.0,68.63670349121094
2006-10-26,1800,70.3499984741211,70.41999816894531,70.69999694824219,70.0,69.04851531982422
2006-10-25,1600,69.86000061035156,70.06999969482422,71.05000305175781,69.86000061035156,68.70531463623047
2006-10-24,800,70.69999694824219,70.20999908447266,70.83999633789062,70.06999969482422,68.84259796142578
2006-10-23,4200,71.75,71.05000305175781,71.75,70.0,69.6662368774414
2006-10-20,2500,71.33000183105469,71.68000030517578,71.68000030517578,70.41999816894531,70.28396606445312
2006-10-19,1300,70.0,70.55999755859375,71.33000183105469,68.80999755859375,69.1857681274414
2006-10-18,2900,69.58000183105469,70.0,71.68000030517578,67.55000305175781,68.63670349121094
2006-10-17,2300,70.0,70.06999969482422,70.55999755859375,69.86000061035156,68.70531463623047
2006-10-16,4000,67.55000305175781,69.72000122070312,71.4000015258789,67.55000305175781,68.36213684082031
2006-10-13,2500,67.76000213623047,68.04000091552734,68.73999786376953,67.62000274658203,66.7148666381836
2006-10-12,2000,67.62000274658203,68.11000061035156,68.45999908447266,67.55000305175781,66.78350830078125
2006-10-11,3200,66.91999816894531,67.83000183105469,67.9000015258789,66.91999816894531,66.50895690917969
2006-10-10,3400,65.44999694824219,66.5,67.05999755859375,64.4000015258789,65.20487213134766
2006-10-09,5300,63.630001068115234,66.01000213623047,66.43000030517578,63.13999938964844,64.72441101074219
2006-10-06,1900,63.77000045776367,64.33000183105469,64.4000015258789,63.77000045776367,63.07711410522461
2006-10-05,2400,62.5099983215332,63.84000015258789,64.05000305175781,62.5099983215332,62.59666442871094
2006-10-04,2100,62.5099983215332,63.0,63.560001373291016,62.5099983215332,61.77301025390625
2006-10-03,3700,63.0,63.06999969482422,63.560001373291016,63.0,61.84165573120117
2006-10-02,2800,62.29999923706055,63.13999938964844,63.630001068115234,62.29999923706055,61.91029357910156
2006-09-29,3300,62.93000030517578,62.93000030517578,63.630001068115234,62.720001220703125,61.70438003540039
2006-09-28,2100,63.0,63.0,63.349998474121094,63.0,61.77301025390625
2006-09-27,2500,62.369998931884766,63.0,63.630001068115234,62.369998931884766,61.77301025390625
2006-09-26,3400,61.25,62.09000015258789,62.439998626708984,59.0099983215332,60.88074493408203
2006-09-25,2100,59.220001220703125,61.7400016784668,62.650001525878906,59.220001220703125,60.537567138671875
2006-09-22,3300,57.75,60.34000015258789,63.4900016784668,57.04999923706055,59.164825439453125
2006-09-21,2000,59.709999084472656,60.40999984741211,62.09000015258789,59.63999938964844,59.233463287353516
2006-09-20,2900,59.5,61.18000030517578,62.02000045776367,59.5,59.98846435546875
2006-09-19,2800,59.290000915527344,59.5,60.40999984741211,57.400001525878906,58.34117889404297
2006-09-18,3400,57.119998931884766,58.72999954223633,58.72999954223633,56.13999938964844,57.586177825927734
2006-09-15,4100,57.33000183105469,56.630001068115234,57.400001525878906,56.0,55.52708053588867
2006-09-14,1500,56.4900016784668,57.68000030517578,57.68000030517578,56.4900016784668,56.55662536621094
2006-09-13,2600,56.06999969482422,56.41999816894531,56.70000076293945,56.0,55.321170806884766
2006-09-12,5400,56.0,55.720001220703125,56.13999938964844,55.439998626708984,54.63480758666992
2006-09-11,3300,56.06999969482422,56.06999969482422,57.04999923706055,56.0,54.97798538208008
2006-09-08,5200,56.349998474121094,56.70000076293945,57.61000061035156,56.349998474121094,55.5957145690918
2006-09-07,3900,57.189998626708984,56.77000045776367,58.380001068115234,56.349998474121094,55.66435623168945
2006-09-06,3200,58.59000015258789,56.90999984741211,58.59000015258789,56.560001373291016,55.801631927490234
2006-09-05,9400,56.209999084472656,59.150001525878906,60.060001373291016,54.25,57.998008728027344
2006-09-01,5500,58.16999816894531,57.540000915527344,59.5,56.77000045776367,56.41935729980469
2006-08-31,4500,61.040000915527344,59.290000915527344,61.18000030517578,59.08000183105469,58.13526916503906
2006-08-30,3600,59.290000915527344,60.060001373291016,60.40999984741211,58.52000045776367,58.890281677246094
2006-08-29,7200,58.380001068115234,58.2400016784668,59.220001220703125,56.0,57.1057243347168
2006-08-28,4300,60.060001373291016,59.43000030517578,60.060001373291016,59.220001220703125,58.27254867553711
2006-08-25,4400,58.2400016784668,59.779998779296875,59.779998779296875,58.2400016784668,58.61573028564453
2006-08-24,9200,60.47999954223633,57.33000183105469,60.47999954223633,56.279998779296875,56.21344757080078
2006-08-23,8400,59.779998779296875,57.88999938964844,59.779998779296875,57.400001525878906,56.76253128051758
2006-08-22,9600,56.97999954223633,59.290000915527344,59.43000030517578,56.0,58.13526916503906
2006-08-21,5100,52.849998474121094,55.93000030517578,56.77000045776367,52.56999969482422,54.84071731567383
2006-08-18,8100,51.2400016784668,52.849998474121094,52.849998474121094,51.2400016784668,51.82069778442383
2006-08-17,10400,52.08000183105469,51.869998931884766,52.08000183105469,51.380001068115234,50.85979080200195
2006-08-16,12000,51.52000045776367,51.72999954223633,51.72999954223633,50.959999084472656,50.722511291503906
2006-08-15,10600,51.16999816894531,51.099998474121094,51.72999954223633,50.75,50.10478973388672
2006-08-14,11600,50.61000061035156,50.88999938964844,51.59000015258789,50.400001525878906,49.898868560791016
2006-08-11,10500,49.13999938964844,50.04999923706055,51.029998779296875,48.93000030517578,49.07523727416992
2006-08-10,7800,49.70000076293945,49.0,49.97999954223633,48.790000915527344,48.04568099975586
2006-08-09,23600,50.75,49.630001068115234,51.45000076293945,49.0,48.66340637207031
2006-08-08,43400,49.0,50.189998626708984,51.310001373291016,48.22999954223633,49.21249771118164
2006-08-07,120000,69.93000030517578,47.25,69.93000030517578,45.220001220703125,46.32977294921875
2006-08-04,5900,70.27999877929688,72.16999816894531,72.58999633789062,70.27999877929688,70.7644271850586
2006-08-03,1600,70.27999877929688,70.83999633789062,70.83999633789062,70.0,69.4603271484375
2006-08-02,2600,68.80999755859375,70.3499984741211,70.55999755859375,68.38999938964844,68.97986602783203
2006-08-01,3000,67.83000183105469,68.31999969482422,69.72000122070312,67.55000305175781,66.98941040039062
2006-07-31,1900,67.62000274658203,67.9000015258789,68.52999877929688,67.19999694824219,66.57759857177734
2006-07-28,3500,68.94999694824219,67.83000183105469,68.94999694824219,67.41000366210938,66.50895690917969
2006-07-27,1200,68.45999908447266,68.73999786376953,69.44000244140625,68.11000061035156,67.40122985839844
2006-07-26,2400,67.97000122070312,67.9000015258789,69.37000274658203,66.70999908447266,66.57759857177734
2006-07-25,2700,69.16000366210938,68.45999908447266,69.16000366210938,66.98999786376953,67.1266860961914
2006-07-24,800,66.8499984741211,68.18000030517578,69.0199966430664,66.77999877929688,66.85212707519531
2006-07-21,1500,67.19999694824219,66.29000091552734,67.4800033569336,66.29000091552734,64.99896240234375
2006-07-20,1300,66.29000091552734,66.36000061035156,66.70999908447266,66.29000091552734,65.06758117675781
2006-07-19,1000,66.22000122070312,66.36000061035156,66.70999908447266,66.22000122070312,65.06758117675781
2006-07-18,1300,65.87000274658203,66.63999938964844,66.63999938964844,65.66000366210938,65.34211730957031
2006-07-17,2400,66.01000213623047,65.66000366210938,66.77999877929688,65.16999816894531,64.38121032714844
2006-07-14,2000,66.70999908447266,66.1500015258789,66.77999877929688,65.87000274658203,64.86166381835938
2006-07-13,3400,66.5,66.5,67.19999694824219,65.80000305175781,65.20487213134766
2006-07-12,2800,66.08000183105469,66.63999938964844,67.2699966430664,66.08000183105469,65.34211730957031
2006-07-11,4100,66.5,66.5,66.8499984741211,66.43000030517578,65.20487213134766
2006-07-10,3300,67.9000015258789,66.77999877929688,67.97000122070312,66.22000122070312,65.47940826416016
2006-07-07,4200,65.5199966430664,67.05999755859375,67.2699966430664,65.30999755859375,65.75395965576172
2006-07-06,5400,67.55000305175781,65.7300033569336,67.62000274658203,65.16999816894531,64.4498519897461
2006-07-05,1600,68.52999877929688,67.55000305175781,68.52999877929688,67.4800033569336,66.23441314697266
2006-07-03,3400,69.6500015258789,68.80999755859375,71.68000030517578,68.38999938964844,67.46987915039062
2006-06-30,3300,68.52999877929688,69.16000366210938,69.58000183105469,67.9000015258789,67.81306457519531
2006-06-29,3300,68.04000091552734,67.83000183105469,68.25,66.98999786376953,66.50895690917969
2006-06-28,2900,67.76000213623047,67.4800033569336,68.45999908447266,67.4800033569336,66.16576385498047
2006-06-27,3400,69.79000091552734,67.33999633789062,69.79000091552734,67.19999694824219,66.02848815917969
2006-06-26,2100,71.05000305175781,69.51000213623047,71.12000274658203,69.37000274658203,68.15623474121094
2006-06-23,900,69.86000061035156,70.62999725341797,70.62999725341797,69.86000061035156,69.25443267822266
2006-06-22,1800,69.37000274658203,70.20999908447266,70.3499984741211,69.08999633789062,68.84259796142578
2006-06-21,2300,69.58000183105469,69.37000274658203,69.79000091552734,68.31999969482422,68.01895141601562
2006-06-20,3500,67.97000122070312,69.44000244140625,69.44000244140625,67.41000366210938,68.08758544921875
2006-06-19,6400,70.3499984741211,67.83000183105469,70.55999755859375,67.83000183105469,66.50895690917969
2006-06-16,8500,65.7300033569336,70.41999816894531,71.12000274658203,65.37999725341797,69.04851531982422
2006-06-15,6500,66.5,65.7300033569336,67.41000366210938,65.37999725341797,64.4498519897461
2006-06-14,12800,65.37999725341797,65.66000366210938,67.97000122070312,65.37999725341797,64.38121032714844
2006-06-13,23900,68.25,65.44999694824219,68.94999694824219,63.97999954223633,64.17530822753906
2006-06-12,9200,68.5999984741211,68.52999877929688,69.37000274658203,68.31999969482422,67.1953125
2006-06-09,4300,69.93000030517578,68.87999725341797,69.93000030517578,68.80999755859375,67.53850555419922
2006-06-08,3400,69.30000305175781,69.51000213623047,70.13999938964844,68.5999984741211,68.15623474121094
2006-06-07,6800,69.72000122070312,69.37000274658203,69.86000061035156,68.94999694824219,68.01895141601562
2006-06-06,5600,69.51000213623047,69.44000244140625,70.13999938964844,68.04000091552734,68.08758544921875
2006-06-05,15100,71.75,69.51000213623047,71.75,69.30000305175781,68.15623474121094
2006-06-02,5800,74.55000305175781,71.81999969482422,74.55000305175781,71.75,70.42123413085938
2006-06-01,5500,78.12000274658203,74.97000122070312,78.12000274658203,74.9000015258789,73.5098876953125
2006-05-31,6900,74.41000366210938,77.69999694824219,77.9800033569336,74.41000366210938,76.18672180175781
2006-05-30,5200,77.0,74.41000366210938,77.0,74.19999694824219,72.9607925415039
2006-05-26,1300,77.0,76.86000061035156,77.0,76.08999633789062,75.36308288574219
2006-05-25,4800,75.18000030517578,76.44000244140625,77.0,72.58999633789062,74.95125579833984
2006-05-24,5700,76.44000244140625,74.76000213623047,76.44000244140625,73.29000091552734,73.30399322509766
2006-05-23,8600,74.55000305175781,76.30000305175781,76.6500015258789,74.41000366210938,74.81399536132812
2006-05-22,12200,75.52999877929688,74.12999725341797,76.2300033569336,73.56999969482422,72.6862564086914
2006-05-19,2900,74.41000366210938,75.80999755859375,76.30000305175781,74.19999694824219,74.33352661132812
2006-05-18,10000,74.12999725341797,75.5999984741211,76.08999633789062,73.5,74.12761688232422
2006-05-17,8400,74.05999755859375,74.19999694824219,74.55000305175781,72.5199966430664,72.7548828125
2006-05-16,24900,73.8499984741211,74.12999725341797,76.0199966430664,73.5,72.6862564086914
2006-05-15,11300,73.43000030517578,73.5,75.11000061035156,71.4000015258789,72.06852722167969
2006-05-12,18500,77.62999725341797,73.8499984741211,79.02999877929688,72.87000274658203,72.41171264648438
2006-05-11,6800,78.12000274658203,77.3499984741211,79.44999694824219,77.0,75.84355163574219
2006-05-10,20500,79.37999725341797,79.02999877929688,80.5,78.26000213623047,77.44180297851562
2006-05-09,14900,77.06999969482422,79.02999877929688,79.02999877929688,77.0,77.44180297851562
2006-05-08,10100,77.0,77.48999786376953,77.69999694824219,75.94999694824219,75.9327392578125
2006-05-05,15200,78.75,77.06999969482422,78.95999908447266,75.66999816894531,75.52119445800781
2006-05-04,10600,81.12999725341797,78.4000015258789,81.19999694824219,77.3499984741211,76.82445526123047
2006-05-03,16500,79.80000305175781,80.56999969482422,81.55000305175781,79.30999755859375,78.95085906982422
2006-05-02,13600,78.81999969482422,79.30999755859375,80.43000030517578,78.05000305175781,77.71615600585938
2006-05-01,5400,78.54000091552734,77.7699966430664,78.95999908447266,77.62999725341797,76.20710754394531
2006-04-28,3800,78.61000061035156,78.33000183105469,79.16999816894531,78.12000274658203,76.75585174560547
2006-04-27,4900,79.0999984741211,78.88999938964844,79.30999755859375,78.05000305175781,77.30461883544922
2006-04-26,14800,79.66000366210938,79.23999786376953,79.66000366210938,77.83999633789062,77.64757537841797
2006-04-25,26500,78.75,77.69999694824219,79.80000305175781,77.20999908447266,76.13851928710938
2006-04-24,12000,79.30999755859375,77.62999725341797,80.08000183105469,77.0,76.0699234008789
2006-04-21,13400,79.87000274658203,79.66000366210938,80.56999969482422,79.44999694824219,78.05915832519531
2006-04-20,15500,81.4800033569336,79.44999694824219,83.30000305175781,79.44999694824219,77.8533706665039
2006-04-19,5800,82.52999877929688,81.83000183105469,83.93000030517578,81.41000366210938,80.18553161621094
2006-04-18,14700,80.56999969482422,82.11000061035156,83.79000091552734,80.5,80.45989990234375
2006-04-17,25200,79.80000305175781,80.8499984741211,84.0,79.80000305175781,79.22521209716797
2006-04-13,6600,79.87000274658203,79.23999786376953,80.08000183105469,78.33000183105469,77.64757537841797
2006-04-12,11200,79.80000305175781,79.58999633789062,80.5,79.44999694824219,77.99053955078125
2006-04-11,20500,79.02999877929688,79.7300033569336,80.1500015258789,78.95999908447266,78.12771606445312
2006-04-10,20600,80.5,79.02999877929688,81.4800033569336,78.75,77.44180297851562
2006-04-07,20700,82.66999816894531,80.5,82.66999816894531,79.7300033569336,78.88227081298828
2006-04-06,76000,85.19000244140625,81.83000183105469,85.19000244140625,80.56999969482422,80.18553161621094
2006-04-05,9100,83.16000366210938,81.55000305175781,86.80000305175781,81.19999694824219,79.9111557006836
2006-04-04,20300,81.62000274658203,82.73999786376953,83.93000030517578,80.5,81.07722473144531
2006-04-03,26500,86.16999816894531,81.19999694824219,90.0199966430664,79.58999633789062,79.56819152832031
2006-03-31,8300,88.19999694824219,86.7300033569336,91.0,85.95999908447266,84.987060546875
2006-03-30,16200,85.12000274658203,88.05999755859375,88.19999694824219,84.69999694824219,86.29032897949219
2006-03-29,7100,81.41000366210938,83.86000061035156,86.30999755859375,81.41000366210938,82.17473602294922
2006-03-28,27000,77.41999816894531,81.41000366210938,87.01000213623047,77.41999816894531,79.77396392822266
2006-03-27,8400,77.62999725341797,77.27999877929688,81.12999725341797,77.0,75.7269515991211
2006-03-24,10400,79.37999725341797,77.9800033569336,80.08000183105469,77.41999816894531,76.41290283203125
2006-03-23,10300,79.30999755859375,79.66000366210938,80.43000030517578,78.26000213623047,78.05915832519531
2006-03-22,15200,85.05000305175781,80.5,85.05000305175781,80.08000183105469,78.88227081298828
2006-03-21,4500,85.19000244140625,85.19000244140625,86.0999984741211,84.62999725341797,83.47801971435547
2006-03-20,3100,85.81999969482422,85.54000091552734,86.5199966430664,85.26000213623047,83.82096862792969
2006-03-17,6000,84.91000366210938,85.81999969482422,86.5199966430664,84.91000366210938,84.0953369140625
2006-03-16,5700,86.5199966430664,84.91000366210938,87.08000183105469,84.91000366210938,83.20365142822266
2006-03-15,9600,84.83999633789062,86.80000305175781,87.5,84.41999816894531,85.05565643310547
2006-03-14,9800,85.75,84.62999725341797,85.75,84.20999908447266,82.92924499511719
2006-03-13,13700,90.51000213623047,86.23999786376953,90.51000213623047,85.88999938964844,84.50691223144531
2006-03-10,8400,91.48999786376953,90.93000030517578,91.9800033569336,89.18000030517578,89.10265350341797
2006-03-09,8400,92.26000213623047,90.93000030517578,92.88999938964844,90.44000244140625,89.10265350341797
2006-03-08,15700,94.8499984741211,91.62999725341797,94.8499984741211,90.79000091552734,89.78857421875
2006-03-07,16800,95.55000305175781,94.63999938964844,95.69000244140625,92.75,92.73810577392578
2006-03-06,18600,94.1500015258789,95.05999755859375,95.83000183105469,92.75,93.149658203125
2006-03-03,11000,94.08000183105469,93.5199966430664,94.5,92.19000244140625,91.64059448242188
2006-03-02,20500,97.16000366210938,92.61000061035156,98.20999908447266,88.62000274658203,90.74888610839844
2006-03-01,29900,91.9800033569336,96.52999877929688,98.69999694824219,91.69999694824219,94.5901107788086
2006-02-28,17300,97.08999633789062,92.26000213623047,97.08999633789062,91.91000366210938,90.40591430664062
2006-02-27,28000,87.5,95.97000122070312,97.51000213623047,87.22000122070312,94.04137420654297
2006-02-24,21300,84.55999755859375,87.5,88.62000274658203,84.06999969482422,85.7415771484375
2006-02-23,16300,80.91999816894531,84.13999938964844,87.29000091552734,80.91999816894531,82.44911193847656
2006-02-22,21000,83.30000305175781,80.91999816894531,83.30000305175781,78.54000091552734,79.29380798339844
2006-02-21,20000,86.0999984741211,84.3499984741211,88.69000244140625,82.5999984741211,82.65489196777344
2006-02-17,11000,86.58999633789062,86.80000305175781,87.5,84.48999786376953,85.05565643310547
2006-02-16,12200,89.04000091552734,86.58999633789062,89.31999969482422,84.41999816894531,84.84986114501953
2006-02-15,19600,86.87000274658203,89.04000091552734,90.72000122070312,86.0999984741211,87.25064849853516
2006-02-14,33700,92.68000030517578,87.36000061035156,93.44999694824219,86.16999816894531,85.60438537597656
2006-02-13,17300,97.6500015258789,93.0999984741211,98.83999633789062,91.48999786376953,91.22904968261719
2006-02-10,18400,96.52999877929688,98.27999877929688,100.37999725341797,95.69000244140625,96.30494689941406
2006-02-09,24600,98.0,96.31999969482422,98.9800033569336,94.77999877929688,94.38434600830078
2006-02-08,23600,98.0,98.27999877929688,103.11000061035156,96.94999694824219,96.30494689941406
2006-02-07,16600,103.5999984741211,99.68000030517578,105.0,99.26000213623047,97.67680358886719
2006-02-06,28400,106.4000015258789,104.30000305175781,106.75,100.30999755859375,102.20397186279297
2006-02-03,14000,112.62999725341797,108.43000030517578,113.68000030517578,107.5199966430664,106.25096893310547
2006-02-02,10600,113.4000015258789,113.88999938964844,115.43000030517578,112.41999816894531,111.60124969482422
2006-02-01,15600,111.44000244140625,112.83999633789062,115.5,109.4800033569336,110.57234954833984
2006-01-31,21800,116.76000213623047,111.72000122070312,118.30000305175781,111.37000274658203,109.47484588623047
2006-01-30,18900,116.41000366210938,117.04000091552734,122.29000091552734,115.63999938964844,114.68793487548828
2006-01-27,24400,119.48999786376953,118.0199966430664,120.75,115.8499984741211,115.64823150634766
2006-01-26,19100,126.0,122.43000030517578,126.0,120.12000274658203,119.9696273803711
2006-01-25,32200,129.85000610351562,125.58000183105469,130.8300018310547,120.75,123.05631256103516
2006-01-24,45900,114.66000366210938,126.69999694824219,128.10000610351562,113.05000305175781,124.15380859375
2006-01-23,29300,114.37999725341797,112.27999877929688,114.7300033569336,107.58999633789062,110.02360534667969
2006-01-20,37500,106.26000213623047,112.91000366210938,112.9800033569336,105.48999786376953,110.64093780517578
2006-01-19,19700,101.91999816894531,105.83999633789062,107.80000305175781,100.80000305175781,103.71302032470703
2006-01-18,6000,100.44999694824219,101.43000030517578,101.77999877929688,98.27999877929688,99.39163970947266
2006-01-17,11400,98.69999694824219,100.44999694824219,100.80000305175781,94.56999969482422,98.43134307861328
2006-01-13,5800,101.01000213623047,99.75,101.01000213623047,98.06999969482422,97.74539947509766
2006-01-12,13200,100.0999984741211,98.27999877929688,102.9000015258789,98.0,96.30494689941406
2006-01-11,17900,98.0,100.0999984741211,105.69999694824219,97.0199966430664,98.08837890625
2006-01-10,4300,94.5,97.44000244140625,98.3499984741211,93.37999725341797,95.48181915283203
2006-01-09,8200,94.98999786376953,95.41000366210938,96.94999694824219,93.37999725341797,93.49263763427734
2006-01-06,6600,99.75,97.79000091552734,99.75,96.45999908447266,95.82479858398438
2006-01-05,6200,97.93000030517578,98.7699966430664,101.36000061035156,97.93000030517578,96.78508758544922
2006-01-04,10500,93.44999694824219,97.93000030517578,98.20999908447266,93.30999755859375,95.96198272705078
2006-01-03,7000,92.75,94.77999877929688,96.11000061035156,91.48999786376953,92.87527465820312
2005-12-30,11000,91.9800033569336,92.26000213623047,94.01000213623047,89.52999877929688,90.40591430664062
2005-12-29,19600,95.05999755859375,95.4800033569336,96.52999877929688,88.33999633789062,93.56121826171875
2005-12-28,30800,105.7699966430664,97.0199966430664,107.0999984741211,92.75,95.07026672363281
2005-12-27,23400,94.63999938964844,107.02999877929688,109.12999725341797,94.5,104.87911987304688
2005-12-23,9400,90.58000183105469,94.91999816894531,96.18000030517578,90.58000183105469,93.01246643066406
2005-12-22,15900,88.9000015258789,91.20999908447266,91.48999786376953,86.66000366210938,89.37702941894531
2005-12-21,33200,83.93000030517578,88.76000213623047,89.87999725341797,83.30000305175781,86.97627258300781
2005-12-20,4800,82.25,82.80999755859375,82.87999725341797,81.62000274658203,81.14583587646484
2005-12-19,6000,80.1500015258789,81.19999694824219,81.9000015258789,80.1500015258789,79.56819152832031
2005-12-16,8800,80.43000030517578,80.8499984741211,80.8499984741211,79.23999786376953,79.22521209716797
2005-12-15,6200,77.69999694824219,78.88999938964844,79.80000305175781,75.5999984741211,77.30461883544922
2005-12-14,8200,75.25,78.26000213623047,78.75,75.11000061035156,76.68727111816406
2005-12-13,5300,77.0,76.51000213623047,77.55999755859375,76.44000244140625,74.9724349975586
2005-12-12,3900,75.94999694824219,76.44000244140625,77.3499984741211,75.94999694824219,74.90384674072266
2005-12-09,6300,73.91999816894531,75.38999938964844,76.37000274658203,73.91999816894531,73.87494659423828
2005-12-08,6100,72.5199966430664,73.5,73.56999969482422,72.0999984741211,72.02294921875
2005-12-07,5100,73.5,72.87000274658203,73.98999786376953,70.83999633789062,71.40558624267578
2005-12-06,33100,71.26000213623047,75.5999984741211,77.48999786376953,71.26000213623047,74.08071899414062
2005-12-05,5100,70.0,72.23999786376953,72.58999633789062,69.30000305175781,70.78825378417969
2005-12-02,1800,69.6500015258789,69.79000091552734,70.0,69.6500015258789,68.38748931884766
2005-12-01,1100,69.30000305175781,69.6500015258789,70.0,68.80999755859375,68.25030517578125
2005-11-30,4000,68.52999877929688,68.45999908447266,69.6500015258789,67.9000015258789,67.08421325683594
2005-11-29,1500,70.69999694824219,70.27999877929688,70.83999633789062,69.72000122070312,68.86763000488281
2005-11-28,1900,70.0,70.69999694824219,71.05000305175781,69.86000061035156,69.2791976928711
2005-11-25,5500,71.12000274658203,70.06999969482422,71.12000274658203,69.72000122070312,68.66184997558594
2005-11-23,5200,68.52999877929688,69.79000091552734,70.48999786376953,66.5,68.38748931884766
2005-11-22,3000,70.69999694824219,69.86000061035156,70.69999694824219,68.94999694824219,68.4560775756836
2005-11-21,3400,68.73999786376953,69.30000305175781,70.83999633789062,68.66999816894531,67.90733337402344
2005-11-18,3600,68.5999984741211,69.2300033569336,70.0,68.5999984741211,67.83873748779297
2005-11-17,2800,70.0,69.58000183105469,70.0,69.2300033569336,68.18170166015625
2005-11-16,2500,72.7300033569336,69.51000213623047,72.7300033569336,68.25,68.11312103271484
2005-11-15,5700,72.0999984741211,72.16999816894531,72.80000305175781,71.68000030517578,70.71965789794922
2005-11-14,11800,72.94000244140625,71.81999969482422,72.94000244140625,70.48999786376953,70.37669372558594
2005-11-11,7000,75.94999694824219,72.5199966430664,75.94999694824219,71.4000015258789,71.06262969970703
2005-11-10,8800,70.13999938964844,74.76000213623047,75.25,70.13999938964844,73.25761413574219
2005-11-09,35100,76.6500015258789,69.79000091552734,76.6500015258789,66.5,68.38748931884766
2005-11-08,32400,64.81999969482422,77.62999725341797,78.75,64.81999969482422,76.03072357177734
2005-11-07,5000,65.30999755859375,66.1500015258789,66.43000030517578,62.369998931884766,64.7872314453125
2005-11-04,3200,63.0,65.23999786376953,65.44999694824219,63.0,63.89598846435547
2005-11-03,900,61.599998474121094,63.279998779296875,63.279998779296875,61.599998474121094,61.97636795043945
2005-11-02,3400,63.209999084472656,62.439998626708984,64.75,61.599998474121094,61.15366744995117
2005-11-01,1700,61.95000076293945,64.05000305175781,64.81999969482422,61.95000076293945,62.730499267578125
2005-10-31,800,61.95000076293945,62.86000061035156,63.13999938964844,61.95000076293945,61.56501770019531
2005-10-28,1100,62.720001220703125,63.279998779296875,64.19000244140625,61.25,61.97636795043945
2005-10-27,1900,62.29999923706055,63.279998779296875,63.630001068115234,61.459999084472656,61.97636795043945
2005-10-26,1000,61.599998474121094,61.7400016784668,62.58000183105469,61.599998474121094,60.468082427978516
2005-10-25,700,60.900001525878906,62.15999984741211,63.0,60.900001525878906,60.879432678222656
2005-10-24,1100,60.20000076293945,62.58000183105469,63.06999969482422,60.20000076293945,61.29078674316406
2005-10-21,800,62.29999923706055,60.7599983215332,62.29999923706055,60.619998931884766,59.508270263671875
2005-10-20,500,63.560001373291016,62.439998626708984,63.97999954223633,62.439998626708984,61.15366744995117
2005-10-19,2500,61.95000076293945,63.209999084472656,64.19000244140625,61.95000076293945,61.907798767089844
2005-10-18,1500,60.20000076293945,62.650001525878906,63.349998474121094,60.20000076293945,61.35934066772461
2005-10-17,2100,61.25,60.54999923706055,61.459999084472656,60.20000076293945,59.3026008605957
2005-10-14,1400,61.529998779296875,61.31999969482422,62.22999954223633,61.31999969482422,60.05674362182617
2005-10-13,7300,61.38999938964844,61.529998779296875,65.23999786376953,60.20000076293945,60.262420654296875
2005-10-12,1600,60.47999954223633,61.459999084472656,61.599998474121094,60.34000015258789,60.19385528564453
2005-10-11,1100,62.29999923706055,60.34000015258789,62.29999923706055,60.34000015258789,59.096927642822266
2005-10-10,400,61.66999816894531,62.22999954223633,62.22999954223633,61.31999969482422,60.94799041748047
2005-10-07,1600,60.900001525878906,62.5099983215332,62.93000030517578,60.900001525878906,61.222225189208984
2005-10-06,2700,60.619998931884766,61.880001068115234,63.209999084472656,60.27000045776367,60.60520935058594
2005-10-05,1900,62.650001525878906,61.95000076293945,62.650001525878906,59.5,60.67375564575195
2005-10-04,1200,65.0999984741211,62.790000915527344,65.0999984741211,62.720001220703125,61.49645233154297
2005-10-03,1600,63.209999084472656,64.4000015258789,64.75,63.209999084472656,63.07329177856445
2005-09-30,3400,63.0,64.12000274658203,65.0999984741211,62.650001525878906,62.79905319213867
2005-09-29,3800,62.650001525878906,62.369998931884766,62.93000030517578,61.25,61.085113525390625
2005-09-28,3100,61.25,61.599998474121094,61.810001373291016,61.25,60.330970764160156
2005-09-27,3300,59.5,60.40999984741211,61.810001373291016,58.79999923706055,59.165489196777344
2005-09-26,2800,58.939998626708984,59.36000061035156,59.36000061035156,58.16999816894531,58.13711929321289
2005-09-23,1700,56.84000015258789,58.79999923706055,59.08000183105469,56.84000015258789,57.58864974975586
2005-09-22,3700,58.65999984741211,57.470001220703125,58.65999984741211,56.84000015258789,56.28605270385742
2005-09-21,2300,58.65999984741211,57.75,58.65999984741211,56.84000015258789,56.56028366088867
2005-09-20,3000,56.77000045776367,58.380001068115234,58.45000076293945,56.77000045776367,57.17730712890625
2005-09-19,9800,57.75,58.310001373291016,58.939998626708984,56.84000015258789,57.10874557495117
2005-09-16,11900,58.79999923706055,59.56999969482422,60.689998626708984,56.70000076293945,58.342796325683594
2005-09-15,2300,60.130001068115234,59.220001220703125,61.25,59.220001220703125,58.000003814697266
2005-09-14,2800,60.20000076293945,59.43000030517578,61.459999084472656,59.43000030517578,58.20568084716797
2005-09-13,5300,64.12000274658203,60.619998931884766,64.12000274658203,59.9900016784668,59.371158599853516
2005-09-12,3500,62.29999923706055,62.29999923706055,64.05000305175781,62.29999923706055,61.01655197143555
2005-09-09,3900,62.369998931884766,63.209999084472656,64.05000305175781,62.29999923706055,61.907798767089844
2005-09-08,400,63.77000045776367,64.19000244140625,64.95999908447266,63.77000045776367,62.86761474609375
2005-09-07,1400,62.58000183105469,63.77000045776367,64.05000305175781,62.439998626708984,62.45626449584961
2005-09-06,5100,58.52000045776367,63.0,64.33000183105469,58.52000045776367,61.70212936401367
2005-09-02,1600,65.23999786376953,65.37999725341797,66.1500015258789,64.61000061035156,64.03309631347656
2005-09-01,2400,64.75,64.4000015258789,65.37999725341797,63.349998474121094,63.07329177856445
2005-08-31,2400,65.30999755859375,64.88999938964844,65.87000274658203,64.75,63.55319595336914
2005-08-30,5600,66.22000122070312,64.47000122070312,66.5,63.349998474121094,63.1418571472168
2005-08-29,9900,59.290000915527344,64.12000274658203,65.30999755859375,59.290000915527344,62.79905319213867
2005-08-26,5900,60.47999954223633,60.40999984741211,61.880001068115234,60.27000045776367,59.165489196777344
2005-08-25,14000,66.5,61.95000076293945,66.5,60.34000015258789,60.67375564575195
2005-08-24,5900,67.19999694824219,66.36000061035156,68.45999908447266,66.36000061035156,64.99290466308594
2005-08-23,2200,69.16000366210938,67.4800033569336,69.16000366210938,67.4800033569336,66.08982849121094
2005-08-22,1900,68.66999816894531,68.5999984741211,69.51000213623047,68.5999984741211,67.18677520751953
2005-08-19,1200,70.55999755859375,68.66999816894531,70.62999725341797,68.66999816894531,67.25532531738281
2005-08-18,1500,69.37000274658203,69.08999633789062,69.93000030517578,68.66999816894531,67.66667938232422
2005-08-17,3100,68.5999984741211,70.0,70.0,68.5999984741211,68.55792999267578
2005-08-16,1300,69.37000274658203,69.72000122070312,70.0,68.5999984741211,68.28369903564453
2005-08-15,3200,70.41999816894531,70.91000366210938,71.33000183105469,68.38999938964844,69.44916534423828
2005-08-12,2200,68.25,71.61000061035156,71.61000061035156,67.55000305175781,70.13475799560547
2005-08-11,2200,70.06999969482422,69.30000305175781,70.13999938964844,68.94999694824219,67.87234497070312
2005-08-10,3100,71.05000305175781,70.13999938964844,71.61000061035156,69.93000030517578,68.69503021240234
2005-08-09,1200,71.4000015258789,71.47000122070312,71.95999908447266,71.4000015258789,69.99763488769531
2005-08-08,1800,71.05000305175781,71.47000122070312,71.75,71.05000305175781,69.99763488769531
2005-08-05,2900,72.37999725341797,71.75,72.66000366210938,71.19000244140625,70.27186584472656
2005-08-04,2000,72.37999725341797,71.54000091552734,72.44999694824219,70.91000366210938,70.06620025634766
2005-08-03,6600,71.4000015258789,71.4000015258789,72.30999755859375,70.06999969482422,69.9290771484375
2005-08-02,4000,71.05000305175781,71.19000244140625,71.81999969482422,71.05000305175781,69.7234115600586
2005-08-01,4000,72.80000305175781,69.58000183105469,72.80000305175781,69.30000305175781,68.14656829833984
2005-07-29,6800,68.94999694824219,70.55999755859375,72.66000366210938,68.94999694824219,69.10637664794922
2005-07-28,5100,70.27999877929688,71.19000244140625,71.33000183105469,68.94999694824219,69.7234115600586
2005-07-27,3300,68.80999755859375,68.25,69.72000122070312,67.55000305175781,66.84398651123047
2005-07-26,2300,65.94000244140625,67.4800033569336,68.73999786376953,65.94000244140625,66.08982849121094
2005-07-25,4500,64.81999969482422,66.98999786376953,69.93000030517578,64.81999969482422,65.60991668701172
2005-07-22,4200,66.98999786376953,68.25,68.94999694824219,66.36000061035156,66.84398651123047
2005-07-21,7900,70.62999725341797,66.36000061035156,70.7699966430664,64.75,64.99290466308594
2005-07-20,1400,68.38999938964844,67.2699966430664,68.38999938964844,66.56999969482422,65.88418579101562
2005-07-19,12800,66.91999816894531,67.05999755859375,69.2300033569336,65.44999694824219,65.67848205566406
2005-07-18,6200,70.48999786376953,69.44000244140625,71.75,66.29000091552734,68.00944519042969
2005-07-15,4300,66.5,67.05999755859375,68.94999694824219,66.5,65.67848205566406
2005-07-14,11000,69.72000122070312,67.41000366210938,69.72000122070312,66.5,66.02127838134766
2005-07-13,13000,75.11000061035156,69.44000244140625,75.11000061035156,68.11000061035156,68.00944519042969
2005-07-12,2800,73.56999969482422,73.77999877929688,74.76000213623047,73.22000122070312,72.26004791259766
2005-07-11,8400,73.5,71.75,73.91999816894531,71.68000030517578,70.27186584472656
2005-07-08,4000,73.63999938964844,73.5,75.94999694824219,73.5,71.98583221435547
2005-07-07,1500,73.8499984741211,73.63999938964844,74.76000213623047,73.5,72.12294006347656
2005-07-06,1700,73.70999908447266,73.91999816894531,75.11000061035156,73.56999969482422,72.39715576171875
2005-07-05,4800,73.5,73.5,75.25,73.5,71.98583221435547
2005-07-01,2400,74.55000305175781,74.19999694824219,75.25,73.91999816894531,72.67137908935547
2005-06-30,2000,73.5,74.33999633789062,74.55000305175781,73.36000061035156,72.80851745605469
2005-06-29,4100,72.44999694824219,73.91999816894531,75.5999984741211,72.44999694824219,72.39715576171875
2005-06-28,2800,72.44999694824219,73.5,74.55000305175781,72.44999694824219,71.98583221435547
2005-06-27,2100,72.37999725341797,72.87000274658203,74.05999755859375,72.23999786376953,71.36878967285156
2005-06-24,1700,72.16999816894531,72.37999725341797,73.22000122070312,72.0999984741211,70.88887786865234
2005-06-23,2700,73.70999908447266,72.94000244140625,74.9000015258789,72.16999816894531,71.4373550415039
2005-06-22,6900,72.80000305175781,72.0999984741211,73.5,72.0999984741211,70.61465454101562
2005-06-21,3300,74.9000015258789,73.5,74.9000015258789,72.66000366210938,71.98583221435547
2005-06-20,2600,72.0999984741211,73.8499984741211,75.18000030517578,72.0999984741211,72.32860565185547
2005-06-17,5000,73.8499984741211,73.91999816894531,75.25,72.0999984741211,72.39715576171875
2005-06-16,4600,75.66999816894531,73.36000061035156,75.66999816894531,73.1500015258789,71.84869384765625
2005-06-15,3700,75.94999694824219,75.18000030517578,76.30000305175781,74.19999694824219,73.63119506835938
2005-06-14,8300,75.38999938964844,75.5999984741211,76.79000091552734,74.55000305175781,74.04254150390625
2005-06-13,30200,78.75,75.73999786376953,79.44999694824219,74.62000274658203,74.1796875
2005-06-10,2900,73.5,73.22000122070312,74.19999694824219,72.94000244140625,71.71158599853516
2005-06-09,1200,74.55000305175781,73.29000091552734,74.55000305175781,73.1500015258789,71.78014373779297
2005-06-08,3000,73.5,73.5,74.19999694824219,72.87000274658203,71.98583221435547
2005-06-07,4800,73.5,72.30999755859375,74.19999694824219,70.0,70.82032012939453
2005-06-06,1900,72.80000305175781,71.88999938964844,74.19999694824219,70.91000366210938,70.40898132324219
2005-06-03,1800,74.19999694824219,74.19999694824219,74.19999694824219,72.87000274658203,72.67137908935547
2005-06-02,7800,74.55000305175781,74.83000183105469,75.25,67.97000122070312,73.28842163085938
2005-06-01,3900,74.05999755859375,74.19999694824219,74.55000305175781,72.58999633789062,72.67137908935547
2005-05-31,4100,74.55000305175781,73.5,74.55000305175781,71.75,71.98583221435547
2005-05-27,4200,74.05999755859375,73.63999938964844,74.97000122070312,73.29000091552734,72.12294006347656
2005-05-26,2000,74.19999694824219,74.05999755859375,74.19999694824219,73.77999877929688,72.53429412841797
2005-05-25,3000,74.19999694824219,72.87000274658203,74.19999694824219,72.87000274658203,71.36878967285156
2005-05-24,1700,72.66000366210938,73.91999816894531,74.12999725341797,71.75,72.39715576171875
2005-05-23,3500,74.55000305175781,74.05999755859375,75.11000061035156,73.22000122070312,72.53429412841797
2005-05-20,3100,73.77999877929688,74.12999725341797,74.55000305175781,73.36000061035156,72.60283660888672
2005-05-19,5500,74.19999694824219,74.12999725341797,74.4800033569336,72.16999816894531,72.60283660888672
2005-05-18,6600,72.23999786376953,73.8499984741211,74.19999694824219,72.23999786376953,72.32860565185547
2005-05-17,14200,72.44999694824219,73.1500015258789,75.5999984741211,70.69999694824219,71.64303588867188
2005-05-16,8100,69.93000030517578,72.80000305175781,72.80000305175781,69.93000030517578,71.30023956298828
2005-05-13,4300,70.55999755859375,69.86000061035156,70.91000366210938,69.72000122070312,68.38652038574219
2005-05-12,3600,71.05000305175781,69.6500015258789,71.05000305175781,67.9000015258789,68.18096923828125
2005-05-11,1000,69.72000122070312,70.06999969482422,70.69999694824219,69.6500015258789,68.59208679199219
2005-05-10,2700,67.9000015258789,69.79000091552734,70.62999725341797,67.9000015258789,68.31800079345703
2005-05-09,2400,69.58000183105469,68.5999984741211,70.9800033569336,68.25,67.15311431884766
2005-05-06,2200,71.33000183105469,69.58000183105469,71.33000183105469,68.25,68.1124267578125
2005-05-05,2500,71.33000183105469,68.45999908447266,71.33000183105469,68.45999908447266,67.01604461669922
2005-05-04,6900,71.26000213623047,68.66999816894531,71.68000030517578,68.5999984741211,67.22163391113281
2005-05-03,3500,70.48999786376953,67.9000015258789,71.19000244140625,67.19999694824219,66.46785736083984
2005-05-02,2600,71.75,68.94999694824219,71.75,68.87999725341797,67.49571228027344
2005-04-29,6200,70.0,70.48999786376953,70.9800033569336,68.25,69.00324249267578
2005-04-28,4000,71.75,68.38999938964844,71.75,67.2699966430664,66.94754028320312
2005-04-27,4700,72.44999694824219,71.05000305175781,72.44999694824219,70.69999694824219,69.55144500732422
2005-04-26,6900,71.4000015258789,71.75,72.44999694824219,69.79000091552734,70.23666381835938
2005-04-25,7000,69.58000183105469,71.47000122070312,72.44999694824219,66.5,69.96257019042969
2005-04-22,6800,71.05000305175781,71.4000015258789,71.4000015258789,68.25,69.89404296875
2005-04-21,7500,70.0,70.9800033569336,70.9800033569336,67.4800033569336,69.48291015625
2005-04-20,9000,67.33999633789062,70.0,70.0,67.33999633789062,68.5235824584961
2005-04-19,4800,67.05999755859375,67.33999633789062,67.9000015258789,66.1500015258789,65.919677734375
2005-04-18,1300,66.98999786376953,67.05999755859375,68.04000091552734,66.70999908447266,65.64557647705078
2005-04-15,1400,66.1500015258789,67.76000213623047,68.66999816894531,66.1500015258789,66.33081817626953
2005-04-14,2900,68.94999694824219,66.8499984741211,68.94999694824219,66.08000183105469,65.44001007080078
2005-04-13,1600,67.33999633789062,67.4800033569336,68.25,66.1500015258789,66.05671691894531
2005-04-12,1600,66.08000183105469,68.45999908447266,69.0199966430664,66.08000183105469,67.01604461669922
2005-04-11,2200,66.8499984741211,67.55000305175781,68.66999816894531,66.29000091552734,66.125244140625
2005-04-08,3400,68.45999908447266,67.2699966430664,68.5999984741211,66.29000091552734,65.85118103027344
2005-04-07,6100,69.72000122070312,66.8499984741211,69.72000122070312,65.37999725341797,65.44001007080078
2005-04-06,2600,67.19999694824219,67.69000244140625,69.44000244140625,67.19999694824219,66.26231384277344
2005-04-05,4400,67.9000015258789,67.83000183105469,70.0,67.69000244140625,66.39933013916016
2005-04-04,15800,69.30000305175781,67.69000244140625,71.33000183105469,65.87000274658203,66.26231384277344
2005-04-01,8700,61.459999084472656,65.16999816894531,65.23999786376953,61.459999084472656,63.79544448852539
2005-03-31,5800,61.11000061035156,63.0,63.0,61.11000061035156,61.67121887207031
2005-03-30,4800,62.650001525878906,61.459999084472656,62.650001525878906,61.11000061035156,60.163700103759766
2005-03-29,15300,61.11000061035156,61.599998474121094,62.369998931884766,60.900001525878906,60.30074691772461
2005-03-28,2000,62.15999984741211,61.18000030517578,62.650001525878906,60.130001068115234,59.88960266113281
2005-03-24,3200,59.5,60.619998931884766,60.619998931884766,59.5,59.34141540527344
2005-03-23,6300,62.650001525878906,59.709999084472656,62.650001525878906,59.5,58.45060729980469
2005-03-22,3600,61.459999084472656,61.599998474121094,63.349998474121094,61.459999084472656,60.30074691772461
2005-03-21,3300,64.12000274658203,62.790000915527344,64.4000015258789,61.38999938964844,61.46564483642578
2005-03-18,1300,64.68000030517578,63.4900016784668,64.68000030517578,63.4900016784668,62.1508903503418
2005-03-17,1800,61.95000076293945,64.4000015258789,64.4000015258789,61.25,63.04169464111328
2005-03-16,1600,63.06999969482422,63.560001373291016,64.05000305175781,61.599998474121094,62.21940994262695
2005-03-15,1900,63.630001068115234,63.279998779296875,64.05000305175781,63.06999969482422,61.94532012939453
2005-03-14,2200,64.33000183105469,63.349998474121094,64.33000183105469,61.31999969482422,62.01383972167969
2005-03-11,6100,64.88999938964844,63.560001373291016,65.0999984741211,61.25,62.21940994262695
2005-03-10,3500,65.0999984741211,64.95999908447266,66.5,64.4000015258789,63.58988571166992
2005-03-09,1700,65.0999984741211,64.75,66.29000091552734,64.68000030517578,63.38430404663086
2005-03-08,1000,64.4000015258789,65.7300033569336,66.36000061035156,64.4000015258789,64.34364318847656
2005-03-07,4100,66.5,65.94000244140625,67.12999725341797,65.16999816894531,64.54920196533203
2005-03-04,1300,68.5999984741211,66.77999877929688,68.87999725341797,66.77999877929688,65.37149047851562
2005-03-03,2700,67.97000122070312,67.9000015258789,68.25,65.58999633789062,66.46785736083984
2005-03-02,2200,68.18000030517578,67.69000244140625,68.66999816894531,64.95999908447266,66.26231384277344
2005-03-01,3300,66.5,67.41000366210938,67.55000305175781,66.1500015258789,65.98820495605469
2005-02-28,2000,64.4000015258789,66.5,66.5,64.4000015258789,65.09739685058594
2005-02-25,1200,66.5,65.02999877929688,66.5,64.81999969482422,63.65840148925781
2005-02-24,1400,66.5,64.4000015258789,66.5,64.4000015258789,63.04169464111328
2005-02-23,1200,67.12999725341797,65.80000305175781,67.2699966430664,65.80000305175781,64.41217041015625
2005-02-22,1600,65.02999877929688,65.80000305175781,68.52999877929688,65.02999877929688,64.41217041015625
2005-02-18,1700,64.4000015258789,65.0999984741211,67.19999694824219,64.4000015258789,63.726924896240234
2005-02-17,2100,66.77999877929688,64.54000091552734,67.19999694824219,64.4000015258789,63.17873764038086
2005-02-16,2200,63.97999954223633,64.75,66.56999969482422,63.97999954223633,63.38430404663086
2005-02-15,3100,63.06999969482422,63.4900016784668,64.4000015258789,63.0,62.1508903503418
2005-02-14,3200,63.0,64.61000061035156,65.37999725341797,63.0,63.24725341796875
2005-02-11,3400,63.70000076293945,63.630001068115234,66.91999816894531,63.0,62.287933349609375
2005-02-10,5000,67.97000122070312,64.95999908447266,67.97000122070312,63.70000076293945,63.58988571166992
2005-02-09,3800,70.0,67.41000366210938,70.27999877929688,67.2699966430664,65.98820495605469
2005-02-08,5800,71.61000061035156,69.0199966430664,71.61000061035156,69.0199966430664,67.56422424316406
2005-02-07,9600,71.95999908447266,69.72000122070312,73.5,66.1500015258789,68.2494888305664
2005-02-04,5200,69.79000091552734,69.58000183105469,70.20999908447266,68.94999694824219,68.1124267578125
2005-02-03,9200,71.68000030517578,67.33999633789062,72.23999786376953,67.05999755859375,65.919677734375
2005-02-02,11000,69.0199966430664,70.06999969482422,71.75,67.33999633789062,68.59208679199219
2005-02-01,14900,61.31999969482422,68.18000030517578,69.58000183105469,61.31999969482422,66.74195098876953
2005-01-31,16300,60.54999923706055,62.22999954223633,64.75,58.939998626708984,60.917457580566406
2005-01-28,3100,60.20000076293945,59.08000183105469,60.20000076293945,59.0099983215332,57.83389663696289
2005-01-27,4300,60.689998626708984,59.150001525878906,60.900001525878906,58.939998626708984,57.90243148803711
2005-01-26,2400,59.91999816894531,60.40999984741211,61.25,59.91999816894531,59.13584899902344
2005-01-25,3000,59.91999816894531,60.83000183105469,60.900001525878906,59.849998474121094,59.5469856262207
2005-01-24,2600,60.54999923706055,59.9900016784668,60.54999923706055,59.91999816894531,58.724708557128906
2005-01-21,4900,59.91999816894531,59.849998474121094,60.40999984741211,58.099998474121094,58.587650299072266
2005-01-20,2300,60.20000076293945,59.849998474121094,60.20000076293945,57.81999969482422,58.587650299072266
2005-01-19,3900,60.900001525878906,60.27000045776367,61.459999084472656,59.709999084472656,58.99880599975586
2005-01-18,4900,62.439998626708984,60.47999954223633,62.439998626708984,59.5,59.204368591308594
2005-01-14,3300,63.0,62.02000045776367,63.0,60.27000045776367,60.711891174316406
2005-01-13,3100,62.650001525878906,62.29999923706055,62.650001525878906,60.7599983215332,60.985984802246094
2005-01-12,10200,58.59000015258789,60.27000045776367,62.93000030517578,58.099998474121094,58.99880599975586
2005-01-11,1600,58.65999984741211,57.81999969482422,59.63999938964844,57.81999969482422,56.60047149658203
2005-01-10,2100,58.79999923706055,57.81999969482422,58.79999923706055,57.68000030517578,56.60047149658203
2005-01-07,1100,60.54999923706055,59.150001525878906,61.18000030517578,58.099998474121094,57.90243148803711
2005-01-06,3000,55.93000030517578,58.2400016784668,60.619998931884766,55.93000030517578,57.01161575317383
2005-01-05,4100,56.06999969482422,55.439998626708984,58.16999816894531,53.619998931884766,54.27067184448242
2005-01-04,4500,59.779998779296875,56.279998779296875,61.25,56.0,55.09294891357422
2005-01-03,5500,61.599998474121094,60.54999923706055,62.5099983215332,59.5,59.272891998291016
2004-12-31,1300,61.38999938964844,62.58000183105469,62.58000183105469,61.040000915527344,61.26008224487305
2004-12-30,2300,62.93000030517578,61.880001068115234,62.93000030517578,60.34000015258789,60.57484817504883
2004-12-29,1800,61.38999938964844,62.02000045776367,62.5099983215332,61.25,60.711891174316406
2004-12-28,3500,62.93000030517578,61.38999938964844,62.93000030517578,61.25,60.09518051147461
2004-12-27,600,62.93000030517578,62.5099983215332,62.93000030517578,61.25,61.19155502319336
2004-12-23,5400,63.560001373291016,61.529998779296875,64.88999938964844,61.11000061035156,60.23223114013672
2004-12-22,7400,61.040000915527344,63.0,63.0,60.40999984741211,61.67121887207031
2004-12-21,6000,60.54999923706055,60.619998931884766,60.900001525878906,59.5,59.34141540527344
2004-12-20,4500,60.83000183105469,60.47999954223633,61.25,60.20000076293945,59.204368591308594
2004-12-17,2000,59.63999938964844,60.54999923706055,60.900001525878906,59.63999938964844,59.272891998291016
2004-12-16,3300,61.18000030517578,61.18000030517578,63.0,60.54999923706055,59.88960266113281
2004-12-15,2500,61.11000061035156,60.619998931884766,61.18000030517578,59.5,59.34141540527344
2004-12-14,2000,61.18000030517578,61.18000030517578,61.25,59.5,59.88960266113281
2004-12-13,1600,61.18000030517578,61.25,61.25,60.54999923706055,59.95812225341797
2004-12-10,1300,61.31999969482422,60.900001525878906,61.31999969482422,60.7599983215332,59.61551284790039
2004-12-09,2500,61.25,61.18000030517578,61.38999938964844,59.91999816894531,59.88960266113281
2004-12-08,2800,58.72999954223633,59.9900016784668,61.11000061035156,58.72999954223633,58.724708557128906
2004-12-07,2300,59.43000030517578,59.849998474121094,61.18000030517578,58.869998931884766,58.587650299072266
2004-12-06,1900,57.81999969482422,58.869998931884766,59.5,57.81999969482422,57.628326416015625
2004-12-03,2300,59.220001220703125,59.150001525878906,59.220001220703125,56.349998474121094,57.90243148803711
2004-12-02,3000,58.099998474121094,58.65999984741211,59.36000061035156,56.349998474121094,57.422752380371094
2004-12-01,5200,56.41999816894531,56.90999984741211,57.2599983215332,56.06999969482422,55.70967102050781
2004-11-30,2200,57.400001525878906,56.97999954223633,58.310001373291016,56.349998474121094,55.778194427490234
2004-11-29,8500,56.97999954223633,57.400001525878906,59.36000061035156,56.06999969482422,56.18933868408203
2004-11-26,700,57.470001220703125,58.099998474121094,58.939998626708984,57.470001220703125,56.874576568603516
2004-11-24,1900,58.869998931884766,58.099998474121094,59.9900016784668,57.75,56.874576568603516
2004-11-23,12200,62.439998626708984,58.65999984741211,62.439998626708984,58.029998779296875,57.422752380371094
2004-11-22,3000,59.91999816894531,60.900001525878906,63.0,59.91999816894531,59.61551284790039
2004-11-19,3700,59.9900016784668,60.689998626708984,63.279998779296875,59.9900016784668,59.40993881225586
2004-11-18,7000,61.11000061035156,61.040000915527344,63.0,59.56999969482422,59.75255584716797
2004-11-17,9200,61.599998474121094,59.779998779296875,63.70000076293945,59.56999969482422,58.51913070678711
2004-11-16,7200,62.09000015258789,60.20000076293945,62.790000915527344,59.91999816894531,58.93027114868164
2004-11-15,14800,53.970001220703125,60.54999923706055,63.0,53.54999923706055,59.272891998291016
2004-11-12,4500,52.849998474121094,55.369998931884766,56.41999816894531,52.56999969482422,54.2021484375
2004-11-11,6400,54.18000030517578,53.83000183105469,55.58000183105469,52.9900016784668,52.69463348388672
2004-11-10,10400,52.0099983215332,53.619998931884766,54.11000061035156,51.65999984741211,52.48905944824219
2004-11-09,1800,53.900001525878906,51.869998931884766,53.900001525878906,51.310001373291016,50.74171447753906
2004-11-08,2500,54.040000915527344,52.849998474121094,54.040000915527344,50.75,51.70038604736328
2004-11-05,7000,53.47999954223633,51.099998474121094,54.599998474121094,50.81999969482422,49.98845672607422
2004-11-04,8900,51.029998779296875,53.900001525878906,53.900001525878906,49.06999969482422,52.72755813598633
2004-11-03,9100,53.130001068115234,49.4900016784668,53.7599983215332,48.29999923706055,48.41347885131836
2004-11-02,2100,53.83000183105469,52.91999816894531,53.83000183105469,51.59000015258789,51.768863677978516
2004-11-01,6200,53.20000076293945,52.290000915527344,54.18000030517578,51.099998474121094,51.152557373046875
2004-10-29,6900,45.5,52.9900016784668,53.060001373291016,45.5,51.83734130859375
2004-10-28,6600,47.31999969482422,46.130001068115234,49.0,45.56999969482422,45.12656784057617
2004-10-27,4300,48.86000061035156,47.880001068115234,48.86000061035156,47.25,46.838504791259766
2004-10-26,7100,49.0,48.86000061035156,51.79999923706055,47.810001373291016,47.79717254638672
2004-10-25,2300,49.70000076293945,50.04999923706055,52.5,49.70000076293945,48.96128845214844
2004-10-22,1900,50.540000915527344,51.65999984741211,52.5,50.400001525878906,50.536285400390625
2004-10-21,2400,52.5,50.61000061035156,52.5,50.61000061035156,49.50911331176758
2004-10-20,1500,50.88999938964844,51.380001068115234,52.150001525878906,50.33000183105469,50.262367248535156
2004-10-19,2800,52.779998779296875,50.81999969482422,52.849998474121094,50.61000061035156,49.71455383300781
2004-10-18,6400,51.099998474121094,51.16999816894531,52.849998474121094,50.61000061035156,50.056922912597656
2004-10-15,900,51.72999954223633,51.029998779296875,51.72999954223633,50.540000915527344,49.919979095458984
2004-10-14,1600,52.63999938964844,51.380001068115234,52.63999938964844,50.470001220703125,50.262367248535156
2004-10-13,2400,52.43000030517578,51.16999816894531,52.849998474121094,51.16999816894531,50.056922912597656
2004-10-12,6400,51.79999923706055,51.45000076293945,52.849998474121094,50.04999923706055,50.330841064453125
2004-10-11,2800,51.79999923706055,50.88999938964844,52.5,50.88999938964844,49.783023834228516
2004-10-08,3800,53.83000183105469,50.959999084472656,53.83000183105469,50.33000183105469,49.851497650146484
2004-10-07,1800,55.09000015258789,54.7400016784668,55.09000015258789,52.56999969482422,53.54927444458008
2004-10-06,1500,53.130001068115234,52.9900016784668,53.970001220703125,52.08000183105469,51.83734130859375
2004-10-05,900,52.220001220703125,53.20000076293945,54.040000915527344,52.220001220703125,52.04277801513672
2004-10-04,1500,55.09000015258789,53.34000015258789,55.09000015258789,53.130001068115234,52.179725646972656
2004-10-01,1900,51.2400016784668,53.060001373291016,55.369998931884766,51.2400016784668,51.90582275390625
2004-09-30,3300,52.56999969482422,52.150001525878906,54.810001373291016,52.08000183105469,51.01560974121094
2004-09-29,3500,52.5,52.56999969482422,53.54999923706055,50.81999969482422,51.426483154296875
2004-09-28,2700,55.09000015258789,53.27000045776367,55.93000030517578,52.849998474121094,52.11125946044922
2004-09-27,1900,54.95000076293945,53.970001220703125,56.209999084472656,52.849998474121094,52.79602813720703
2004-09-24,800,53.20000076293945,53.54999923706055,54.599998474121094,53.20000076293945,52.385169982910156
2004-09-23,2000,54.66999816894531,54.25,55.93000030517578,53.619998931884766,53.069942474365234
2004-09-22,3000,54.529998779296875,56.0,56.0,54.529998779296875,54.78187561035156
2004-09-21,3700,53.689998626708984,56.0,56.0,53.689998626708984,54.78187561035156
2004-09-20,4800,53.900001525878906,56.0,57.540000915527344,53.060001373291016,54.78187561035156
2004-09-17,2900,55.93000030517578,54.66999816894531,55.93000030517578,53.970001220703125,53.48079299926758
2004-09-16,8800,58.16999816894531,55.790000915527344,59.56999969482422,52.849998474121094,54.57643508911133
2004-09-15,4200,60.900001525878906,59.5,60.900001525878906,58.2400016784668,58.20573425292969
2004-09-14,3200,60.619998931884766,59.91999816894531,60.689998626708984,59.849998474121094,58.61660385131836
2004-09-13,2400,60.619998931884766,60.619998931884766,61.599998474121094,60.40999984741211,59.30137252807617
2004-09-10,1500,61.599998474121094,61.040000915527344,61.599998474121094,59.5,59.71223449707031
2004-09-09,1700,61.599998474121094,60.689998626708984,61.599998474121094,60.27000045776367,59.369850158691406
2004-09-08,2300,59.709999084472656,61.11000061035156,61.18000030517578,59.709999084472656,59.78071594238281
2004-09-07,2700,59.63999938964844,61.18000030517578,61.25,58.59000015258789,59.84918975830078
2004-09-03,1400,60.7599983215332,60.83000183105469,62.22999954223633,60.40999984741211,59.506805419921875
2004-09-02,1300,61.599998474121094,60.40999984741211,61.599998474121094,60.40999984741211,59.095943450927734
2004-09-01,3800,62.5099983215332,61.31999969482422,63.0,59.5,59.98615264892578
2004-08-31,8800,59.709999084472656,62.29999923706055,62.93000030517578,59.290000915527344,60.94483184814453
2004-08-30,4200,58.45000076293945,58.45000076293945,60.130001068115234,58.2400016784668,57.1785888671875
2004-08-27,2100,58.59000015258789,58.380001068115234,58.79999923706055,57.75,57.11009979248047
2004-08-26,3600,57.75,58.310001373291016,58.52000045776367,57.75,57.04161834716797
2004-08-25,3100,53.900001525878906,57.400001525878906,57.68000030517578,53.900001525878906,56.151424407958984
2004-08-24,5800,58.72999954223633,55.22999954223633,58.72999954223633,52.849998474121094,54.028621673583984
2004-08-23,3000,58.79999923706055,56.70000076293945,58.79999923706055,56.4900016784668,55.466644287109375
2004-08-20,4200,58.45000076293945,57.189998626708984,59.150001525878906,56.41999816894531,55.945980072021484
2004-08-19,3200,57.75,56.4900016784668,57.75,56.0,55.26121139526367
2004-08-18,8100,54.599998474121094,56.4900016784668,57.75,54.529998779296875,55.26121139526367
2004-08-17,2700,55.439998626708984,55.93000030517578,56.0,54.459999084472656,54.71339416503906
2004-08-16,5800,57.400001525878906,54.38999938964844,57.400001525878906,52.63999938964844,53.206886291503906
2004-08-13,4100,51.79999923706055,52.91999816894531,57.540000915527344,51.79999923706055,51.768863677978516
2004-08-12,3700,56.77000045776367,52.5,56.77000045776367,52.5,51.358001708984375
2004-08-11,5100,58.310001373291016,56.13999938964844,58.310001373291016,51.79999923706055,54.91883087158203
2004-08-10,9800,49.0,54.529998779296875,58.79999923706055,49.0,53.34384536743164
2004-08-09,3300,49.77000045776367,50.75,51.72999954223633,49.0,49.64605712890625
2004-08-06,12800,57.470001220703125,51.16999816894531,57.470001220703125,49.06999969482422,50.056922912597656
2004-08-05,4300,59.779998779296875,58.029998779296875,59.779998779296875,56.90999984741211,56.76771545410156
2004-08-04,27600,56.06999969482422,57.959999084472656,60.900001525878906,54.11000061035156,56.69923400878906
2004-08-03,9300,56.0,49.90999984741211,56.0,49.349998474121094,48.824344635009766
2004-08-02,4000,56.349998474121094,56.0,56.349998474121094,54.66999816894531,54.78187561035156
2004-07-30,6700,59.150001525878906,57.61000061035156,59.36000061035156,55.369998931884766,56.35684585571289
2004-07-29,4400,55.439998626708984,56.4900016784668,56.4900016784668,52.63999938964844,55.26121139526367
2004-07-28,16300,41.58000183105469,51.79999923706055,54.459999084472656,39.900001525878906,50.6732177734375
2004-07-27,11300,48.09000015258789,46.130001068115234,48.369998931884766,45.5,45.12656784057617
2004-07-26,15300,54.95000076293945,48.09000015258789,54.95000076293945,47.66999816894531,47.0439338684082
2004-07-23,12200,57.81999969482422,52.5,60.20000076293945,51.45000076293945,51.358001708984375
2004-07-22,3200,63.209999084472656,58.310001373291016,63.209999084472656,58.099998474121094,57.04161834716797
2004-07-21,6600,61.66999816894531,61.7400016784668,63.0,57.75,60.39700698852539
2004-07-20,5100,62.15999984741211,59.150001525878906,62.15999984741211,58.45000076293945,57.86336135864258
2004-07-19,7400,63.0,60.27000045776367,64.05000305175781,59.5,58.9589958190918
2004-07-16,2300,63.70000076293945,63.06999969482422,63.70000076293945,62.29999923706055,61.69807815551758
2004-07-15,3600,63.41999816894531,63.279998779296875,63.97999954223633,62.790000915527344,61.90351867675781
2004-07-14,6300,64.12000274658203,63.06999969482422,64.61000061035156,62.720001220703125,61.69807815551758
2004-07-13,8000,64.47000122070312,63.41999816894531,64.75,63.0,62.04045867919922
2004-07-12,5600,62.15999984741211,65.7300033569336,65.7300033569336,62.15999984741211,64.30022430419922
2004-07-09,2300,64.4000015258789,63.97999954223633,65.7300033569336,63.349998474121094,62.588287353515625
2004-07-08,7200,61.95000076293945,64.05000305175781,66.63999938964844,61.95000076293945,62.65676498413086
2004-07-07,7600,63.0,63.4900016784668,66.01000213623047,62.22999954223633,62.108951568603516
2004-07-06,9500,64.75,63.349998474121094,68.18000030517578,60.900001525878906,61.97199249267578
2004-07-02,3600,67.2699966430664,65.02999877929688,67.2699966430664,64.75,63.61544418334961
2004-07-01,6300,66.29000091552734,65.80000305175781,69.08999633789062,63.0,64.36870574951172
2004-06-30,4500,63.279998779296875,65.87000274658203,66.01000213623047,63.279998779296875,64.43717956542969
2004-06-29,4800,60.40999984741211,62.790000915527344,63.0,59.849998474121094,61.42416763305664
2004-06-28,6400,65.30999755859375,61.599998474121094,65.30999755859375,60.130001068115234,60.26005554199219
2004-06-25,4500,60.900001525878906,63.41999816894531,65.44999694824219,60.900001525878906,62.04045867919922
2004-06-24,8600,59.849998474121094,62.369998931884766,64.19000244140625,59.849998474121094,61.01331329345703
2004-06-23,16600,62.02000045776367,59.9900016784668,62.29999923706055,58.2400016784668,58.685081481933594
2004-06-22,16700,67.4800033569336,62.29999923706055,67.4800033569336,62.29999923706055,60.94483184814453
2004-06-21,31200,72.66000366210938,66.91999816894531,72.66000366210938,62.5099983215332,65.4643325805664
2004-06-18,4800,72.58999633789062,70.91000366210938,73.22000122070312,70.69999694824219,69.36753845214844
2004-06-17,8300,74.05999755859375,72.58999633789062,74.05999755859375,72.58999633789062,71.01099395751953
2004-06-16,3100,74.41000366210938,73.36000061035156,74.69000244140625,72.23999786376953,71.76424407958984
2004-06-15,7800,74.9000015258789,74.19999694824219,74.9000015258789,71.05000305175781,72.5859603881836
2004-06-14,12500,70.27999877929688,70.48999786376953,75.25,70.0,68.95668029785156
2004-06-10,16700,75.73999786376953,70.27999877929688,75.73999786376953,68.94999694824219,68.7512435913086
2004-06-09,9700,77.13999938964844,74.33999633789062,78.4000015258789,73.63999938964844,72.72293853759766
2004-06-08,14200,77.83999633789062,76.6500015258789,78.4000015258789,75.25,74.9826889038086
2004-06-07,18600,83.6500015258789,76.16000366210938,83.79000091552734,75.73999786376953,74.50334930419922
2004-06-04,5200,80.22000122070312,78.47000122070312,80.22000122070312,76.6500015258789,76.76309204101562
2004-06-03,7300,78.47000122070312,77.55999755859375,78.47000122070312,74.9000015258789,75.87287902832031
2004-06-02,19900,78.05000305175781,78.81999969482422,81.05999755859375,73.8499984741211,77.10547637939453
2004-06-01,15000,75.25,74.55000305175781,75.25,70.7699966430664,72.9283676147461
2004-05-28,9800,74.05999755859375,73.98999786376953,75.73999786376953,73.5,72.38056182861328
2004-05-27,10300,73.01000213623047,73.43000030517578,74.62000274658203,72.44999694824219,71.83272552490234
2004-05-26,14300,72.0999984741211,73.01000213623047,76.51000213623047,71.33000183105469,71.42186737060547
2004-05-25,12500,71.75,71.33000183105469,71.81999969482422,68.94999694824219,69.77839660644531
2004-05-24,16700,78.4000015258789,72.23999786376953,78.75,70.69999694824219,70.66859436035156
2004-05-21,44600,82.5999984741211,75.94999694824219,85.68000030517578,75.38999938964844,74.29792022705078
2004-05-20,20300,77.0,80.5,80.5,75.5999984741211,78.74893188476562
2004-05-19,13300,74.76000213623047,75.87999725341797,76.30000305175781,73.8499984741211,74.22942352294922
2004-05-18,7700,74.4800033569336,74.2699966430664,75.04000091552734,73.5,72.65445709228516
2004-05-17,9700,73.63999938964844,73.91999816894531,75.04000091552734,70.0,72.31205749511719
2004-05-14,9400,73.36000061035156,73.63999938964844,73.63999938964844,71.68000030517578,72.03816223144531
2004-05-13,6400,70.91000366210938,70.7699966430664,73.1500015258789,70.13999938964844,69.23058319091797
2004-05-12,6000,70.69999694824219,70.3499984741211,71.47000122070312,69.58000183105469,68.61428833007812
2004-05-11,14400,68.5999984741211,70.3499984741211,71.19000244140625,68.31999969482422,68.61428833007812
2004-05-10,8600,67.69000244140625,67.97000122070312,70.0,67.19999694824219,66.29301452636719
2004-05-07,5800,69.2300033569336,69.72000122070312,69.93000030517578,67.62000274658203,67.99983215332031
2004-05-06,12600,69.44000244140625,69.30000305175781,70.83999633789062,67.83000183105469,67.59021759033203
2004-05-05,11600,66.8499984741211,70.0,71.75,66.8499984741211,68.27293395996094
2004-05-04,11900,70.83999633789062,66.8499984741211,71.68000030517578,66.5,65.20063781738281
2004-05-03,9000,68.04000091552734,69.72000122070312,70.3499984741211,65.94000244140625,67.99983215332031
2004-04-30,7000,70.0,66.5,70.41999816894531,66.5,64.85929107666016
2004-04-29,10900,69.44000244140625,68.38999938964844,70.3499984741211,68.25,66.70265197753906
2004-04-28,12500,63.84000015258789,68.18000030517578,68.38999938964844,63.349998474121094,66.49781799316406
2004-04-27,10000,61.11000061035156,63.209999084472656,65.66000366210938,59.36000061035156,61.65045166015625
2004-04-26,21300,63.90999984741211,61.880001068115234,65.5199966430664,60.900001525878906,60.353271484375
2004-04-23,17300,71.4000015258789,65.80000305175781,71.4000015258789,63.349998474121094,64.17655181884766
2004-04-22,6000,72.16999816894531,70.20999908447266,72.44999694824219,70.0,68.47775268554688
2004-04-21,7100,75.5999984741211,72.44999694824219,75.5999984741211,71.4000015258789,70.66248321533203
2004-04-20,9700,74.76000213623047,72.02999877929688,75.18000030517578,71.75,70.25284576416016
2004-04-19,9100,75.52999877929688,74.69000244140625,75.5999984741211,72.87000274658203,72.84722900390625
2004-04-16,8400,77.55999755859375,72.37999725341797,77.55999755859375,71.75,70.59418487548828
2004-04-15,15200,70.06999969482422,75.94999694824219,76.6500015258789,70.06999969482422,74.07612609863281
2004-04-14,6300,71.81999969482422,72.66000366210938,73.5,71.26000213623047,70.86730194091797
2004-04-13,7100,73.5,73.5,76.79000091552734,71.68000030517578,71.68657684326172
2004-04-12,10300,74.05999755859375,73.5,76.37000274658203,71.47000122070312,71.68657684326172
2004-04-08,12100,71.19000244140625,73.5,73.5,69.37000274658203,71.68657684326172
2004-04-07,32800,65.80000305175781,69.72000122070312,71.54000091552734,64.88999938964844,67.99983215332031
2004-04-06,73500,75.73999786376953,64.75,83.2300033569336,63.560001373291016,63.15245056152344
2004-04-05,39400,65.80000305175781,75.80999755859375,76.6500015258789,65.0999984741211,73.93958282470703
2004-04-02,8700,65.0999984741211,65.37999725341797,66.43000030517578,63.4900016784668,63.76691436767578
2004-04-01,15100,66.36000061035156,64.47000122070312,68.25,63.70000076293945,62.879371643066406
2004-03-31,19400,69.6500015258789,67.19999694824219,69.6500015258789,66.56999969482422,65.54200744628906
2004-03-30,31400,65.5199966430664,66.8499984741211,69.30000305175781,64.88999938964844,65.20063781738281
2004-03-29,31000,59.290000915527344,64.4000015258789,69.79000091552734,58.2400016784668,62.811092376708984
2004-03-26,11500,58.099998474121094,58.16999816894531,59.150001525878906,57.75,56.734798431396484
2004-03-25,26300,55.09000015258789,56.13999938964844,61.7400016784668,53.619998931884766,54.75489044189453
2004-03-24,14200,53.900001525878906,55.22999954223633,56.349998474121094,53.7599983215332,53.867347717285156
2004-03-23,4600,52.5,53.900001525878906,53.900001525878906,52.5,52.57016372680664
2004-03-22,3600,53.34000015258789,52.5,53.970001220703125,50.959999084472656,51.20469665527344
2004-03-19,9400,50.04999923706055,53.970001220703125,54.040000915527344,49.560001373291016,52.63843536376953
2004-03-18,3800,52.5,49.560001373291016,52.5,49.560001373291016,48.33723449707031
2004-03-17,9700,54.25,52.43000030517578,54.25,49.0,51.136417388916016
2004-03-16,7300,52.91999816894531,54.25,56.349998474121094,52.91999816894531,52.91151809692383
2004-03-15,4400,47.599998474121094,53.34000015258789,53.83000183105469,47.599998474121094,52.023963928222656
2004-03-12,5500,50.2599983215332,49.560001373291016,51.099998474121094,47.599998474121094,48.33723449707031
2004-03-11,6500,53.27000045776367,50.959999084472656,55.29999923706055,48.650001525878906,49.70268630981445
2004-03-10,2200,53.54999923706055,54.11000061035156,55.15999984741211,53.54999923706055,52.774967193603516
2004-03-09,4200,56.0,53.970001220703125,56.97999954223633,53.900001525878906,52.63843536376953
2004-03-08,8100,54.880001068115234,55.93000030517578,56.0,54.25,54.55006790161133
2004-03-05,3100,53.27000045776367,54.040000915527344,55.22999954223633,53.20000076293945,52.706703186035156
2004-03-04,5300,57.33000183105469,53.34000015258789,57.33000183105469,53.34000015258789,52.023963928222656
2004-03-03,21300,51.45000076293945,54.25,57.68000030517578,49.0,52.91151809692383
2004-03-02,9100,46.970001220703125,50.75,51.45000076293945,44.45000076293945,49.49787521362305
2004-03-01,4800,45.5,45.5,46.900001525878906,44.45000076293945,44.377403259277344
2004-02-27,900,45.08000183105469,44.79999923706055,45.5,43.88999938964844,43.69467544555664
2004-02-26,1000,46.130001068115234,44.79999923706055,46.689998626708984,44.72999954223633,43.69467544555664
2004-02-25,2300,43.540000915527344,44.310001373291016,45.5,43.400001525878906,43.216766357421875
2004-02-24,700,43.81999969482422,44.52000045776367,44.52000045776367,43.75,43.42158126831055
2004-02-23,1700,46.20000076293945,45.43000030517578,46.20000076293945,43.540000915527344,44.30913543701172
2004-02-20,1600,46.40999984741211,45.9900016784668,46.54999923706055,43.400001525878906,44.85531234741211
2004-02-19,3000,44.869998931884766,46.40999984741211,46.900001525878906,44.869998931884766,45.26494598388672
2004-02-18,4100,45.5,45.150001525878906,46.970001220703125,44.79999923706055,44.036041259765625
2004-02-17,3200,45.709999084472656,45.849998474121094,46.900001525878906,45.5,44.71875762939453
2004-02-13,3000,44.59000015258789,45.63999938964844,46.970001220703125,42.06999969482422,44.51395034790039
2004-02-12,700,46.47999954223633,46.20000076293945,46.900001525878906,44.380001068115234,45.06013488769531
2004-02-11,5100,45.43000030517578,45.63999938964844,46.900001525878906,42.4900016784668,44.51395034790039
2004-02-10,3100,44.939998626708984,45.43000030517578,45.5,44.029998779296875,44.30913543701172
2004-02-09,3500,40.11000061035156,43.959999084472656,44.939998626708984,39.970001220703125,42.87539291381836
2004-02-06,1900,42.0,43.400001525878906,43.400001525878906,41.86000061035156,42.329219818115234
2004-02-05,3700,42.0,42.70000076293945,43.119998931884766,40.18000030517578,41.646484375
2004-02-04,2500,41.09000015258789,43.400001525878906,44.79999923706055,41.09000015258789,42.329219818115234
2004-02-03,2600,41.93000030517578,43.75,44.869998931884766,41.369998931884766,42.67058563232422
2004-02-02,3300,42.0,41.439998626708984,42.70000076293945,39.689998626708984,40.417572021484375
2004-01-30,6900,40.7400016784668,42.0,42.349998474121094,39.689998626708984,40.96376419067383
2004-01-29,1500,41.439998626708984,41.22999954223633,41.5099983215332,39.54999923706055,40.21275329589844
2004-01-28,1600,39.83000183105469,40.38999938964844,40.599998474121094,39.83000183105469,39.39347457885742
2004-01-27,1500,39.47999954223633,41.22999954223633,41.29999923706055,39.47999954223633,40.21275329589844
2004-01-26,900,41.29999923706055,40.31999969482422,41.29999923706055,39.34000015258789,39.32521057128906
2004-01-23,1800,40.599998474121094,40.7400016784668,41.15999984741211,40.599998474121094,39.73484802246094
2004-01-22,600,39.900001525878906,40.599998474121094,41.369998931884766,39.900001525878906,39.59829330444336
2004-01-21,3800,40.880001068115234,40.7400016784668,41.86000061035156,39.20000076293945,39.73484802246094
2004-01-20,7500,40.95000076293945,40.880001068115234,41.720001220703125,39.619998931884766,39.87139129638672
2004-01-16,22700,38.220001220703125,40.95000076293945,44.029998779296875,37.16999816894531,39.93966293334961
2004-01-15,1700,36.75,38.08000183105469,38.5,36.75,37.140480041503906
2004-01-14,900,39.20000076293945,37.72999954223633,39.20000076293945,36.119998931884766,36.79909896850586
2004-01-13,3200,37.310001373291016,38.5,38.849998474121094,36.04999923706055,37.550113677978516
2004-01-12,6400,39.20000076293945,35.77000045776367,39.20000076293945,35.70000076293945,34.88746643066406
2004-01-09,3000,38.5,38.5,38.5,37.79999923706055,37.550113677978516
2004-01-08,600,38.5,37.939998626708984,38.5,35.70000076293945,37.00392150878906
2004-01-07,1400,36.400001525878906,38.36000061035156,38.36000061035156,35.70000076293945,37.41355895996094
2004-01-06,2100,35.77000045776367,36.400001525878906,36.88999938964844,35.77000045776367,35.50192642211914
2004-01-05,1300,38.5,36.75,38.5,36.75,35.84328842163086
2004-01-02,2300,37.72999954223633,36.2599983215332,39.130001068115234,35.70000076293945,35.36537170410156
2003-12-31,3800,36.400001525878906,35.84000015258789,37.029998779296875,35.77000045776367,34.95573043823242
2003-12-30,3700,38.290000915527344,36.81999969482422,38.290000915527344,35.349998474121094,35.91156005859375
2003-12-29,1000,40.880001068115234,38.290000915527344,40.880001068115234,38.150001525878906,37.345298767089844
2003-12-26,200,39.130001068115234,38.290000915527344,39.130001068115234,38.220001220703125,37.345298767089844
2003-12-24,2900,38.9900016784668,38.43000030517578,41.29999923706055,38.290000915527344,37.481842041015625
2003-12-23,1300,39.54999923706055,39.20000076293945,40.040000915527344,39.060001373291016,38.23283767700195
2003-12-22,2000,40.38999938964844,39.20000076293945,40.599998474121094,39.130001068115234,38.23283767700195
2003-12-19,2400,40.459999084472656,39.20000076293945,40.459999084472656,38.849998474121094,38.23283767700195
2003-12-18,1000,39.20000076293945,39.689998626708984,39.900001525878906,39.20000076293945,38.710750579833984
2003-12-17,700,38.5,39.7599983215332,39.900001525878906,38.5,38.77901840209961
2003-12-16,1400,40.25,38.849998474121094,40.25,38.849998474121094,37.8914794921875
2003-12-15,4900,42.0,40.66999816894531,42.560001373291016,40.25,39.66656494140625
2003-12-12,2600,40.459999084472656,41.02000045776367,42.0,39.83000183105469,40.007930755615234
2003-12-11,1100,40.459999084472656,39.40999984741211,40.459999084472656,38.849998474121094,38.43765640258789
2003-12-10,1100,40.459999084472656,39.130001068115234,40.459999084472656,38.36000061035156,38.16456985473633
2003-12-09,3000,38.849998474121094,38.150001525878906,40.95000076293945,38.150001525878906,37.20875549316406
2003-12-08,2800,38.5,38.63999938964844,39.20000076293945,38.220001220703125,37.6866569519043
2003-12-05,600,38.5,38.56999969482422,39.060001373291016,38.5,37.61838912963867
2003-12-04,1000,38.5,39.130001068115234,40.25,38.5,38.16456985473633
2003-12-03,800,40.599998474121094,39.060001373291016,40.599998474121094,38.56999969482422,38.09629821777344
2003-12-02,2200,40.95000076293945,40.459999084472656,40.95000076293945,37.79999923706055,39.461753845214844
2003-12-01,2400,38.08000183105469,39.7599983215332,40.95000076293945,38.08000183105469,38.77901840209961
2003-11-28,900,39.20000076293945,39.83000183105469,40.25,38.0099983215332,38.8473014831543
2003-11-26,3300,40.31999969482422,38.08000183105469,40.31999969482422,37.79999923706055,37.140480041503906
2003-11-25,1800,40.459999084472656,39.27000045776367,40.459999084472656,37.79999923706055,38.301109313964844
2003-11-24,2200,38.220001220703125,39.54999923706055,40.25,37.099998474121094,38.57420349121094
2003-11-21,3600,39.27000045776367,40.25,40.25,38.220001220703125,39.25693893432617
2003-11-20,3100,39.83000183105469,39.27000045776367,39.83000183105469,38.56999969482422,38.301109313964844
2003-11-19,3300,41.86000061035156,39.689998626708984,41.86000061035156,38.56999969482422,38.710750579833984
2003-11-18,7500,42.560001373291016,38.5,42.560001373291016,38.5,37.550113677978516
2003-11-17,9300,45.43000030517578,42.0,45.43000030517578,38.5,40.96376419067383
2003-11-14,13400,48.22999954223633,42.77000045776367,48.29999923706055,42.0,41.714759826660156
2003-11-13,15500,44.12799835205078,40.768001556396484,44.79999923706055,40.375999450683594,39.762149810791016
2003-11-12,13100,41.15999984741211,43.68000030517578,44.12799835205078,40.09600067138672,42.6023063659668
2003-11-11,4700,39.25600051879883,39.816001892089844,40.65599822998047,39.20000076293945,38.83364486694336
2003-11-10,3300,40.599998474121094,39.25600051879883,41.608001708984375,38.75199890136719,38.28746795654297
2003-11-07,9900,41.720001220703125,40.599998474121094,41.720001220703125,39.64799880981445,39.59829330444336
2003-11-06,11800,40.31999969482422,40.599998474121094,41.38399887084961,39.20000076293945,39.59829330444336
2003-11-05,40300,34.215999603271484,41.104000091552734,42.0,34.15999984741211,40.08986282348633
2003-11-04,2500,33.599998474121094,33.54399871826172,33.599998474121094,32.87200164794922,32.71638488769531
2003-11-03,700,33.93600082397461,33.375999450683594,33.93600082397461,32.928001403808594,32.55253982543945
2003-10-31,1200,32.7599983215332,33.768001556396484,33.93600082397461,32.47999954223633,32.93485641479492
2003-10-30,3100,34.27199935913086,31.808000564575195,34.27199935913086,31.808000564575195,31.023218154907227
2003-10-29,2800,34.15999984741211,34.215999603271484,34.551998138427734,33.599998474121094,33.37180709838867
2003-10-28,4300,34.04800033569336,34.15999984741211,34.327999114990234,33.152000427246094,33.31719207763672
2003-10-27,1900,34.38399887084961,33.880001068115234,34.38399887084961,32.816001892089844,33.044090270996094
2003-10-24,2800,34.15999984741211,34.104000091552734,34.15999984741211,32.20000076293945,33.26256561279297
2003-10-23,2900,33.599998474121094,33.93600082397461,33.93600082397461,33.263999938964844,33.09871292114258
2003-10-22,2800,33.599998474121094,33.599998474121094,34.608001708984375,32.59199905395508,32.77100372314453
2003-10-21,2400,33.599998474121094,33.599998474121094,34.15999984741211,32.5359992980957,32.77100372314453
2003-10-20,2700,34.15999984741211,33.65599822998047,34.15999984741211,33.599998474121094,32.825618743896484
2003-10-17,7300,32.47999954223633,33.65599822998047,34.104000091552734,31.695999145507812,32.825618743896484
2003-10-16,3700,32.20000076293945,32.42399978637695,32.42399978637695,30.29599952697754,31.624019622802734
2003-10-15,10100,29.176000595092773,31.920000076293945,32.20000076293945,29.176000595092773,31.132455825805664
2003-10-14,800,28.11199951171875,29.1200008392334,29.1200008392334,28.055999755859375,28.401535034179688
2003-10-13,1000,29.1200008392334,28.503999710083008,29.1200008392334,28.503999710083008,27.800737380981445
2003-10-10,1500,27.719999313354492,28.84000015258789,29.45599937438965,27.719999313354492,28.12844467163086
2003-10-09,3600,29.23200035095215,28.336000442504883,29.23200035095215,26.992000579833984,27.636878967285156
2003-10-08,300,29.007999420166016,29.06399917602539,29.1200008392334,29.007999420166016,28.3469181060791
2003-10-07,1900,28.447999954223633,29.06399917602539,29.06399917602539,28.224000930786133,28.3469181060791
2003-10-06,1000,29.1200008392334,28.447999954223633,29.176000595092773,28.447999954223633,27.746110916137695
2003-10-03,1700,28.559999465942383,29.06399917602539,29.23200035095215,28.447999954223633,28.3469181060791
2003-10-02,800,29.68000030517578,28.559999465942383,29.68000030517578,28.559999465942383,27.855358123779297
2003-10-01,300,28.784000396728516,28.784000396728516,29.1200008392334,28.784000396728516,28.07383155822754
2003-09-30,1200,29.68000030517578,28.559999465942383,29.68000030517578,28.559999465942383,27.855358123779297
2003-09-29,1100,29.624000549316406,28.84000015258789,29.68000030517578,28.84000015258789,28.12844467163086
2003-09-26,4100,29.624000549316406,29.511999130249023,29.624000549316406,28.895999908447266,28.783864974975586
2003-09-25,2000,29.511999130249023,29.3439998626709,29.511999130249023,28.84000015258789,28.620012283325195
2003-09-24,2200,28.615999221801758,28.72800064086914,29.90399932861328,28.615999221801758,28.019207000732422
2003-09-23,2300,29.511999130249023,28.615999221801758,29.511999130249023,28.559999465942383,27.90997314453125
2003-09-22,1200,28.447999954223633,28.672000885009766,29.511999130249023,28.336000442504883,27.96459197998047
2003-09-19,1500,28.055999755859375,28.615999221801758,29.79199981689453,28.055999755859375,27.90997314453125
2003-09-18,4000,29.511999130249023,28.559999465942383,29.90399932861328,28.0,27.855358123779297
2003-09-17,1100,29.288000106811523,28.559999465942383,29.624000549316406,28.559999465942383,27.855358123779297
2003-09-16,1800,29.511999130249023,29.511999130249023,29.511999130249023,28.615999221801758,28.783864974975586
2003-09-15,500,28.559999465942383,29.68000030517578,29.68000030517578,28.559999465942383,28.947723388671875
2003-09-12,1500,28.336000442504883,29.624000549316406,29.90399932861328,28.336000442504883,28.89310646057129
2003-09-11,600,29.56800079345703,29.56800079345703,29.56800079345703,28.615999221801758,28.838489532470703
2003-09-10,1500,29.90399932861328,29.56800079345703,29.90399932861328,28.336000442504883,28.838489532470703
2003-09-09,3000,28.895999908447266,29.736000061035156,29.736000061035156,28.055999755859375,29.002338409423828
2003-09-08,2500,27.719999313354492,28.784000396728516,28.84000015258789,27.327999114990234,28.07383155822754
2003-09-05,1500,28.84000015258789,28.559999465942383,28.84000015258789,27.384000778198242,27.855358123779297
2003-09-04,2500,28.559999465942383,28.224000930786133,29.176000595092773,28.224000930786133,27.527650833129883
2003-09-03,1500,26.823999404907227,28.447999954223633,28.447999954223633,26.76799964904785,27.746110916137695
2003-09-02,1300,27.663999557495117,28.055999755859375,28.84000015258789,27.663999557495117,27.363786697387695
2003-08-29,1600,28.167999267578125,28.167999267578125,28.559999465942383,28.167999267578125,27.4730224609375
2003-08-28,1600,29.23200035095215,28.84000015258789,29.511999130249023,28.280000686645508,28.12844467163086
2003-08-27,700,28.784000396728516,28.784000396728516,29.1200008392334,28.72800064086914,28.07383155822754
2003-08-26,900,28.559999465942383,28.784000396728516,28.784000396728516,28.559999465942383,28.07383155822754
2003-08-25,1000,27.719999313354492,28.84000015258789,29.007999420166016,27.719999313354492,28.12844467163086
2003-08-22,700,28.280000686645508,28.615999221801758,29.176000595092773,28.0,27.90997314453125
2003-08-21,5700,26.54400062561035,29.1200008392334,31.416000366210938,26.488000869750977,28.401535034179688
2003-08-20,1800,26.152000427246094,26.6560001373291,26.711999893188477,25.312000274658203,25.998334884643555
2003-08-19,1100,26.152000427246094,25.479999542236328,26.152000427246094,25.256000518798828,24.851343154907227
2003-08-18,3500,26.31999969482422,25.760000228881836,26.8799991607666,24.360000610351562,25.124439239501953
2003-08-15,600,27.15999984741211,27.104000091552734,27.15999984741211,26.600000381469727,26.435270309448242
2003-08-14,1300,26.54400062561035,25.81599998474121,26.711999893188477,25.535999298095703,25.179059982299805
2003-08-13,5600,26.992000579833984,25.368000030517578,26.992000579833984,25.143999099731445,24.742109298706055
2003-08-12,1100,25.871999740600586,25.479999542236328,27.15999984741211,25.368000030517578,24.851343154907227
2003-08-11,3100,25.479999542236328,25.200000762939453,26.040000915527344,24.97599983215332,24.5782527923584
2003-08-08,8300,27.719999313354492,24.639999389648438,27.719999313354492,24.079999923706055,24.03207015991211
2003-08-07,3200,28.784000396728516,27.384000778198242,28.784000396728516,26.8799991607666,26.7083683013916
2003-08-06,13700,32.36800003051758,27.88800048828125,32.36800003051758,27.384000778198242,27.19993782043457
2003-08-05,3400,32.928001403808594,32.47999954223633,33.54399871826172,32.36800003051758,31.678640365600586
2003-08-04,2300,33.599998474121094,32.98400115966797,33.599998474121094,31.86400032043457,32.170204162597656
2003-08-01,2100,31.695999145507812,33.263999938964844,33.54399871826172,31.695999145507812,32.44329071044922
2003-07-31,2800,33.599998474121094,31.639999389648438,33.599998474121094,31.079999923706055,30.859363555908203
2003-07-30,2300,30.799999237060547,33.599998474121094,33.599998474121094,30.799999237060547,32.77100372314453
2003-07-29,5700,29.399999618530273,33.487998962402344,33.54399871826172,29.399999618530273,32.661773681640625
2003-07-28,6200,30.799999237060547,29.399999618530273,32.20000076293945,29.3439998626709,28.67462921142578
2003-07-25,2600,30.799999237060547,30.799999237060547,30.91200065612793,29.176000595092773,30.040088653564453
2003-07-24,6200,31.304000854492188,30.799999237060547,31.97599983215332,30.520000457763672,30.040088653564453
2003-07-23,5300,29.23200035095215,30.799999237060547,31.02400016784668,29.176000595092773,30.040088653564453
2003-07-22,2400,26.600000381469727,29.23200035095215,29.23200035095215,26.600000381469727,28.510772705078125
2003-07-21,4100,26.31999969482422,29.176000595092773,29.176000595092773,26.263999938964844,28.456153869628906
2003-07-18,600,26.823999404907227,26.54400062561035,26.823999404907227,26.152000427246094,25.889097213745117
2003-07-17,1500,27.775999069213867,26.040000915527344,27.775999069213867,26.040000915527344,25.397525787353516
2003-07-16,1300,27.215999603271484,27.663999557495117,27.663999557495117,26.31999969482422,26.981460571289062
2003-07-15,1300,26.600000381469727,26.6560001373291,27.775999069213867,26.600000381469727,25.998334884643555
2003-07-14,1400,27.719999313354492,26.8799991607666,27.719999313354492,26.600000381469727,26.2168025970459
2003-07-11,0,27.440000534057617,27.496000289916992,27.719999313354492,27.440000534057617,26.817604064941406
2003-07-10,1300,27.719999313354492,27.719999313354492,27.719999313354492,25.81599998474121,27.036081314086914
2003-07-09,1500,25.760000228881836,27.719999313354492,27.719999313354492,25.760000228881836,27.036081314086914
2003-07-08,2700,26.31999969482422,26.31999969482422,26.54400062561035,25.760000228881836,25.670621871948242
2003-07-07,1000,26.09600067138672,26.54400062561035,26.54400062561035,26.09600067138672,25.889097213745117
2003-07-03,700,26.31999969482422,26.54400062561035,26.600000381469727,26.31999969482422,25.889097213745117
2003-07-02,200,26.375999450683594,26.54400062561035,26.54400062561035,26.31999969482422,25.889097213745117
2003-07-01,1200,26.600000381469727,26.600000381469727,26.600000381469727,26.31999969482422,25.94371223449707
2003-06-30,300,28.0,26.20800018310547,28.0,26.09600067138672,25.561382293701172
2003-06-27,2700,26.8799991607666,26.711999893188477,28.167999267578125,26.600000381469727,26.052947998046875
2003-06-26,1500,27.15999984741211,27.215999603271484,28.0,26.93600082397461,26.544517517089844
2003-06-25,3400,26.8799991607666,28.0,28.0,26.375999450683594,27.309173583984375
2003-06-24,700,25.312000274658203,26.54400062561035,26.600000381469727,25.312000274658203,25.889097213745117
2003-06-23,1600,26.040000915527344,25.200000762939453,27.88800048828125,25.200000762939453,24.5782527923584
2003-06-20,2100,27.384000778198242,26.8799991607666,27.88800048828125,25.760000228881836,26.2168025970459
2003-06-19,1100,26.823999404907227,27.440000534057617,27.552000045776367,26.09600067138672,26.76298713684082
2003-06-18,900,26.54400062561035,27.104000091552734,27.15999984741211,26.43199920654297,26.435270309448242
2003-06-17,1700,26.31999969482422,26.54400062561035,26.600000381469727,26.31999969482422,25.889097213745117
2003-06-16,1400,26.823999404907227,26.263999938964844,26.992000579833984,26.040000915527344,25.616003036499023
2003-06-13,1900,26.31999969482422,27.327999114990234,27.440000534057617,25.760000228881836,26.653751373291016
2003-06-12,2500,26.040000915527344,25.760000228881836,26.31999969482422,24.695999145507812,25.124439239501953
2003-06-11,5300,25.760000228881836,26.09600067138672,27.496000289916992,25.200000762939453,25.4521484375
2003-06-10,2100,25.871999740600586,25.143999099731445,26.54400062561035,24.639999389648438,24.523637771606445
2003-06-09,5600,26.600000381469727,25.81599998474121,27.440000534057617,25.760000228881836,25.179059982299805
2003-06-06,500,25.591999053955078,26.263999938964844,26.31999969482422,25.591999053955078,25.616003036499023
2003-06-05,2900,26.488000869750977,26.31999969482422,26.488000869750977,25.648000717163086,25.670621871948242
2003-06-04,3800,25.312000274658203,26.040000915527344,26.43199920654297,24.639999389648438,25.397525787353516
2003-06-03,4300,26.600000381469727,25.591999053955078,26.600000381469727,25.256000518798828,24.960580825805664
2003-06-02,1500,26.31999969482422,25.92799949645996,26.600000381469727,25.871999740600586,25.288291931152344
2003-05-30,3500,25.368000030517578,25.760000228881836,25.760000228881836,25.143999099731445,25.124439239501953
2003-05-29,2100,24.360000610351562,25.479999542236328,25.70400047302246,23.799999237060547,24.851343154907227
2003-05-28,3300,25.031999588012695,23.856000900268555,25.031999588012695,23.799999237060547,23.267414093017578
2003-05-27,5000,23.687999725341797,24.472000122070312,24.86400032043457,23.631999969482422,23.868221282958984
2003-05-23,1100,24.920000076293945,25.031999588012695,25.92799949645996,24.920000076293945,24.414400100708008
2003-05-22,3200,25.479999542236328,25.200000762939453,26.375999450683594,24.02400016784668,24.5782527923584
2003-05-21,2900,25.535999298095703,25.70400047302246,26.040000915527344,25.200000762939453,25.069820404052734
2003-05-20,2800,25.08799934387207,25.031999588012695,26.20800018310547,24.86400032043457,24.414400100708008
2003-05-19,9100,24.527999877929688,24.527999877929688,24.97599983215332,23.016000747680664,23.922836303710938
2003-05-16,900,24.527999877929688,24.75200080871582,24.75200080871582,24.527999877929688,24.141307830810547
2003-05-15,1300,23.799999237060547,24.920000076293945,24.920000076293945,23.799999237060547,24.305158615112305
2003-05-14,3300,25.031999588012695,23.91200065612793,25.143999099731445,23.91200065612793,23.322038650512695
2003-05-13,1300,24.86400032043457,25.08799934387207,25.08799934387207,24.527999877929688,24.469013214111328
2003-05-12,2700,23.799999237060547,25.200000762939453,25.256000518798828,23.799999237060547,24.5782527923584
2003-05-09,3800,23.576000213623047,23.239999771118164,24.472000122070312,22.90399932861328,22.66661262512207
2003-05-08,2600,23.799999237060547,23.743999481201172,24.920000076293945,23.07200050354004,23.15817642211914
2003-05-07,3600,25.143999099731445,23.687999725341797,25.983999252319336,22.399999618530273,23.103559494018555
2003-05-06,6200,21.84000015258789,24.920000076293945,25.200000762939453,21.503999710083008,24.305158615112305
2003-05-05,2300,21.055999755859375,21.84000015258789,21.84000015258789,21.055999755859375,21.3011531829834
2003-05-02,800,20.440000534057617,21.503999710083008,21.72800064086914,20.440000534057617,20.973445892333984
2003-05-01,700,21.84000015258789,21.336000442504883,21.84000015258789,20.552000045776367,20.809589385986328
2003-04-30,900,21.280000686645508,21.167999267578125,21.559999465942383,21.167999267578125,20.645734786987305
2003-04-29,2100,20.944000244140625,21.559999465942383,21.559999465942383,20.719999313354492,21.028064727783203
2003-04-28,3100,19.600000381469727,21.280000686645508,21.280000686645508,18.535999298095703,20.75497055053711
2003-04-25,1200,19.600000381469727,19.54400062561035,19.600000381469727,19.09600067138672,19.061800003051758
2003-04-24,2900,18.70400047302246,19.20800018310547,19.600000381469727,18.200000762939453,18.734094619750977
2003-04-23,3900,19.09600067138672,19.152000427246094,20.384000778198242,18.92799949645996,18.679475784301758
2003-04-22,2000,19.375999450683594,19.93600082397461,20.719999313354492,19.31999969482422,19.444128036499023
2003-04-21,1300,21.615999221801758,20.15999984741211,22.399999618530273,20.15999984741211,19.66260528564453
2003-04-17,3700,21.11199951171875,20.832000732421875,22.399999618530273,20.775999069213867,20.318025588989258
2003-04-16,4300,19.31999969482422,21.0,21.0,18.760000228881836,20.481882095336914
2003-04-15,4200,20.15999984741211,20.663999557495117,21.615999221801758,18.70400047302246,20.1541690826416
2003-04-14,3400,22.399999618530273,20.663999557495117,22.399999618530273,20.663999557495117,20.1541690826416
2003-04-11,900,22.399999618530273,22.3439998626709,22.399999618530273,22.3439998626709,21.792720794677734
2003-04-10,200,22.56800079345703,22.399999618530273,22.56800079345703,22.399999618530273,21.84733772277832
2003-04-09,500,22.399999618530273,22.399999618530273,22.56800079345703,22.399999618530273,21.84733772277832
2003-04-08,700,22.399999618530273,22.399999618530273,22.45599937438965,22.399999618530273,21.84733772277832
2003-04-07,300,22.511999130249023,22.68000030517578,22.68000030517578,22.399999618530273,22.120424270629883
2003-04-04,500,22.736000061035156,22.45599937438965,22.79199981689453,22.45599937438965,21.901958465576172
2003-04-03,1100,22.736000061035156,22.79199981689453,22.79199981689453,22.624000549316406,22.229660034179688
2003-04-02,1400,22.847999572753906,22.45599937438965,23.128000259399414,22.45599937438965,21.901958465576172
2003-04-01,400,22.959999084472656,22.511999130249023,22.959999084472656,22.45599937438965,21.95656967163086
2003-03-31,700,22.399999618530273,22.56800079345703,22.624000549316406,22.399999618530273,22.01119613647461
2003-03-28,2100,22.79199981689453,22.45599937438965,22.959999084472656,22.45599937438965,21.901958465576172
2003-03-27,100,22.959999084472656,22.511999130249023,22.959999084472656,22.511999130249023,21.95656967163086
2003-03-26,1300,22.399999618530273,22.959999084472656,23.016000747680664,22.399999618530273,22.393516540527344
2003-03-25,1200,24.079999923706055,22.399999618530273,24.13599967956543,22.399999618530273,21.84733772277832
2003-03-24,700,23.576000213623047,23.856000900268555,24.920000076293945,23.576000213623047,23.267414093017578
2003-03-21,2400,23.408000946044922,25.143999099731445,25.70400047302246,23.408000946044922,24.523637771606445
2003-03-20,2100,23.408000946044922,23.520000457763672,23.520000457763672,22.847999572753906,22.93970489501953
2003-03-19,8300,28.0,23.520000457763672,28.503999710083008,22.399999618530273,22.93970489501953
2003-03-18,2400,23.239999771118164,23.520000457763672,23.520000457763672,22.399999618530273,22.93970489501953
2003-03-17,4200,21.055999755859375,23.631999969482422,23.743999481201172,21.055999755859375,23.048940658569336
2003-03-14,2400,21.280000686645508,22.56800079345703,22.56800079345703,21.167999267578125,22.01119613647461
2003-03-13,600,23.07200050354004,22.56800079345703,23.464000701904297,22.56800079345703,22.01119613647461
2003-03-12,900,23.07200050354004,23.743999481201172,23.799999237060547,23.07200050354004,23.15817642211914
2003-03-11,1300,22.1200008392334,23.687999725341797,23.743999481201172,21.895999908447266,23.103559494018555
2003-03-10,2600,23.799999237060547,21.84000015258789,23.799999237060547,21.72800064086914,21.3011531829834
2003-03-07,2500,23.520000457763672,23.464000701904297,23.687999725341797,22.399999618530273,22.88508415222168
2003-03-06,0,23.799999237060547,23.239999771118164,23.799999237060547,23.239999771118164,22.66661262512207
2003-03-05,300,23.743999481201172,23.016000747680664,23.743999481201172,23.016000747680664,22.448139190673828
2003-03-04,600,23.239999771118164,23.464000701904297,23.576000213623047,23.07200050354004,22.88508415222168
2003-03-03,300,23.799999237060547,23.520000457763672,23.799999237060547,23.18400001525879,22.93970489501953
2003-02-28,800,23.743999481201172,23.520000457763672,23.743999481201172,23.464000701904297,22.93970489501953
2003-02-27,1200,23.351999282836914,23.743999481201172,24.24799919128418,22.79199981689453,23.15817642211914
2003-02-26,300,24.02400016784668,23.799999237060547,24.02400016784668,23.799999237060547,23.212793350219727
2003-02-25,3400,24.02400016784668,23.91200065612793,24.02400016784668,22.3439998626709,23.322038650512695
2003-02-24,1000,23.799999237060547,24.02400016784668,24.24799919128418,23.799999237060547,23.43126678466797
2003-02-21,900,24.191999435424805,24.360000610351562,24.360000610351562,22.68000030517578,23.75897789001465
2003-02-20,2000,22.959999084472656,24.639999389648438,24.639999389648438,22.959999084472656,24.03207015991211
2003-02-19,2800,23.07200050354004,23.91200065612793,23.91200065612793,22.736000061035156,23.322038650512695
2003-02-18,2500,23.239999771118164,22.68000030517578,23.464000701904297,22.56800079345703,22.120424270629883
2003-02-14,1600,22.959999084472656,22.45599937438965,22.959999084472656,22.399999618530273,21.901958465576172
2003-02-13,2300,23.520000457763672,22.959999084472656,23.520000457763672,22.45599937438965,22.393516540527344
2003-02-12,700,23.239999771118164,23.128000259399414,23.464000701904297,22.736000061035156,22.557374954223633
2003-02-11,700,23.968000411987305,23.07200050354004,24.360000610351562,22.68000030517578,22.502756118774414
2003-02-10,2500,24.13599967956543,24.02400016784668,24.360000610351562,23.799999237060547,23.43126678466797
2003-02-07,1000,24.079999923706055,24.191999435424805,24.360000610351562,24.079999923706055,23.595121383666992
2003-02-06,1600,24.191999435424805,24.304000854492188,24.360000610351562,24.079999923706055,23.704362869262695
2003-02-05,5500,24.360000610351562,24.079999923706055,24.639999389648438,24.079999923706055,23.485889434814453
2003-02-04,3400,24.079999923706055,24.360000610351562,24.86400032043457,23.968000411987305,23.75897789001465
2003-02-03,2400,23.799999237060547,24.02400016784668,24.695999145507812,23.799999237060547,23.43126678466797
2003-01-31,5900,24.75200080871582,24.695999145507812,26.20800018310547,23.576000213623047,24.086687088012695
2003-01-30,1600,24.360000610351562,23.968000411987305,24.360000610351562,23.968000411987305,23.376649856567383
2003-01-29,2800,24.304000854492188,23.631999969482422,24.304000854492188,23.631999969482422,23.048940658569336
2003-01-28,800,23.576000213623047,24.416000366210938,24.639999389648438,23.576000213623047,23.8135986328125
2003-01-27,2100,22.736000061035156,23.239999771118164,25.200000762939453,22.68000030517578,22.66661262512207
2003-01-24,900,23.856000900268555,24.304000854492188,24.808000564575195,23.239999771118164,23.704362869262695
2003-01-23,2600,25.143999099731445,23.856000900268555,25.760000228881836,22.90399932861328,23.267414093017578
2003-01-22,3800,24.24799919128418,25.70400047302246,26.20800018310547,24.24799919128418,25.069820404052734
2003-01-21,2700,24.808000564575195,25.200000762939453,25.200000762939453,22.511999130249023,24.5782527923584
2003-01-17,1100,25.256000518798828,25.983999252319336,26.600000381469727,25.200000762939453,25.34290885925293
2003-01-16,2500,26.43199920654297,25.08799934387207,26.43199920654297,24.079999923706055,24.469013214111328
2003-01-15,1300,27.27199935913086,26.040000915527344,27.27199935913086,25.031999588012695,25.397525787353516
2003-01-14,3000,25.760000228881836,25.92799949645996,27.440000534057617,25.535999298095703,25.288291931152344
2003-01-13,7000,23.239999771118164,25.648000717163086,25.70400047302246,22.736000061035156,25.015201568603516
2003-01-10,1600,25.760000228881836,24.191999435424805,25.760000228881836,24.191999435424805,23.595121383666992
2003-01-09,1000,25.479999542236328,25.200000762939453,25.479999542236328,24.639999389648438,24.5782527923584
2003-01-08,600,25.200000762939453,25.200000762939453,25.479999542236328,24.97599983215332,24.5782527923584
2003-01-07,2700,26.040000915527344,24.920000076293945,26.040000915527344,24.695999145507812,24.305158615112305
2003-01-06,1600,27.552000045776367,25.423999786376953,27.552000045776367,25.312000274658203,24.79672622680664
2003-01-03,1100,27.215999603271484,25.81599998474121,27.27199935913086,25.81599998474121,25.179059982299805
2003-01-02,600,27.327999114990234,26.152000427246094,27.384000778198242,26.152000427246094,25.506771087646484
2002-12-31,600,26.76799964904785,26.09600067138672,26.76799964904785,26.09600067138672,25.4521484375
2002-12-30,2300,28.224000930786133,25.760000228881836,28.224000930786133,25.760000228881836,25.124439239501953
2002-12-27,1100,27.215999603271484,27.944000244140625,27.944000244140625,27.215999603271484,27.254549026489258
2002-12-26,1600,27.27199935913086,28.0,28.0,26.992000579833984,27.309173583984375
2002-12-24,200,27.327999114990234,27.88800048828125,27.944000244140625,27.327999114990234,27.19993782043457
2002-12-23,4100,27.719999313354492,26.8799991607666,28.280000686645508,26.8799991607666,26.2168025970459
2002-12-20,2000,26.31999969482422,27.440000534057617,27.440000534057617,25.81599998474121,26.76298713684082
2002-12-19,2900,27.88800048828125,26.31999969482422,28.503999710083008,25.81599998474121,25.670621871948242
2002-12-18,1900,28.559999465942383,27.944000244140625,28.559999465942383,27.88800048828125,27.254549026489258
2002-12-17,14500,26.711999893188477,28.224000930786133,29.1200008392334,25.648000717163086,27.527650833129883
2002-12-16,1600,26.93600082397461,27.215999603271484,27.440000534057617,26.8799991607666,26.544517517089844
2002-12-13,3100,28.0,26.93600082397461,28.167999267578125,25.81599998474121,26.271425247192383
2002-12-12,4300,29.007999420166016,28.055999755859375,29.288000106811523,28.055999755859375,27.363786697387695
2002-12-11,6900,29.736000061035156,29.007999420166016,29.847999572753906,27.440000534057617,28.292301177978516
2002-12-10,9400,26.20800018310547,29.736000061035156,29.959999084472656,26.20800018310547,29.002338409423828
2002-12-09,3900,23.576000213623047,27.104000091552734,27.104000091552734,22.68000030517578,26.435270309448242
2002-12-06,2700,23.464000701904297,23.856000900268555,24.360000610351562,22.959999084472656,23.267414093017578
2002-12-05,600,23.239999771118164,23.520000457763672,24.02400016784668,22.959999084472656,22.93970489501953
2002-12-04,2000,23.07200050354004,23.239999771118164,23.743999481201172,22.56800079345703,22.66661262512207
2002-12-03,2700,24.360000610351562,23.576000213623047,24.527999877929688,23.576000213623047,22.994321823120117
2002-12-02,6600,23.799999237060547,24.304000854492188,24.695999145507812,22.959999084472656,23.704362869262695
2002-11-29,1500,22.399999618530273,22.959999084472656,22.959999084472656,21.280000686645508,22.393516540527344
2002-11-27,3800,21.895999908447266,22.68000030517578,22.959999084472656,20.15999984741211,22.120424270629883
2002-11-26,2800,20.607999801635742,22.399999618530273,22.399999618530273,20.552000045776367,21.84733772277832
2002-11-25,5200,23.91200065612793,22.06399917602539,24.13599967956543,21.559999465942383,21.519630432128906
2002-11-22,4600,20.440000534057617,23.631999969482422,24.191999435424805,20.440000534057617,23.048940658569336
2002-11-21,9300,18.479999542236328,21.503999710083008,22.176000595092773,18.423999786376953,20.973445892333984
2002-11-20,3800,18.423999786376953,18.479999542236328,18.479999542236328,17.920000076293945,18.024049758911133
2002-11-19,4600,17.808000564575195,18.479999542236328,18.648000717163086,17.416000366210938,18.024049758911133
2002-11-18,6100,17.920000076293945,17.639999389648438,19.600000381469727,17.416000366210938,17.20477294921875
2002-11-15,2200,17.86400032043457,17.191999435424805,17.86400032043457,17.13599967956543,16.767831802368164
2002-11-14,10200,17.920000076293945,17.808000564575195,19.040000915527344,17.583999633789062,17.368635177612305
2002-11-13,5500,20.832000732421875,19.54400062561035,21.280000686645508,19.040000915527344,19.061800003051758
2002-11-12,3400,22.06399917602539,21.11199951171875,22.399999618530273,20.719999313354492,20.59111213684082
2002-11-11,1800,22.06399917602539,22.007999420166016,22.624000549316406,21.559999465942383,21.465007781982422
2002-11-08,1600,21.95199966430664,22.06399917602539,22.399999618530273,21.895999908447266,21.519630432128906
2002-11-07,3500,22.959999084472656,21.95199966430664,23.07200050354004,21.336000442504883,21.41038703918457
2002-11-06,7100,25.031999588012695,24.02400016784668,25.760000228881836,22.23200035095215,23.43126678466797
2002-11-05,6700,24.079999923706055,25.143999099731445,25.200000762939453,24.079999923706055,24.523637771606445
2002-11-04,6900,21.280000686645508,23.799999237060547,24.360000610351562,20.775999069213867,23.212793350219727
2002-11-01,11000,23.799999237060547,22.399999618530273,23.799999237060547,20.719999313354492,21.84733772277832
2002-10-31,4700,25.479999542236328,24.13599967956543,25.479999542236328,24.079999923706055,23.54050636291504
2002-10-30,2400,24.920000076293945,25.535999298095703,25.760000228881836,24.920000076293945,24.905967712402344
2002-10-29,9400,27.552000045776367,25.256000518798828,28.055999755859375,23.799999237060547,24.63287353515625
2002-10-28,3500,26.711999893188477,27.663999557495117,28.503999710083008,26.54400062561035,26.981460571289062
2002-10-25,7000,26.09600067138672,27.104000091552734,27.384000778198242,24.920000076293945,26.435270309448242
2002-10-24,9400,29.79199981689453,26.20800018310547,30.408000946044922,25.760000228881836,25.561382293701172
2002-10-23,2200,29.007999420166016,29.3439998626709,30.07200050354004,29.007999420166016,28.620012283325195
2002-10-22,2300,29.959999084472656,29.399999618530273,30.239999771118164,29.23200035095215,28.67462921142578
2002-10-21,3500,29.399999618530273,30.239999771118164,30.239999771118164,28.95199966430664,29.493906021118164
2002-10-18,2600,30.239999771118164,29.79199981689453,30.239999771118164,29.399999618530273,29.056957244873047
2002-10-17,3200,29.288000106811523,29.736000061035156,30.239999771118164,29.288000106811523,29.002338409423828
2002-10-16,2700,28.615999221801758,29.3439998626709,29.68000030517578,28.615999221801758,28.620012283325195
2002-10-15,10200,29.399999618530273,30.520000457763672,30.743999481201172,28.280000686645508,29.76699447631836
2002-10-14,7100,29.23200035095215,28.392000198364258,30.743999481201172,28.392000198364258,27.691499710083008
2002-10-11,4800,30.856000900268555,30.743999481201172,32.42399978637695,29.23200035095215,29.985471725463867
2002-10-10,15600,31.86400032043457,31.079999923706055,34.215999603271484,28.280000686645508,30.31317901611328
2002-10-09,13500,30.520000457763672,30.351999282836914,33.040000915527344,29.68000030517578,29.603137969970703
2002-10-08,12100,29.399412155151367,30.104997634887695,30.575387954711914,28.97606086730957,29.362232208251953
2002-10-07,10300,28.22343635559082,28.45863151550293,30.104997634887695,27.988239288330078,27.756488800048828
2002-10-04,8000,28.74086570739746,27.329692840576172,28.74086570739746,27.04745864868164,26.65540313720703
2002-10-03,12800,26.482990264892578,28.787904739379883,29.399412155151367,25.871482849121094,28.077638626098633
2002-10-02,21800,29.352373123168945,26.153717041015625,29.399412155151367,25.25997543334961,25.508441925048828
2002-10-01,32700,31.516170501708984,29.399412155151367,31.845443725585938,27.04745864868164,28.674057006835938
2002-09-30,25700,30.575387954711914,31.469131469726562,32.22175598144531,29.164216995239258,30.69270896911621
2002-09-27,13800,27.75304412841797,29.587568283081055,30.104997634887695,27.75304412841797,28.857566833496094
2002-09-26,26800,27.51784896850586,28.552709579467773,30.104997634887695,27.04745864868164,27.84824562072754
2002-09-25,9100,26.24779510498047,26.81226348876953,27.988239288330078,25.871482849121094,26.150739669799805
2002-09-24,22300,27.51784896850586,26.29483413696289,27.847122192382812,24.930702209472656,25.646076202392578
2002-09-23,27000,24.413270950317383,26.577068328857422,27.51784896850586,24.178075790405273,25.921350479125977
2002-09-20,12900,20.603107452392578,23.519529342651367,23.519529342651367,20.461990356445312,22.93924331665039
2002-09-19,2800,19.991600036621094,20.650146484375,20.93238067626953,19.756404876708984,20.140657424926758
2002-09-18,7400,19.333053588867188,20.461990356445312,20.461990356445312,19.333053588867188,19.95713996887207
2002-09-17,2200,19.709365844726562,19.333053588867188,20.17975616455078,19.333053588867188,18.856061935424805
2002-09-16,2800,18.956741333007812,19.333053588867188,19.944561004638672,18.90970230102539,18.856061935424805
2002-09-13,2800,19.756404876708984,19.521209716796875,20.17975616455078,18.815624237060547,19.03957176208496
2002-09-12,4300,20.41495132446289,19.803443908691406,20.461990356445312,19.521209716796875,19.314844131469727
2002-09-11,2600,19.66232681274414,20.320873260498047,20.36791229248047,19.521209716796875,19.819501876831055
2002-09-10,5800,18.39227294921875,19.097858428955078,19.568248748779297,18.39227294921875,18.626665115356445
2002-09-09,8600,18.86266326904297,18.815624237060547,19.286014556884766,18.345233917236328,18.351396560668945
2002-09-06,4500,18.815624237060547,19.286014556884766,19.333053588867188,18.815624237060547,18.8101806640625
2002-09-05,1500,18.815624237060547,18.90970230102539,19.238975524902344,18.345233917236328,18.44315528869629
2002-09-04,2700,18.815624237060547,19.191936492919922,19.286014556884766,18.439311981201172,18.71841812133789
2002-09-03,3900,18.251155853271484,18.39227294921875,18.815624237060547,18.204116821289062,17.938491821289062
2002-08-30,8700,18.110036849975586,18.110036849975586,18.345233917236328,17.874841690063477,17.66321563720703
2002-08-29,5700,18.345233917236328,18.580429077148438,18.86266326904297,17.96891975402832,18.12200355529785
2002-08-28,7600,18.815624237060547,19.050819396972656,19.756404876708984,18.345233917236328,18.58078956604004
2002-08-27,16400,20.838302612304688,19.61528778076172,21.40277099609375,18.815624237060547,19.131330490112305
2002-08-26,9800,21.637968063354492,21.308692932128906,22.57874870300293,20.697185516357422,20.78295135498047
2002-08-23,12300,20.697185516357422,21.637968063354492,21.637968063354492,20.273834228515625,21.104106903076172
2002-08-22,7600,20.226795196533203,20.93238067626953,20.93238067626953,19.991600036621094,20.41592788696289
2002-08-21,10000,19.803443908691406,20.17975616455078,20.461990356445312,18.815624237060547,19.681865692138672
2002-08-20,4300,19.521209716796875,19.803443908691406,20.603107452392578,18.39227294921875,19.314844131469727
2002-08-19,14200,18.62746810913086,19.1448974609375,20.226795196533203,18.110036849975586,18.672548294067383
2002-08-16,3900,18.580429077148438,18.110036849975586,18.768585205078125,17.874841690063477,17.66321563720703
2002-08-15,5500,18.15707778930664,18.533390045166016,18.768585205078125,17.68668556213379,18.076128005981445
2002-08-14,2900,17.874841690063477,17.68668556213379,18.580429077148438,16.93406105041504,17.25031280517578
2002-08-13,7000,18.768585205078125,18.533390045166016,18.815624237060547,17.404451370239258,18.076128005981445
2002-08-12,20600,15.94624137878418,18.580429077148438,19.756404876708984,15.758085250854492,18.12200355529785
2002-08-09,9400,14.582108497619629,15.899202346801758,15.899202346801758,14.393952369689941,15.506928443908691
2002-08-08,11300,14.017640113830566,14.817303657531738,15.052498817443848,14.017640113830566,14.451722145080566
2002-08-07,4000,13.594287872314453,14.064679145812988,14.11171817779541,13.547248840332031,13.717669486999512
2002-08-06,1600,13.688365936279297,13.453170776367188,13.829483032226562,12.935741424560547,13.121248245239258
2002-08-05,1400,13.970600128173828,13.923561096191406,13.970600128173828,13.688365936279297,13.580034255981445
2002-08-02,1400,13.923561096191406,13.923561096191406,13.923561096191406,13.688365936279297,13.580034255981445
2002-08-01,6000,13.02981948852539,13.641326904296875,14.11171817779541,12.935741424560547,13.304763793945312
2002-07-31,1800,13.312053680419922,13.076858520507812,13.594287872314453,12.418312072753906,12.754220962524414
2002-07-30,2600,12.465351104736328,12.465351104736328,13.2650146484375,12.277194023132324,12.157798767089844
2002-07-29,1400,12.465351104736328,12.324233055114746,12.606468200683594,12.277194023132324,12.020164489746094
2002-07-26,900,12.465351104736328,12.465351104736328,12.465351104736328,12.230154991149902,12.157798767089844
2002-07-25,1200,11.806803703308105,11.806803703308105,12.465351104736328,11.806803703308105,11.515501022338867
2002-07-24,2800,12.418312072753906,11.994959831237793,12.935741424560547,11.806803703308105,11.699014663696289
2002-07-23,1100,12.230154991149902,12.230154991149902,12.700546264648438,11.806803703308105,11.928403854370117
2002-07-22,2600,11.90088176727295,12.230154991149902,12.230154991149902,11.759764671325684,11.928403854370117
2002-07-19,2800,13.123897552490234,12.230154991149902,13.123897552490234,11.806803703308105,11.928403854370117
2002-07-18,800,12.74758529663086,12.74758529663086,13.170936584472656,12.74758529663086,12.433070182800293
2002-07-17,600,12.935741424560547,12.935741424560547,13.123897552490234,12.888702392578125,12.616583824157715
2002-07-16,500,12.935741424560547,12.700546264648438,13.170936584472656,12.700546264648438,12.387190818786621
2002-07-15,4100,13.547248840332031,12.700546264648438,13.594287872314453,12.700546264648438,12.387190818786621
2002-07-12,2000,13.123897552490234,13.594287872314453,13.594287872314453,13.123897552490234,13.258885383605957
2002-07-11,2700,12.700546264648438,13.123897552490234,13.594287872314453,12.700546264648438,12.800098419189453
2002-07-10,5500,11.853842735290527,12.700546264648438,13.359092712402344,11.806803703308105,12.387190818786621
2002-07-09,700,12.230154991149902,12.18311595916748,12.230154991149902,11.853842735290527,11.882527351379395
2002-07-08,900,11.383452415466309,11.853842735290527,11.90088176727295,10.58378791809082,11.561383247375488
2002-07-05,1800,9.878202438354492,11.383452415466309,12.18311595916748,9.878202438354492,11.102594375610352
2002-07-03,7600,12.18311595916748,9.878202438354492,12.18311595916748,7.6673665046691895,9.634482383728027
2002-07-02,5900,12.18311595916748,11.759764671325684,12.230154991149902,11.759764671325684,11.469621658325195
2002-07-01,900,12.136076927185059,12.18311595916748,12.18311595916748,11.853842735290527,11.882527351379395
2002-06-28,500,11.806803703308105,12.136076927185059,12.18311595916748,11.524569511413574,11.836648941040039
2002-06-27,600,11.759764671325684,12.089037895202637,12.089037895202637,11.712725639343262,11.790773391723633
2002-06-26,300,11.759764671325684,11.101218223571777,11.759764671325684,11.101218223571777,10.827323913574219
2002-06-25,800,12.089037895202637,11.759764671325684,12.089037895202637,11.66568660736084,11.469621658325195
2002-06-24,1600,11.806803703308105,12.18311595916748,12.230154991149902,11.759764671325684,11.882527351379395
2002-06-21,2300,11.947920799255371,12.136076927185059,12.136076927185059,11.759764671325684,11.836648941040039
2002-06-20,600,11.571608543395996,11.66568660736084,11.759764671325684,11.571608543395996,11.377863883972168
2002-06-19,0,11.994959831237793,11.994959831237793,11.994959831237793,11.994959831237793,11.699014663696289
2002-06-18,300,12.418312072753906,11.994959831237793,12.465351104736328,11.289374351501465,11.699014663696289
2002-06-17,500,11.054179191589355,11.571608543395996,11.994959831237793,11.054179191589355,11.286107063293457
2002-06-14,1600,11.524569511413574,11.66568660736084,11.712725639343262,11.524569511413574,11.377863883972168
2002-06-13,1900,11.571608543395996,11.712725639343262,11.759764671325684,11.289374351501465,11.423744201660156
2002-06-12,5400,11.336413383483887,11.994959831237793,13.594287872314453,11.054179191589355,11.699014663696289
2002-06-11,2100,10.960101127624512,11.054179191589355,11.759764671325684,10.960101127624512,10.781445503234863
2002-06-10,1100,10.91306209564209,11.242335319519043,11.242335319519043,10.91306209564209,10.964958190917969
2002-06-07,4600,10.91306209564209,10.91306209564209,11.195296287536621,10.113397598266602,10.64380931854248
2002-06-06,3600,11.477530479431152,11.195296287536621,11.759764671325684,10.91306209564209,10.919079780578613
2002-06-05,2600,11.524569511413574,11.618647575378418,11.759764671325684,11.289374351501465,11.331985473632812
2002-06-04,700,11.759764671325684,11.759764671325684,11.759764671325684,11.759764671325684,11.469621658325195
2002-06-03,3000,13.123897552490234,11.759764671325684,13.123897552490234,11.759764671325684,11.469621658325195
2002-05-31,1600,13.406131744384766,13.123897552490234,13.406131744384766,12.277194023132324,12.800098419189453
2002-05-30,600,12.51239013671875,13.406131744384766,13.406131744384766,12.51239013671875,13.075369834899902
2002-05-29,2400,13.02981948852539,12.324233055114746,13.359092712402344,12.136076927185059,12.020164489746094
2002-05-28,2000,12.700546264648438,11.994959831237793,12.935741424560547,11.806803703308105,11.699014663696289
2002-05-24,3300,12.794624328613281,12.935741424560547,13.170936584472656,12.794624328613281,12.616583824157715
2002-05-23,2900,12.982780456542969,12.935741424560547,13.641326904296875,12.935741424560547,12.616583824157715
2002-05-22,2700,13.170936584472656,13.170936584472656,13.312053680419922,12.653507232666016,12.845977783203125
2002-05-21,3300,11.994959831237793,12.935741424560547,13.359092712402344,11.336413383483887,12.616583824157715
2002-05-20,4000,11.336413383483887,12.935741424560547,13.312053680419922,11.101218223571777,12.616583824157715
2002-05-17,5100,10.677865982055664,11.806803703308105,11.853842735290527,10.677865982055664,11.515501022338867
2002-05-16,11600,12.277194023132324,10.630826950073242,12.465351104736328,10.489709854125977,10.368538856506348
2002-05-15,2200,13.594287872314453,12.465351104736328,13.594287872314453,11.994959831237793,12.157798767089844
2002-05-14,4000,13.359092712402344,13.406131744384766,14.064679145812988,12.51239013671875,13.075369834899902
2002-05-13,3000,12.18311595916748,12.935741424560547,13.78244400024414,11.759764671325684,12.616583824157715
2002-05-10,7600,13.688365936279297,12.841663360595703,13.688365936279297,11.994959831237793,12.524828910827637
2002-05-09,9200,11.007140159606934,13.170936584472656,13.359092712402344,11.007140159606934,12.845977783203125
2002-05-08,17200,10.724905967712402,11.054179191589355,11.1482572555542,10.207475662231445,10.781445503234863
2002-05-07,7300,9.172616958618164,10.019319534301758,10.019319534301758,9.172616958618164,9.772119522094727
2002-05-06,6500,8.98445987701416,9.172616958618164,9.172616958618164,8.890381813049316,8.946307182312012
2002-05-03,700,8.98445987701416,9.031498908996582,9.031498908996582,8.98445987701416,8.808669090270996
2002-05-02,1500,8.98445987701416,9.031498908996582,9.125577926635742,8.98445987701416,8.808669090270996
2002-05-01,2000,9.172616958618164,9.031498908996582,9.172616958618164,8.98445987701416,8.808669090270996
2002-04-30,900,8.98445987701416,9.125577926635742,9.125577926635742,8.98445987701416,8.900425910949707
2002-04-29,1400,9.031498908996582,9.125577926635742,9.125577926635742,8.98445987701416,8.900425910949707
2002-04-26,5000,9.07853889465332,8.98445987701416,9.172616958618164,8.937420845031738,8.762791633605957
2002-04-25,3700,8.890381813049316,9.125577926635742,9.407812118530273,8.890381813049316,8.900425910949707
2002-04-24,6300,8.796303749084473,8.890381813049316,9.219655990600586,8.796303749084473,8.67103385925293
2002-04-23,1800,8.796303749084473,8.890381813049316,9.360773086547852,8.74926471710205,8.67103385925293
2002-04-22,1400,8.74926471710205,8.937420845031738,9.266695022583008,8.74926471710205,8.716912269592285
2002-04-19,900,8.702225685119629,8.74926471710205,8.890381813049316,8.702225685119629,8.53339958190918
2002-04-18,800,8.937420845031738,8.937420845031738,8.937420845031738,8.702225685119629,8.716912269592285
2002-04-17,700,8.702225685119629,8.890381813049316,8.890381813049316,8.702225685119629,8.67103385925293
2002-04-16,2000,8.655186653137207,8.937420845031738,8.937420845031738,8.655186653137207,8.716912269592285
2002-04-15,100,8.702225685119629,8.608147621154785,8.890381813049316,8.608147621154785,8.395763397216797
2002-04-12,600,8.890381813049316,8.890381813049316,8.890381813049316,8.890381813049316,8.67103385925293
2002-04-11,6600,8.702225685119629,8.890381813049316,9.266695022583008,7.526249408721924,8.67103385925293
2002-04-10,3000,8.98445987701416,8.890381813049316,9.125577926635742,8.702225685119629,8.67103385925293
2002-04-09,2300,8.702225685119629,9.031498908996582,9.031498908996582,8.702225685119629,8.808669090270996
2002-04-08,1800,8.702225685119629,8.702225685119629,8.937420845031738,8.702225685119629,8.487520217895508
2002-04-05,1800,8.74926471710205,8.937420845031738,8.937420845031738,8.702225685119629,8.716912269592285
2002-04-04,2100,8.702225685119629,8.702225685119629,8.937420845031738,8.702225685119629,8.487520217895508
2002-04-03,1500,8.702225685119629,8.702225685119629,8.937420845031738,8.702225685119629,8.487520217895508
2002-04-02,1100,8.702225685119629,8.702225685119629,8.937420845031738,8.702225685119629,8.487520217895508
2002-04-01,1100,8.796303749084473,8.702225685119629,8.796303749084473,8.702225685119629,8.487520217895508
2002-03-28,1500,9.07853889465332,8.702225685119629,9.07853889465332,8.655186653137207,8.487520217895508
2002-03-27,3000,8.655186653137207,8.937420845031738,9.172616958618164,8.655186653137207,8.716912269592285
2002-03-26,900,8.419991493225098,8.655186653137207,8.702225685119629,8.419991493225098,8.441641807556152
2002-03-25,3600,8.372952461242676,8.23183536529541,8.419991493225098,8.23183536529541,8.028736114501953
2002-03-22,1400,8.702225685119629,8.702225685119629,8.702225685119629,7.761444568634033,8.487520217895508
2002-03-21,1200,7.526249408721924,7.526249408721924,9.172616958618164,7.526249408721924,7.340558052062988
2002-03-20,2500,8.043679237365723,7.526249408721924,8.23183536529541,7.526249408721924,7.340558052062988
2002-03-19,2700,8.184796333312988,9.172616958618164,9.172616958618164,8.090718269348145,8.946307182312012
2002-03-18,1200,7.996640205383301,8.184796333312988,8.23183536529541,7.996640205383301,7.982856750488281
2002-03-15,1600,8.23183536529541,8.23183536529541,8.23183536529541,7.996640205383301,8.028736114501953
2002-03-14,2500,8.46703052520752,7.996640205383301,8.46703052520752,7.996640205383301,7.799342155456543
2002-03-13,2900,8.655186653137207,8.46703052520752,9.360773086547852,8.325913429260254,8.258130073547363
2002-03-12,1600,8.325913429260254,8.372952461242676,8.608147621154785,8.325913429260254,8.166370391845703
2002-03-11,1900,8.23183536529541,8.325913429260254,8.46703052520752,8.23183536529541,8.120491981506348
2002-03-08,6600,7.996640205383301,8.608147621154785,8.655186653137207,7.996640205383301,8.395763397216797
2002-03-07,300,8.23183536529541,7.996640205383301,8.23183536529541,7.996640205383301,7.799342155456543
2002-03-06,1200,7.949601173400879,7.808483600616455,8.46703052520752,7.761444568634033,7.615828990936279
2002-03-05,200,8.655186653137207,7.526249408721924,8.655186653137207,7.526249408721924,7.340558052062988
2002-03-04,2100,8.043679237365723,8.702225685119629,9.360773086547852,7.902562141418457,8.487520217895508
2002-03-01,5000,7.2910542488098145,8.890381813049316,10.113397598266602,7.2910542488098145,8.67103385925293
2002-02-28,1400,7.244015216827393,7.244015216827393,7.2910542488098145,6.914741516113281,7.065286636352539
2002-02-27,800,7.479210376739502,7.902562141418457,7.902562141418457,7.055859088897705,7.707586288452148
2002-02-26,300,7.526249408721924,7.526249408721924,7.526249408721924,7.479210376739502,7.340558052062988
2002-02-25,2900,6.585468292236328,6.914741516113281,8.23183536529541,6.585468292236328,6.744138717651367
2002-02-22,1300,6.538429260253906,6.350273132324219,6.538429260253906,6.256195068359375,6.1935954093933105
2002-02-21,1700,6.256195068359375,6.585468292236328,6.585468292236328,6.256195068359375,6.4229888916015625
2002-02-20,4800,6.209156036376953,6.303234100341797,6.585468292236328,6.209156036376953,6.1477179527282715
2002-02-19,300,6.350273132324219,6.350273132324219,6.350273132324219,6.350273132324219,6.1935954093933105
2002-02-15,400,6.350273132324219,6.491390228271484,6.491390228271484,6.350273132324219,6.331232070922852
2002-02-14,900,6.726585388183594,6.726585388183594,6.726585388183594,6.63250732421875,6.560624122619629
2002-02-13,1200,6.585468292236328,6.63250732421875,6.726585388183594,6.585468292236328,6.468867301940918
2002-02-12,900,6.162116527557373,6.4443511962890625,6.4443511962890625,6.162116527557373,6.285353660583496
2002-02-11,1600,6.162116527557373,6.162116527557373,6.538429260253906,6.162116527557373,6.010082244873047
2002-02-08,0,6.256195068359375,6.256195068359375,6.256195068359375,6.256195068359375,6.101839065551758
2002-02-07,1000,6.209156036376953,6.256195068359375,6.491390228271484,6.162116527557373,6.101839065551758
2002-02-06,200,5.738765239715576,5.738765239715576,5.738765239715576,5.738765239715576,5.5971760749816895
2002-02-05,1100,6.115077495574951,6.115077495574951,6.585468292236328,5.409492015838623,5.964201927185059
2002-02-04,1900,6.679546356201172,6.115077495574951,6.679546356201172,5.409492015838623,5.964201927185059
2002-02-01,400,6.773624420166016,6.115077495574951,6.773624420166016,6.115077495574951,5.964201927185059
2002-01-31,500,6.491390228271484,6.115077495574951,6.491390228271484,6.115077495574951,5.964201927185059
2002-01-30,0,6.115077495574951,6.115077495574951,6.115077495574951,6.115077495574951,5.964201927185059
2002-01-29,0,6.8206634521484375,6.303234100341797,6.8206634521484375,6.303234100341797,6.1477179527282715
2002-01-28,1500,5.879882335662842,6.867702484130859,6.867702484130859,5.879882335662842,6.698258876800537
2002-01-25,1500,5.879882335662842,5.879882335662842,6.4443511962890625,5.879882335662842,5.734810829162598
2002-01-24,3300,6.4443511962890625,5.879882335662842,6.585468292236328,5.879882335662842,5.734810829162598
2002-01-23,700,6.115077495574951,6.397312164306641,6.397312164306641,6.020999431610107,6.239474773406982
2002-01-22,0,6.303234100341797,6.303234100341797,6.303234100341797,6.303234100341797,6.1477179527282715
2002-01-18,600,6.350273132324219,6.303234100341797,6.538429260253906,6.303234100341797,6.1477179527282715
2002-01-17,0,6.350273132324219,6.350273132324219,6.350273132324219,6.350273132324219,6.1935954093933105
2002-01-16,0,6.350273132324219,6.350273132324219,6.350273132324219,6.350273132324219,6.1935954093933105
2002-01-15,1600,6.585468292236328,6.491390228271484,6.585468292236328,5.9739603996276855,6.331232070922852
2002-01-14,1200,6.538429260253906,6.491390228271484,6.538429260253906,6.491390228271484,6.331232070922852
2002-01-11,800,6.115077495574951,6.4443511962890625,6.538429260253906,6.115077495574951,6.285353660583496
2002-01-10,900,6.209156036376953,6.162116527557373,6.350273132324219,6.162116527557373,6.010082244873047
2002-01-09,500,6.068038463592529,6.020999431610107,6.068038463592529,6.020999431610107,5.8724470138549805
2002-01-08,3300,5.879882335662842,5.9739603996276855,6.115077495574951,5.879882335662842,5.826567649841309
2002-01-07,0,6.020999431610107,6.020999431610107,6.068038463592529,6.020999431610107,5.8724470138549805
2002-01-04,400,5.644687175750732,5.926921367645264,6.068038463592529,5.644687175750732,5.780691623687744
2002-01-03,600,5.738765239715576,5.738765239715576,5.738765239715576,5.362452983856201,5.5971760749816895
2002-01-02,0,5.738765239715576,6.115077495574951,6.115077495574951,5.738765239715576,5.964201927185059
2001-12-31,2500,5.409492015838623,5.879882335662842,5.879882335662842,5.080218315124512,5.734810829162598
2001-12-28,4100,5.503570079803467,5.691726207733154,6.115077495574951,5.1742963790893555,5.551297187805176
2001-12-27,3800,5.9739603996276855,5.268374443054199,6.115077495574951,5.1742963790893555,5.138391494750977
2001-12-26,2700,5.5976481437683105,5.9739603996276855,6.115077495574951,5.5976481437683105,5.826567649841309
2001-12-24,100,5.644687175750732,5.644687175750732,5.644687175750732,5.644687175750732,5.5054192543029785
2001-12-21,1800,5.644687175750732,5.550609111785889,5.879882335662842,5.550609111785889,5.413661956787109
2001-12-20,2300,5.83284330368042,5.550609111785889,6.020999431610107,5.03317928314209,5.413661956787109
2001-12-19,900,5.83284330368042,6.020999431610107,6.020999431610107,5.83284330368042,5.8724470138549805
2001-12-18,1100,5.879882335662842,5.83284330368042,5.879882335662842,5.83284330368042,5.688931941986084
2001-12-17,6900,6.397312164306641,5.879882335662842,6.397312164306641,5.5976481437683105,5.734810829162598
2001-12-14,1100,6.491390228271484,6.397312164306641,6.585468292236328,6.397312164306641,6.239474773406982
2001-12-13,1200,6.585468292236328,6.585468292236328,6.585468292236328,6.585468292236328,6.4229888916015625
2001-12-12,1000,6.585468292236328,6.4443511962890625,6.585468292236328,6.4443511962890625,6.285353660583496
2001-12-11,3000,6.350273132324219,6.538429260253906,6.585468292236328,6.350273132324219,6.377110481262207
2001-12-10,2100,6.585468292236328,6.350273132324219,6.585468292236328,6.209156036376953,6.1935954093933105
2001-12-07,5200,6.256195068359375,6.8206634521484375,7.055859088897705,6.256195068359375,6.652381896972656
2001-12-06,1900,6.115077495574951,6.115077495574951,6.256195068359375,6.020999431610107,5.964201927185059
2001-12-05,400,5.926921367645264,6.209156036376953,6.209156036376953,5.926921367645264,6.055960655212402
2001-12-04,2200,5.926921367645264,5.926921367645264,6.209156036376953,5.926921367645264,5.780691623687744
2001-12-03,3300,5.785804271697998,5.879882335662842,6.350273132324219,5.785804271697998,5.734810829162598
2001-11-30,3600,5.738765239715576,5.738765239715576,5.785804271697998,5.738765239715576,5.5971760749816895
2001-11-29,800,5.879882335662842,5.879882335662842,5.879882335662842,5.738765239715576,5.734810829162598
2001-11-28,2300,5.738765239715576,5.879882335662842,5.879882335662842,5.738765239715576,5.734810829162598
2001-11-27,3300,5.738765239715576,5.879882335662842,6.115077495574951,5.738765239715576,5.734810829162598
2001-11-26,5000,5.738765239715576,6.115077495574951,6.115077495574951,5.550609111785889,5.964201927185059
2001-11-23,0,5.879882335662842,5.879882335662842,5.879882335662842,5.879882335662842,5.734810829162598
2001-11-21,600,5.738765239715576,5.879882335662842,5.879882335662842,5.738765239715576,5.734810829162598
2001-11-20,1400,5.738765239715576,5.879882335662842,5.879882335662842,5.738765239715576,5.734810829162598
2001-11-19,1100,5.879882335662842,5.879882335662842,5.879882335662842,5.691726207733154,5.734810829162598
2001-11-16,900,5.738765239715576,5.879882335662842,5.879882335662842,5.691726207733154,5.734810829162598
2001-11-15,900,5.879882335662842,5.879882335662842,5.879882335662842,5.738765239715576,5.734810829162598
2001-11-14,1400,5.879882335662842,5.879882335662842,5.879882335662842,5.785804271697998,5.734810829162598
2001-11-13,900,5.644687175750732,5.644687175750732,5.691726207733154,5.644687175750732,5.5054192543029785
2001-11-12,1000,5.5976481437683105,5.5976481437683105,5.644687175750732,5.5976481437683105,5.459539890289307
2001-11-09,1600,5.5976481437683105,5.644687175750732,5.644687175750732,5.5976481437683105,5.5054192543029785
2001-11-08,600,5.5976481437683105,5.5976481437683105,5.644687175750732,5.5976481437683105,5.459539890289307
2001-11-07,900,5.5976481437683105,5.5976481437683105,5.644687175750732,5.5976481437683105,5.459539890289307
2001-11-06,800,5.5976481437683105,5.644687175750732,5.644687175750732,5.5976481437683105,5.5054192543029785
2001-11-05,400,5.5976481437683105,5.644687175750732,5.644687175750732,5.5976481437683105,5.5054192543029785
2001-11-02,300,5.5976481437683105,5.644687175750732,5.644687175750732,5.5976481437683105,5.5054192543029785
2001-11-01,1200,5.644687175750732,5.5976481437683105,5.644687175750732,5.409492015838623,5.459539890289307
2001-10-31,900,5.362452983856201,5.409492015838623,5.5976481437683105,5.362452983856201,5.276026725769043
2001-10-30,1000,5.5976481437683105,5.5976481437683105,5.5976481437683105,5.5976481437683105,5.459539890289307
2001-10-29,1300,5.503570079803467,5.503570079803467,5.503570079803467,5.362452983856201,5.367783546447754
2001-10-26,3400,5.362452983856201,5.503570079803467,5.503570079803467,5.362452983856201,5.367783546447754
2001-10-25,2800,5.456531047821045,5.362452983856201,5.456531047821045,5.315413475036621,5.2301483154296875
2001-10-24,400,5.550609111785889,5.550609111785889,5.550609111785889,5.550609111785889,5.413661956787109
2001-10-23,600,5.550609111785889,5.550609111785889,5.550609111785889,5.550609111785889,5.413661956787109
2001-10-22,2000,5.738765239715576,5.550609111785889,5.785804271697998,5.503570079803467,5.413661956787109
2001-10-19,1200,5.550609111785889,5.503570079803467,5.879882335662842,5.503570079803467,5.367783546447754
2001-10-18,2200,5.503570079803467,5.503570079803467,5.550609111785889,5.315413475036621,5.367783546447754
2001-10-17,2300,5.503570079803467,5.503570079803467,5.5976481437683105,5.503570079803467,5.367783546447754
2001-10-16,400,5.785804271697998,5.503570079803467,5.785804271697998,5.503570079803467,5.367783546447754
2001-10-15,1300,5.5976481437683105,5.691726207733154,5.785804271697998,5.503570079803467,5.551297187805176
2001-10-12,400,5.550609111785889,5.503570079803467,5.550609111785889,5.503570079803467,5.367783546447754
2001-10-11,500,5.550609111785889,5.550609111785889,5.550609111785889,5.550609111785889,5.413661956787109
2001-10-10,1200,5.644687175750732,5.503570079803467,5.644687175750732,5.503570079803467,5.367783546447754
2001-10-09,400,5.644687175750732,5.644687175750732,5.644687175750732,5.644687175750732,5.5054192543029785
2001-10-08,1900,5.550609111785889,5.456531047821045,5.644687175750732,5.456531047821045,5.32190465927124
2001-10-05,300,5.456531047821045,5.456531047821045,5.456531047821045,5.456531047821045,5.32190465927124
2001-10-04,1000,5.5976481437683105,5.644687175750732,5.644687175750732,5.456531047821045,5.5054192543029785
2001-10-03,1700,5.644687175750732,5.785804271697998,5.785804271697998,5.644687175750732,5.6430535316467285
2001-10-02,4900,5.5976481437683105,5.5976481437683105,5.785804271697998,5.550609111785889,5.459539890289307
2001-10-01,1800,5.644687175750732,5.644687175750732,5.83284330368042,5.550609111785889,5.5054192543029785
2001-09-28,4600,5.1742963790893555,5.83284330368042,5.83284330368042,5.1742963790893555,5.688931941986084
2001-09-27,1200,5.644687175750732,5.644687175750732,5.644687175750732,4.986140251159668,5.5054192543029785
2001-09-26,2400,4.703906059265137,5.644687175750732,5.785804271697998,4.609827995300293,5.5054192543029785
2001-09-25,1300,5.5976481437683105,4.703906059265137,5.5976481437683105,4.703906059265137,4.587849140167236
2001-09-24,4500,4.7979841232299805,4.939101219177246,5.83284330368042,4.186476230621338,4.817241191864014
2001-09-21,1000,5.409492015838623,5.080218315124512,5.409492015838623,5.080218315124512,4.954875469207764
2001-09-20,300,4.845023155212402,5.409492015838623,5.409492015838623,4.845023155212402,5.276026725769043
2001-09-19,800,5.1742963790893555,4.845023155212402,5.1742963790893555,4.845023155212402,4.7254838943481445
2001-09-18,1600,5.1742963790893555,5.409492015838623,5.550609111785889,4.845023155212402,5.276026725769043
2001-09-17,4500,5.127257347106934,5.409492015838623,5.83284330368042,4.609827995300293,5.276026725769043
2001-09-10,1100,5.03317928314209,4.703906059265137,5.1742963790893555,4.703906059265137,4.587849140167236
2001-09-07,300,4.703906059265137,5.03317928314209,5.1742963790893555,4.703906059265137,4.908998489379883
2001-09-06,1500,4.986140251159668,4.703906059265137,4.986140251159668,4.703906059265137,4.587849140167236
2001-09-05,100,4.939101219177246,4.939101219177246,4.939101219177246,4.939101219177246,4.817241191864014
2001-09-04,1200,5.1742963790893555,4.939101219177246,5.644687175750732,4.703906059265137,4.817241191864014
2001-08-31,0,4.703906059265137,4.703906059265137,4.703906059265137,4.703906059265137,4.587849140167236
2001-08-30,1500,4.939101219177246,5.1742963790893555,5.1742963790893555,4.703906059265137,5.046633720397949
2001-08-29,100,5.644687175750732,4.703906059265137,5.644687175750732,4.703906059265137,4.587849140167236
2001-08-28,1400,5.5976481437683105,5.644687175750732,5.644687175750732,5.5976481437683105,5.5054192543029785
2001-08-27,100,5.550609111785889,5.409492015838623,5.550609111785889,5.409492015838623,5.276026725769043
2001-08-24,1500,5.5976481437683105,5.550609111785889,5.83284330368042,5.550609111785889,5.413661956787109
2001-08-23,1100,5.83284330368042,5.456531047821045,5.83284330368042,5.456531047821045,5.32190465927124
2001-08-22,500,5.691726207733154,5.785804271697998,5.83284330368042,5.691726207733154,5.6430535316467285
2001-08-21,3600,5.691726207733154,5.738765239715576,5.785804271697998,5.691726207733154,5.5971760749816895
2001-08-20,3300,5.644687175750732,5.5976481437683105,5.879882335662842,5.5976481437683105,5.459539890289307
2001-08-17,4100,5.550609111785889,5.879882335662842,5.879882335662842,5.362452983856201,5.734810829162598
2001-08-16,1100,5.409492015838623,5.409492015838623,5.409492015838623,5.315413475036621,5.276026725769043
2001-08-15,300,5.080218315124512,5.409492015838623,5.409492015838623,5.080218315124512,5.276026725769043
2001-08-14,300,5.409492015838623,5.409492015838623,5.409492015838623,5.409492015838623,5.276026725769043
2001-08-13,2800,5.080218315124512,5.362452983856201,5.456531047821045,5.080218315124512,5.2301483154296875
2001-08-10,1900,5.1742963790893555,5.409492015838623,5.503570079803467,5.080218315124512,5.276026725769043
2001-08-09,400,5.1742963790893555,5.1742963790893555,5.1742963790893555,5.1742963790893555,5.046633720397949
2001-08-08,0,5.080218315124512,5.080218315124512,5.080218315124512,5.080218315124512,4.954875469207764
2001-08-07,400,5.1742963790893555,5.362452983856201,5.362452983856201,5.080218315124512,5.2301483154296875
2001-08-06,300,5.644687175750732,5.409492015838623,5.644687175750732,5.1742963790893555,5.276026725769043
2001-08-03,2500,5.221335411071777,5.503570079803467,5.503570079803467,5.080218315124512,5.367783546447754
2001-08-02,2500,5.080218315124512,5.503570079803467,5.503570079803467,5.080218315124512,5.367783546447754
2001-08-01,1000,5.1742963790893555,5.409492015838623,5.409492015838623,5.1742963790893555,5.276026725769043
2001-07-31,400,5.409492015838623,5.1742963790893555,5.409492015838623,5.1742963790893555,5.046633720397949
2001-07-30,3100,5.1742963790893555,5.409492015838623,5.409492015838623,5.1742963790893555,5.276026725769043
2001-07-27,2000,4.986140251159668,5.409492015838623,5.409492015838623,4.986140251159668,5.276026725769043
2001-07-26,0,5.127257347106934,5.127257347106934,5.127257347106934,5.127257347106934,5.000755786895752
2001-07-25,100,5.221335411071777,5.268374443054199,5.268374443054199,5.221335411071777,5.138391494750977
2001-07-24,0,5.080218315124512,5.268374443054199,5.268374443054199,5.080218315124512,5.138391494750977
2001-07-23,0,5.268374443054199,5.127257347106934,5.268374443054199,5.127257347106934,5.000755786895752
2001-07-20,200,5.1742963790893555,5.268374443054199,5.268374443054199,5.1742963790893555,5.138391494750977
2001-07-19,2100,4.939101219177246,5.268374443054199,5.268374443054199,4.703906059265137,5.138391494750977
2001-07-18,900,4.750945091247559,5.1742963790893555,5.1742963790893555,4.750945091247559,5.046633720397949
2001-07-17,2100,5.1742963790893555,4.939101219177246,5.456531047821045,4.703906059265137,4.817241191864014
2001-07-16,1500,5.268374443054199,5.221335411071777,5.268374443054199,5.221335411071777,5.092512130737305
2001-07-13,200,5.221335411071777,5.315413475036621,5.550609111785889,5.221335411071777,5.184269428253174
2001-07-12,700,5.5976481437683105,5.362452983856201,5.644687175750732,5.362452983856201,5.2301483154296875
2001-07-11,100,5.644687175750732,5.409492015838623,5.644687175750732,5.409492015838623,5.276026725769043
2001-07-10,1900,5.456531047821045,5.409492015838623,5.644687175750732,5.362452983856201,5.276026725769043
2001-07-09,600,5.550609111785889,5.268374443054199,5.550609111785889,5.268374443054199,5.138391494750977
2001-07-06,100,5.550609111785889,5.409492015838623,5.550609111785889,5.409492015838623,5.276026725769043
2001-07-05,0,5.503570079803467,5.503570079803467,5.503570079803467,5.503570079803467,5.367783546447754
2001-07-03,100,5.362452983856201,5.362452983856201,5.362452983856201,5.362452983856201,5.2301483154296875
2001-07-02,800,5.362452983856201,5.644687175750732,5.644687175750732,5.362452983856201,5.5054192543029785
2001-06-29,0,5.738765239715576,5.738765239715576,5.738765239715576,5.738765239715576,5.5971760749816895
2001-06-28,500,5.409492015838623,5.362452983856201,5.879882335662842,5.362452983856201,5.2301483154296875
2001-06-27,1300,5.409492015838623,5.409492015838623,5.879882335662842,5.409492015838623,5.276026725769043
2001-06-26,4700,5.785804271697998,5.926921367645264,5.926921367645264,5.738765239715576,5.780691623687744
2001-06-25,600,5.456531047821045,5.409492015838623,5.456531047821045,5.409492015838623,5.276026725769043
2001-06-22,1000,5.738765239715576,5.738765239715576,5.738765239715576,5.738765239715576,5.5971760749816895
2001-06-21,400,5.409492015838623,5.738765239715576,5.738765239715576,5.409492015838623,5.5971760749816895
2001-06-20,2300,5.456531047821045,5.456531047821045,5.738765239715576,5.456531047821045,5.32190465927124
2001-06-19,200,5.83284330368042,5.738765239715576,5.83284330368042,5.738765239715576,5.5971760749816895
2001-06-18,100,5.738765239715576,5.738765239715576,5.738765239715576,5.738765239715576,5.5971760749816895
2001-06-15,500,6.068038463592529,5.644687175750732,6.068038463592529,5.644687175750732,5.5054192543029785
2001-06-14,1200,5.503570079803467,5.879882335662842,5.879882335662842,5.503570079803467,5.734810829162598
2001-06-13,1900,5.644687175750732,5.644687175750732,5.879882335662842,5.644687175750732,5.5054192543029785
2001-06-12,0,5.644687175750732,5.644687175750732,5.644687175750732,5.644687175750732,5.5054192543029785
2001-06-11,3100,5.550609111785889,5.644687175750732,5.644687175750732,5.268374443054199,5.5054192543029785
2001-06-08,600,5.409492015838623,5.409492015838623,5.456531047821045,5.409492015838623,5.276026725769043
2001-06-07,0,5.550609111785889,5.550609111785889,5.550609111785889,5.550609111785889,5.413661956787109
2001-06-06,700,5.550609111785889,5.409492015838623,5.550609111785889,5.409492015838623,5.276026725769043
2001-06-05,900,5.644687175750732,5.409492015838623,5.644687175750732,5.409492015838623,5.276026725769043
2001-06-04,600,5.503570079803467,5.456531047821045,5.5976481437683105,5.456531047821045,5.32190465927124
2001-06-01,700,5.691726207733154,5.409492015838623,5.691726207733154,5.409492015838623,5.276026725769043
2001-05-31,1200,5.879882335662842,5.5976481437683105,6.068038463592529,5.5976481437683105,5.459539890289307
2001-05-30,0,6.115077495574951,6.115077495574951,6.115077495574951,6.115077495574951,5.964201927185059
2001-05-29,400,6.068038463592529,6.115077495574951,6.115077495574951,6.068038463592529,5.964201927185059
2001-05-25,200,6.068038463592529,5.879882335662842,6.115077495574951,5.879882335662842,5.734810829162598
2001-05-24,5800,6.020999431610107,6.068038463592529,6.773624420166016,5.456531047821045,5.9183244705200195
2001-05-23,0,6.020999431610107,6.020999431610107,6.020999431610107,6.020999431610107,5.8724470138549805
2001-05-22,1600,5.83284330368042,6.020999431610107,6.020999431610107,5.83284330368042,5.8724470138549805
2001-05-21,200,5.738765239715576,6.350273132324219,6.350273132324219,5.738765239715576,6.1935954093933105
2001-05-18,1400,5.221335411071777,5.738765239715576,5.785804271697998,5.221335411071777,5.5971760749816895
2001-05-17,200,5.926921367645264,6.115077495574951,6.115077495574951,5.1742963790893555,5.964201927185059
2001-05-16,1100,5.926921367645264,5.926921367645264,6.4443511962890625,5.926921367645264,5.780691623687744
2001-05-15,2700,5.268374443054199,6.020999431610107,6.020999431610107,5.268374443054199,5.8724470138549805
2001-05-14,700,5.644687175750732,5.83284330368042,5.879882335662842,5.644687175750732,5.688931941986084
2001-05-11,300,5.268374443054199,5.5976481437683105,5.5976481437683105,5.268374443054199,5.459539890289307
2001-05-10,500,5.503570079803467,5.221335411071777,5.503570079803467,5.221335411071777,5.092512130737305
2001-05-09,0,5.503570079803467,5.503570079803467,5.503570079803467,5.503570079803467,5.367783546447754
2001-05-08,0,5.644687175750732,5.644687175750732,5.644687175750732,5.644687175750732,5.5054192543029785
2001-05-07,300,5.550609111785889,5.738765239715576,5.83284330368042,5.550609111785889,5.5971760749816895
2001-05-04,100,5.503570079803467,5.503570079803467,5.503570079803467,5.503570079803467,5.367783546447754
2001-05-03,200,5.409492015838623,5.926921367645264,5.926921367645264,5.409492015838623,5.780691623687744
2001-05-02,2100,5.738765239715576,5.1742963790893555,5.738765239715576,4.750945091247559,5.046633720397949
2001-05-01,400,6.115077495574951,6.397312164306641,6.397312164306641,6.115077495574951,6.239474773406982
2001-04-30,400,6.397312164306641,6.115077495574951,6.397312164306641,6.115077495574951,5.964201927185059
2001-04-27,500,6.115077495574951,6.397312164306641,6.397312164306641,6.115077495574951,6.239474773406982
2001-04-26,3700,6.209156036376953,6.115077495574951,6.4443511962890625,5.9739603996276855,5.964201927185059
2001-04-25,1900,5.9739603996276855,6.303234100341797,6.303234100341797,5.9739603996276855,6.1477179527282715
2001-04-24,2100,6.209156036376953,6.397312164306641,6.397312164306641,6.209156036376953,6.239474773406982
2001-04-23,600,6.020999431610107,6.397312164306641,6.397312164306641,6.020999431610107,6.239474773406982
2001-04-20,1900,5.644687175750732,6.068038463592529,6.068038463592529,5.644687175750732,5.9183244705200195
2001-04-19,500,5.879882335662842,5.644687175750732,5.879882335662842,5.644687175750732,5.5054192543029785
2001-04-18,600,5.691726207733154,5.879882335662842,5.879882335662842,5.691726207733154,5.734810829162598
2001-04-17,300,6.068038463592529,5.644687175750732,6.068038463592529,5.268374443054199,5.5054192543029785
2001-04-16,1500,6.068038463592529,6.068038463592529,6.068038463592529,5.268374443054199,5.9183244705200195
2001-04-12,900,5.879882335662842,5.268374443054199,6.115077495574951,5.268374443054199,5.138391494750977
2001-04-11,200,5.879882335662842,6.115077495574951,6.115077495574951,5.879882335662842,5.964201927185059
2001-04-10,1200,5.550609111785889,5.644687175750732,5.83284330368042,5.550609111785889,5.5054192543029785
2001-04-09,1500,5.550609111785889,5.315413475036621,5.879882335662842,4.703906059265137,5.184269428253174
2001-04-06,0,5.585888385772705,5.585888385772705,5.585888385772705,5.585888385772705,5.448070526123047
2001-04-05,0,5.879882335662842,5.879882335662842,5.879882335662842,5.879882335662842,5.734810829162598
2001-04-04,800,5.585888385772705,5.879882335662842,5.879882335662842,5.585888385772705,5.734810829162598
2001-04-03,300,5.879882335662842,5.585888385772705,5.879882335662842,5.585888385772705,5.448070526123047
2001-04-02,300,6.467870712280273,5.879882335662842,6.467870712280273,5.879882335662842,5.734810829162598
2001-03-30,400,6.1738762855529785,6.467870712280273,6.467870712280273,5.879882335662842,6.308291912078857
2001-03-29,0,6.1738762855529785,6.1738762855529785,6.1738762855529785,6.1738762855529785,6.021552085876465
2001-03-28,2200,5.879882335662842,6.1738762855529785,6.76186466217041,5.879882335662842,6.021552085876465
2001-03-27,3400,5.879882335662842,6.467870712280273,7.055859088897705,5.879882335662842,6.308291912078857
2001-03-26,1100,5.879882335662842,6.467870712280273,6.467870712280273,5.879882335662842,6.308291912078857
2001-03-23,1000,6.026644229888916,5.732650279998779,6.026644229888916,5.585888385772705,5.591210842132568
2001-03-22,1100,5.879882335662842,6.026644229888916,6.026644229888916,5.879882335662842,5.877951622009277
2001-03-21,100,6.467870712280273,6.1738762855529785,6.467870712280273,6.1738762855529785,6.021552085876465
2001-03-20,500,6.835245609283447,6.76186466217041,6.835245609283447,5.879882335662842,6.595033645629883
2001-03-19,2300,6.76186466217041,5.879882335662842,6.76186466217041,5.879882335662842,5.734810829162598
2001-03-16,300,6.9820075035095215,6.76186466217041,6.9820075035095215,6.76186466217041,6.595033645629883
2001-03-15,800,7.055859088897705,7.055859088897705,7.055859088897705,7.055859088897705,6.881772994995117
2001-03-14,2400,6.76186466217041,6.76186466217041,7.055859088897705,6.76186466217041,6.595033645629883
2001-03-13,1300,6.247257232666016,6.76186466217041,6.76186466217041,6.1738762855529785,6.595033645629883
2001-03-12,100,6.467870712280273,6.467870712280273,6.467870712280273,6.026644229888916,6.308291912078857
2001-03-09,100,6.026644229888916,6.026644229888916,6.026644229888916,6.026644229888916,5.877951622009277
2001-03-08,300,5.953263282775879,6.467870712280273,6.467870712280273,5.879882335662842,6.308291912078857
2001-03-07,300,6.39401912689209,6.026644229888916,6.39401912689209,6.026644229888916,5.877951622009277
2001-03-06,2000,6.614632606506348,6.467870712280273,6.614632606506348,5.879882335662842,6.308291912078857
2001-03-05,800,6.026644229888916,6.76186466217041,7.055859088897705,5.879882335662842,6.595033645629883
2001-03-02,300,6.026644229888916,6.026644229888916,6.026644229888916,6.026644229888916,5.877951622009277
2001-03-01,1500,6.1738762855529785,6.026644229888916,6.1738762855529785,6.026644229888916,5.877951622009277
2001-02-28,3800,6.467870712280273,5.585888385772705,7.937841415405273,5.585888385772705,5.448070526123047
2001-02-27,0,6.76186466217041,6.1738762855529785,6.76186466217041,6.1738762855529785,6.021552085876465
2001-02-26,2700,6.39401912689209,7.055859088897705,7.055859088897705,5.879882335662842,6.881772994995117
2001-02-23,300,6.467870712280273,6.1738762855529785,6.467870712280273,6.1738762855529785,6.021552085876465
2001-02-22,400,6.467870712280273,6.467870712280273,6.467870712280273,6.1738762855529785,6.308291912078857
2001-02-21,0,6.76186466217041,6.76186466217041,6.76186466217041,6.76186466217041,6.595033645629883
2001-02-20,500,6.1738762855529785,5.585888385772705,6.1738762855529785,5.585888385772705,5.448070526123047
2001-02-16,400,6.76186466217041,6.1738762855529785,6.76186466217041,6.1738762855529785,6.021552085876465
2001-02-15,1300,7.055859088897705,6.76186466217041,7.055859088897705,5.879882335662842,6.595033645629883
2001-02-14,800,7.055859088897705,6.908626556396484,7.055859088897705,6.908626556396484,6.738173961639404
2001-02-13,300,6.467870712280273,6.467870712280273,6.908626556396484,6.467870712280273,6.308291912078857
2001-02-12,800,6.1738762855529785,6.908626556396484,6.908626556396484,6.1738762855529785,6.738173961639404
2001-02-09,700,6.467870712280273,6.1738762855529785,6.467870712280273,6.1738762855529785,6.021552085876465
2001-02-08,400,6.908626556396484,6.467870712280273,6.908626556396484,6.467870712280273,6.308291912078857
2001-02-07,0,6.908626556396484,6.908626556396484,6.908626556396484,6.908626556396484,6.738173961639404
2001-02-06,100,6.908626556396484,6.467870712280273,6.908626556396484,6.467870712280273,6.308291912078857
2001-02-05,0,6.467870712280273,6.467870712280273,6.467870712280273,6.467870712280273,6.308291912078857
2001-02-02,100,6.76186466217041,6.76186466217041,6.908626556396484,6.76186466217041,6.595033645629883
2001-02-01,0,6.908626556396484,6.908626556396484,7.055859088897705,6.908626556396484,6.738173961639404
2001-01-31,2400,7.055859088897705,6.467870712280273,7.717227935791016,6.1738762855529785,6.308291912078857
2001-01-30,500,7.349853038787842,7.790608882904053,7.790608882904053,7.349853038787842,7.598395347595215
2001-01-29,7500,7.349853038787842,7.349853038787842,7.937841415405273,6.467870712280273,7.168514251708984
2001-01-26,2400,7.202620983123779,7.349853038787842,7.349853038787842,6.76186466217041,7.168514251708984
2001-01-25,1600,6.467870712280273,7.055859088897705,7.055859088897705,6.467870712280273,6.881772994995117
2001-01-24,4800,6.76186466217041,7.055859088897705,7.055859088897705,6.76186466217041,6.881772994995117
2001-01-23,200,6.320638179779053,6.76186466217041,6.76186466217041,6.320638179779053,6.595033645629883
2001-01-22,400,6.1738762855529785,6.467870712280273,6.467870712280273,6.1738762855529785,6.308291912078857
2001-01-19,300,6.1738762855529785,5.879882335662842,6.1738762855529785,5.879882335662842,5.734810829162598
2001-01-18,1200,6.1738762855529785,6.1738762855529785,7.055859088897705,6.1738762855529785,6.021552085876465
2001-01-17,5000,6.39401912689209,6.76186466217041,6.76186466217041,5.879882335662842,6.595033645629883
2001-01-16,11100,6.688013553619385,5.879882335662842,6.688013553619385,5.585888385772705,5.734810829162598
2001-01-12,4300,6.467870712280273,5.585888385772705,6.467870712280273,5.585888385772705,5.448070526123047
2001-01-11,2100,6.5412516593933105,6.467870712280273,6.76186466217041,6.467870712280273,6.308291912078857
2001-01-10,300,6.76186466217041,6.76186466217041,6.76186466217041,6.76186466217041,6.595033645629883
2001-01-09,300,5.879882335662842,6.1738762855529785,6.1738762855529785,5.879882335662842,6.021552085876465
2001-01-08,400,5.879882335662842,5.879882335662842,5.879882335662842,5.879882335662842,5.734810829162598
2001-01-05,0,6.1738762855529785,5.879882335662842,6.1738762855529785,5.879882335662842,5.734810829162598
2001-01-04,1000,6.467870712280273,5.29189395904541,6.467870712280273,5.29189395904541,5.161330699920654
2001-01-03,1700,5.585888385772705,6.1738762855529785,6.76186466217041,4.997900009155273,6.021552085876465
2001-01-02,10800,5.879882335662842,5.29189395904541,6.467870712280273,4.703906059265137,5.161330699920654
2000-12-29,11000,6.9820075035095215,5.879882335662842,7.937841415405273,4.703906059265137,5.734810829162598
2000-12-28,6200,5.29189395904541,5.29189395904541,6.467870712280273,4.703906059265137,5.161330699920654
2000-12-27,1900,7.349853038787842,5.29189395904541,7.349853038787842,5.29189395904541,5.161330699920654
2000-12-26,1400,6.1738762855529785,5.29189395904541,7.349853038787842,5.29189395904541,5.161330699920654
2000-12-22,6900,5.29189395904541,7.055859088897705,7.349853038787842,5.29189395904541,6.881772994995117
2000-12-21,1500,6.76186466217041,5.29189395904541,6.76186466217041,4.703906059265137,5.161330699920654
2000-12-20,3800,5.29189395904541,5.879882335662842,5.879882335662842,5.144661903381348,5.734810829162598
2000-12-19,6400,6.76186466217041,5.29189395904541,6.76186466217041,5.29189395904541,5.161330699920654
2000-12-18,3400,6.9820075035095215,6.467870712280273,7.349853038787842,5.879882335662842,6.308291912078857
2000-12-15,6400,6.39401912689209,6.320638179779053,6.76186466217041,5.879882335662842,6.164691925048828
2000-12-14,2500,6.9820075035095215,6.467870712280273,7.349853038787842,5.879882335662842,6.308291912078857
2000-12-13,300,6.467870712280273,5.585888385772705,6.467870712280273,5.585888385772705,5.448070526123047
2000-12-12,2500,6.467870712280273,5.29189395904541,6.467870712280273,5.29189395904541,5.161330699920654
2000-12-11,800,6.467870712280273,6.467870712280273,6.467870712280273,6.1738762855529785,6.308291912078857
2000-12-08,1200,7.055859088897705,7.055859088897705,7.055859088897705,6.467870712280273,6.881772994995117
2000-12-07,300,6.76186466217041,7.6438469886779785,7.6438469886779785,6.76186466217041,7.455255031585693
2000-12-06,1000,7.6438469886779785,6.76186466217041,7.937841415405273,6.76186466217041,6.595033645629883
2000-12-05,2100,7.055859088897705,7.055859088897705,7.6438469886779785,6.1738762855529785,6.881772994995117
2000-12-04,1900,7.129240036010742,5.732650279998779,7.496614933013916,5.29189395904541,5.591210842132568
2000-12-01,300,7.055859088897705,7.055859088897705,7.055859088897705,7.055859088897705,6.881772994995117
2000-11-30,1400,8.157983779907227,7.937841415405273,8.157983779907227,7.055859088897705,7.741995334625244
2000-11-29,0,7.6438469886779785,7.6438469886779785,7.6438469886779785,7.6438469886779785,7.455255031585693
2000-11-28,1300,7.055859088897705,7.6438469886779785,8.23183536529541,7.055859088897705,7.455255031585693
2000-11-27,4200,7.569995880126953,7.055859088897705,7.6438469886779785,7.055859088897705,6.881772994995117
2000-11-24,2300,7.423233985900879,7.349853038787842,7.6438469886779785,7.349853038787842,7.168514251708984
2000-11-22,700,7.569995880126953,7.055859088897705,7.569995880126953,7.055859088897705,6.881772994995117
2000-11-21,500,8.23183536529541,7.6438469886779785,8.23183536529541,7.055859088897705,7.455255031585693
2000-11-20,4100,8.23183536529541,7.055859088897705,8.23183536529541,7.055859088897705,6.881772994995117
2000-11-17,2500,8.305215835571289,8.23183536529541,8.305215835571289,8.084603309631348,8.028736114501953
2000-11-16,6500,7.6438469886779785,8.23183536529541,8.378597259521484,7.496614933013916,8.028736114501953
2000-11-15,3700,8.011221885681152,7.6438469886779785,8.084603309631348,7.055859088897705,7.455255031585693
2000-11-14,3300,6.9820075035095215,8.011221885681152,8.084603309631348,6.9820075035095215,7.813563823699951
2000-11-13,2100,7.055859088897705,7.055859088897705,7.055859088897705,6.467870712280273,6.881772994995117
2000-11-10,1100,6.908626556396484,5.29189395904541,6.908626556396484,5.29189395904541,5.161330699920654
2000-11-09,800,6.76186466217041,6.76186466217041,6.76186466217041,6.76186466217041,6.595033645629883
2000-11-08,2000,7.129240036010742,6.467870712280273,7.496614933013916,5.879882335662842,6.308291912078857
2000-11-07,4700,7.055859088897705,7.055859088897705,7.496614933013916,5.879882335662842,6.881772994995117
2000-11-06,600,7.055859088897705,7.349853038787842,7.349853038787842,7.055859088897705,7.168514251708984
2000-11-03,1700,7.055859088897705,7.055859088897705,7.349853038787842,7.055859088897705,6.881772994995117
2000-11-02,1300,7.055859088897705,7.055859088897705,7.055859088897705,6.908626556396484,6.881772994995117
2000-11-01,100,7.055859088897705,7.055859088897705,7.055859088897705,7.055859088897705,6.881772994995117
2000-10-31,100,6.908626556396484,7.055859088897705,7.055859088897705,6.908626556396484,6.881772994995117
2000-10-30,200,6.908626556396484,7.055859088897705,7.055859088897705,6.908626556396484,6.881772994995117
2000-10-27,2600,6.908626556396484,7.055859088897705,7.6438469886779785,6.908626556396484,6.881772994995117
2000-10-26,0,7.202620983123779,7.055859088897705,7.202620983123779,7.055859088897705,6.881772994995117
2000-10-25,0,7.202620983123779,7.202620983123779,7.202620983123779,7.202620983123779,7.024914264678955
2000-10-24,0,7.202620983123779,7.202620983123779,7.202620983123779,7.202620983123779,7.024914264678955
2000-10-23,300,7.202620983123779,7.202620983123779,7.202620983123779,7.202620983123779,7.024914264678955
2000-10-20,3100,7.202620983123779,7.349853038787842,7.349853038787842,6.908626556396484,7.168514251708984
2000-10-19,2100,8.23183536529541,7.202620983123779,8.23183536529541,7.202620983123779,7.024914264678955
2000-10-18,2800,7.6438469886779785,8.23183536529541,8.23183536529541,7.349853038787842,8.028736114501953
2000-10-17,2800,8.451977729797363,8.819823265075684,8.819823265075684,8.23183536529541,8.602217674255371
2000-10-16,3500,8.378597259521484,8.23183536529541,8.378597259521484,7.6438469886779785,8.028736114501953
2000-10-13,1100,7.937841415405273,7.6438469886779785,7.937841415405273,7.6438469886779785,7.455255031585693
2000-10-12,1800,7.349853038787842,7.6438469886779785,7.937841415405273,7.349853038787842,7.455255031585693
2000-10-11,1100,7.349853038787842,7.349853038787842,7.349853038787842,7.349853038787842,7.168514251708984
2000-10-10,100,7.937841415405273,7.937841415405273,7.937841415405273,7.937841415405273,7.741995334625244
2000-10-09,400,7.937841415405273,7.937841415405273,7.937841415405273,7.937841415405273,7.741995334625244
2000-10-06,0,7.055859088897705,7.055859088897705,7.055859088897705,7.055859088897705,6.881772994995117
2000-10-05,1400,7.937841415405273,7.055859088897705,7.937841415405273,7.055859088897705,6.881772994995117
2000-10-04,1100,7.055859088897705,7.055859088897705,7.055859088897705,7.055859088897705,6.881772994995117
2000-10-03,1100,6.9820075035095215,7.055859088897705,7.496614933013916,6.9820075035095215,6.881772994995117
2000-10-02,2500,8.672591209411621,6.908626556396484,9.407812118530273,6.76186466217041,6.738173961639404
2000-09-29,200,8.525829315185547,8.23183536529541,8.525829315185547,8.23183536529541,8.028736114501953
2000-09-28,100,8.084603309631348,7.6438469886779785,8.084603309631348,7.6438469886779785,7.455255031585693
2000-09-27,300,8.23183536529541,7.6438469886779785,8.23183536529541,7.6438469886779785,7.455255031585693
2000-09-26,0,8.525829315185547,8.525829315185547,8.525829315185547,8.525829315185547,8.315476417541504
2000-09-25,100,8.525829315185547,9.113818168640137,9.113818168640137,8.525829315185547,8.888957977294922
2000-09-22,100,8.525829315185547,8.525829315185547,8.525829315185547,8.525829315185547,8.315476417541504
2000-09-21,4100,8.23183536529541,8.23183536529541,9.407812118530273,8.23183536529541,8.028736114501953
2000-09-20,3800,9.260580062866211,8.23183536529541,9.407812118530273,8.23183536529541,8.028736114501953
2000-09-19,2900,8.672591209411621,8.525829315185547,9.260580062866211,8.23183536529541,8.315476417541504
2000-09-18,2400,9.113818168640137,9.113818168640137,9.407812118530273,9.113818168640137,8.888957977294922
2000-09-15,2600,8.23183536529541,8.819823265075684,8.819823265075684,8.23183536529541,8.602217674255371
2000-09-14,500,8.23183536529541,8.23183536529541,8.23183536529541,8.23183536529541,8.028736114501953
2000-09-13,1700,7.6438469886779785,9.113818168640137,9.407812118530273,7.6438469886779785,8.888957977294922
2000-09-12,1300,7.937841415405273,8.966585159301758,8.966585159301758,7.349853038787842,8.745355606079102
2000-09-11,3000,9.260580062866211,8.819823265075684,9.260580062866211,7.937841415405273,8.602217674255371
2000-09-08,11500,9.187198638916016,8.819823265075684,9.260580062866211,8.672591209411621,8.602217674255371
2000-09-07,2100,9.113818168640137,9.113818168640137,9.260580062866211,8.819823265075684,8.888957977294922
2000-09-06,8500,8.23183536529541,8.966585159301758,9.113818168640137,8.23183536529541,8.745355606079102
2000-09-05,2900,8.819823265075684,7.6438469886779785,9.113818168640137,7.6438469886779785,7.455255031585693
2000-09-01,1100,8.819823265075684,8.525829315185547,8.819823265075684,8.525829315185547,8.315476417541504
2000-08-31,600,8.23183536529541,8.525829315185547,8.819823265075684,8.23183536529541,8.315476417541504
2000-08-30,0,8.525829315185547,8.23183536529541,8.525829315185547,8.23183536529541,8.028736114501953
2000-08-29,600,8.525829315185547,8.23183536529541,8.525829315185547,8.23183536529541,8.028736114501953
2000-08-28,800,8.819823265075684,8.525829315185547,8.819823265075684,8.525829315185547,8.315476417541504
2000-08-25,1300,8.525829315185547,8.819823265075684,8.819823265075684,8.525829315185547,8.602217674255371
2000-08-24,4400,7.937841415405273,8.672591209411621,8.672591209411621,7.937841415405273,8.458617210388184
2000-08-23,4700,7.6438469886779785,7.6438469886779785,7.6438469886779785,7.6438469886779785,7.455255031585693
2000-08-22,7100,7.055859088897705,7.496614933013916,7.937841415405273,6.76186466217041,7.311655521392822
2000-08-21,1000,7.055859088897705,7.6438469886779785,8.23183536529541,7.055859088897705,7.455255031585693
2000-08-18,1900,8.23183536529541,7.6438469886779785,8.23183536529541,7.055859088897705,7.455255031585693
2000-08-17,2200,8.23183536529541,7.202620983123779,8.23183536529541,7.055859088897705,7.024914264678955
2000-08-16,800,7.6438469886779785,7.055859088897705,7.6438469886779785,7.055859088897705,6.881772994995117
2000-08-15,400,8.672591209411621,8.23183536529541,8.672591209411621,7.6438469886779785,8.028736114501953
2000-08-14,1800,8.525829315185547,7.6438469886779785,8.819823265075684,7.6438469886779785,7.455255031585693
2000-08-11,300,8.23183536529541,7.349853038787842,8.23183536529541,7.349853038787842,7.168514251708984
2000-08-10,800,7.349853038787842,8.819823265075684,8.819823265075684,7.055859088897705,8.602217674255371
2000-08-09,6600,8.599210739135742,7.6438469886779785,8.819823265075684,7.202620983123779,7.455255031585693
2000-08-08,4000,8.966585159301758,8.23183536529541,8.966585159301758,7.937841415405273,8.028736114501953
2000-08-07,700,8.745972633361816,8.23183536529541,8.745972633361816,8.23183536529541,8.028736114501953
2000-08-04,2700,8.672591209411621,8.966585159301758,8.966585159301758,8.23183536529541,8.745355606079102
2000-08-03,200,7.055859088897705,7.349853038787842,7.349853038787842,7.055859088897705,7.168514251708984
2000-08-02,200,7.496614933013916,7.6438469886779785,7.6438469886779785,7.496614933013916,7.455255031585693
2000-08-01,400,7.496614933013916,7.496614933013916,7.6438469886779785,7.496614933013916,7.311655521392822
2000-07-31,1200,7.790608882904053,7.496614933013916,7.790608882904053,7.496614933013916,7.311655521392822
2000-07-28,600,8.084603309631348,8.23183536529541,8.23183536529541,8.084603309631348,8.028736114501953
2000-07-27,1200,8.084603309631348,8.819823265075684,8.819823265075684,8.084603309631348,8.602217674255371
2000-07-26,1200,7.790608882904053,7.496614933013916,7.937841415405273,7.496614933013916,7.311655521392822
2000-07-25,900,7.790608882904053,7.202620983123779,7.790608882904053,7.055859088897705,7.024914264678955
2000-07-24,2600,7.569995880126953,7.6438469886779785,7.790608882904053,7.349853038787842,7.455255031585693
2000-07-21,200,7.055859088897705,7.790608882904053,7.790608882904053,7.055859088897705,7.598395347595215
2000-07-20,1900,7.202620983123779,7.055859088897705,7.6438469886779785,7.055859088897705,6.881772994995117
2000-07-19,1300,7.349853038787842,7.202620983123779,7.6438469886779785,7.202620983123779,7.024914264678955
2000-07-18,300,7.055859088897705,7.937841415405273,7.937841415405273,7.055859088897705,7.741995334625244
2000-07-17,500,7.6438469886779785,7.6438469886779785,7.6438469886779785,7.055859088897705,7.455255031585693
2000-07-14,900,7.6438469886779785,7.055859088897705,7.6438469886779785,7.055859088897705,6.881772994995117
2000-07-13,1300,7.6438469886779785,7.055859088897705,7.6438469886779785,7.055859088897705,6.881772994995117
2000-07-12,800,7.6438469886779785,7.6438469886779785,7.937841415405273,7.6438469886779785,7.455255031585693
2000-07-11,600,7.790608882904053,7.937841415405273,7.937841415405273,7.6438469886779785,7.741995334625244
2000-07-10,300,7.937841415405273,7.937841415405273,8.084603309631348,7.937841415405273,7.741995334625244
2000-07-07,100,7.937841415405273,7.937841415405273,7.937841415405273,7.937841415405273,7.741995334625244
2000-07-06,600,7.937841415405273,7.937841415405273,8.23183536529541,7.937841415405273,7.741995334625244
2000-07-05,300,7.937841415405273,8.23183536529541,8.23183536529541,7.937841415405273,8.028736114501953
2000-07-03,0,7.937841415405273,7.937841415405273,7.937841415405273,7.937841415405273,7.741995334625244
2000-06-30,100,8.084603309631348,7.937841415405273,8.084603309631348,7.937841415405273,7.741995334625244
2000-06-29,4500,7.86398983001709,7.937841415405273,9.113818168640137,7.6438469886779785,7.741995334625244
2000-06-28,2000,8.23183536529541,8.084603309631348,8.23183536529541,7.6438469886779785,7.885135173797607
2000-06-27,3700,7.6438469886779785,8.23183536529541,8.23183536529541,7.6438469886779785,8.028736114501953
2000-06-26,1100,8.23183536529541,7.6438469886779785,8.23183536529541,6.76186466217041,7.455255031585693
2000-06-23,3600,6.908626556396484,8.23183536529541,8.819823265075684,6.76186466217041,8.028736114501953
2000-06-22,400,9.113818168640137,7.6438469886779785,9.113818168640137,7.6438469886779785,7.455255031585693
2000-06-21,500,7.6438469886779785,7.055859088897705,7.6438469886779785,7.055859088897705,6.881772994995117
2000-06-20,1400,8.378597259521484,7.6438469886779785,9.113818168640137,7.6438469886779785,7.455255031585693
2000-06-19,3500,8.525829315185547,7.6438469886779785,8.525829315185547,7.6438469886779785,7.455255031585693
2000-06-16,1200,9.039966583251953,8.525829315185547,9.039966583251953,8.525829315185547,8.315476417541504
2000-06-15,400,8.745972633361816,8.819823265075684,9.260580062866211,8.745972633361816,8.602217674255371
2000-06-14,500,8.525829315185547,8.672591209411621,8.672591209411621,8.525829315185547,8.458617210388184
2000-06-13,2700,8.819823265075684,8.525829315185547,8.819823265075684,8.23183536529541,8.315476417541504
2000-06-12,200,9.260580062866211,8.819823265075684,9.260580062866211,8.819823265075684,8.602217674255371
2000-06-09,2900,8.525829315185547,9.260580062866211,9.260580062866211,8.525829315185547,9.032099723815918
2000-06-08,300,8.819823265075684,8.525829315185547,8.819823265075684,8.525829315185547,8.315476417541504
2000-06-07,3000,8.819823265075684,8.819823265075684,9.113818168640137,8.819823265075684,8.602217674255371
2000-06-06,800,8.23183536529541,8.819823265075684,8.819823265075684,8.23183536529541,8.602217674255371
2000-06-05,600,9.113818168640137,8.525829315185547,9.113818168640137,8.525829315185547,8.315476417541504
2000-06-02,400,8.525829315185547,9.113818168640137,9.113818168640137,8.525829315185547,8.888957977294922
2000-06-01,700,8.525829315185547,8.819823265075684,8.819823265075684,8.525829315185547,8.602217674255371
2000-05-31,1000,9.260580062866211,9.113818168640137,9.260580062866211,8.525829315185547,8.888957977294922
2000-05-30,2100,9.113818168640137,8.525829315185547,9.113818168640137,8.525829315185547,8.315476417541504
2000-05-26,800,8.525829315185547,8.525829315185547,8.819823265075684,8.525829315185547,8.315476417541504
2000-05-25,4800,8.23183536529541,8.819823265075684,8.819823265075684,8.084603309631348,8.602217674255371
2000-05-24,9300,8.084603309631348,7.937841415405273,8.23183536529541,7.937841415405273,7.741995334625244
2000-05-23,200,7.790608882904053,7.790608882904053,7.790608882904053,7.790608882904053,7.598395347595215
2000-05-22,2700,8.084603309631348,7.790608882904053,8.084603309631348,7.496614933013916,7.598395347595215
2000-05-19,100,7.937841415405273,7.937841415405273,7.937841415405273,7.937841415405273,7.741995334625244
2000-05-18,100,7.055859088897705,7.349853038787842,7.6438469886779785,7.055859088897705,7.168514251708984
2000-05-17,1600,6.76186466217041,7.6438469886779785,7.6438469886779785,6.467870712280273,7.455255031585693
2000-05-16,1200,6.467870712280273,6.467870712280273,7.6438469886779785,6.467870712280273,6.308291912078857
2000-05-15,3300,7.055859088897705,7.6438469886779785,7.6438469886779785,6.467870712280273,7.455255031585693
2000-05-12,800,7.055859088897705,8.23183536529541,8.23183536529541,7.055859088897705,8.028736114501953
2000-05-11,1900,6.467870712280273,8.23183536529541,8.23183536529541,6.467870712280273,8.028736114501953
2000-05-10,1200,7.055859088897705,7.6438469886779785,7.6438469886779785,6.467870712280273,7.455255031585693
2000-05-09,0,6.467870712280273,6.467870712280273,6.467870712280273,6.467870712280273,6.308291912078857
2000-05-08,700,7.055859088897705,5.879882335662842,7.6438469886779785,5.879882335662842,5.734810829162598
2000-05-05,1100,7.055859088897705,7.055859088897705,7.6438469886779785,7.055859088897705,6.881772994995117
2000-05-04,100,7.349853038787842,7.349853038787842,7.349853038787842,7.349853038787842,7.168514251708984
2000-05-03,1300,7.6438469886779785,7.055859088897705,7.6438469886779785,7.055859088897705,6.881772994995117
2000-05-02,8700,7.6438469886779785,7.055859088897705,7.6438469886779785,6.467870712280273,6.881772994995117
2000-05-01,500,7.6438469886779785,7.6438469886779785,7.6438469886779785,7.6438469886779785,7.455255031585693
2000-04-28,1600,7.6438469886779785,7.6438469886779785,8.819823265075684,7.6438469886779785,7.455255031585693
2000-04-27,3800,8.23183536529541,8.23183536529541,8.23183536529541,8.23183536529541,8.028736114501953
2000-04-26,1800,7.937841415405273,7.6438469886779785,8.084603309631348,7.6438469886779785,7.455255031585693
2000-04-25,4000,8.084603309631348,7.790608882904053,8.23183536529541,7.6438469886779785,7.598395347595215
2000-04-24,8000,5.585888385772705,7.6438469886779785,8.525829315185547,5.29189395904541,7.455255031585693
2000-04-20,1200,7.6438469886779785,6.908626556396484,7.6438469886779785,6.908626556396484,6.738173961639404
2000-04-19,3100,7.055859088897705,7.6438469886779785,7.6438469886779785,6.614632606506348,7.455255031585693
2000-04-18,3400,7.496614933013916,7.055859088897705,7.6438469886779785,6.467870712280273,6.881772994995117
2000-04-17,2300,6.467870712280273,7.055859088897705,7.055859088897705,6.467870712280273,6.881772994995117
2000-04-14,5900,7.202620983123779,6.467870712280273,7.202620983123779,6.467870712280273,6.308291912078857
2000-04-13,900,8.23183536529541,7.202620983123779,8.23183536529541,7.202620983123779,7.024914264678955
2000-04-12,1200,8.23183536529541,8.23183536529541,8.23183536529541,7.202620983123779,8.028736114501953
2000-04-11,6100,6.908626556396484,7.202620983123779,8.819823265075684,6.908626556396484,7.024914264678955
2000-04-10,2500,7.423233985900879,7.202620983123779,7.6438469886779785,7.202620983123779,7.024914264678955
2000-04-07,2300,7.349853038787842,7.202620983123779,7.6438469886779785,7.055859088897705,7.024914264678955
2000-04-06,4400,7.202620983123779,7.055859088897705,8.084603309631348,7.055859088897705,6.881772994995117
2000-04-05,2500,7.055859088897705,7.055859088897705,7.349853038787842,7.055859088897705,6.881772994995117
2000-04-04,1900,7.349853038787842,7.349853038787842,8.525829315185547,7.055859088897705,7.168514251708984
2000-04-03,800,7.349853038787842,7.6438469886779785,7.6438469886779785,7.349853038787842,7.455255031585693
2000-03-31,700,7.349853038787842,7.349853038787842,7.496614933013916,7.349853038787842,7.168514251708984
2000-03-30,1200,7.496614933013916,7.349853038787842,7.6438469886779785,7.055859088897705,7.168514251708984
2000-03-29,2100,6.467870712280273,6.76186466217041,7.937841415405273,6.467870712280273,6.595033645629883
2000-03-28,1600,6.76186466217041,7.349853038787842,7.349853038787842,6.76186466217041,7.168514251708984
2000-03-27,3300,7.349853038787842,7.055859088897705,7.349853038787842,7.055859088897705,6.881772994995117
2000-03-24,15900,7.6438469886779785,7.202620983123779,7.790608882904053,6.76186466217041,7.024914264678955
2000-03-23,1900,8.819823265075684,8.378597259521484,8.819823265075684,7.6438469886779785,8.171876907348633
2000-03-22,3400,7.6438469886779785,7.6438469886779785,8.819823265075684,7.6438469886779785,7.455255031585693
2000-03-21,2000,7.6438469886779785,7.496614933013916,8.23183536529541,7.496614933013916,7.311655521392822
2000-03-20,1600,8.23183536529541,7.496614933013916,8.819823265075684,7.496614933013916,7.311655521392822
2000-03-17,2500,8.23183536529541,8.23183536529541,9.407812118530273,8.23183536529541,8.028736114501953
2000-03-16,1100,8.23183536529541,8.23183536529541,9.407812118530273,8.23183536529541,8.028736114501953
2000-03-15,800,8.819823265075684,9.407812118530273,9.407812118530273,7.6438469886779785,9.175698280334473
2000-03-14,2500,8.819823265075684,8.819823265075684,8.819823265075684,8.23183536529541,8.602217674255371
2000-03-13,4200,7.6438469886779785,8.23183536529541,9.407812118530273,7.055859088897705,8.028736114501953
2000-03-10,14900,8.378597259521484,9.70180606842041,9.995800018310547,7.6438469886779785,9.462437629699707
2000-03-09,6600,9.260580062866211,9.113818168640137,9.407812118530273,7.6438469886779785,8.888957977294922
2000-03-08,1900,8.525829315185547,8.819823265075684,9.113818168640137,8.525829315185547,8.602217674255371
2000-03-07,2000,9.407812118530273,8.819823265075684,9.407812118530273,8.819823265075684,8.56551456451416
2000-03-06,5900,8.819823265075684,9.113818168640137,9.407812118530273,8.672591209411621,8.851030349731445
2000-03-03,3600,8.599210739135742,8.23183536529541,8.672591209411621,7.6438469886779785,7.994481086730957
2000-03-02,4200,7.055859088897705,7.6438469886779785,8.23183536529541,7.055859088897705,7.423445701599121
2000-03-01,2100,7.569995880126953,7.055859088897705,8.084603309631348,7.055859088897705,6.852412223815918
2000-02-29,4100,7.6438469886779785,7.349853038787842,8.23183536529541,7.349853038787842,7.137929439544678
2000-02-28,2200,7.202620983123779,7.937841415405273,7.937841415405273,7.202620983123779,7.708963871002197
2000-02-25,3800,8.157983779907227,7.6438469886779785,8.23183536529541,7.6438469886779785,7.423445701599121
2000-02-24,6100,7.349853038787842,7.6438469886779785,8.966585159301758,7.349853038787842,7.423445701599121
2000-02-23,6500,7.423233985900879,7.349853038787842,8.819823265075684,7.055859088897705,7.137929439544678
2000-02-22,2600,8.819823265075684,7.790608882904053,8.819823265075684,7.055859088897705,7.565976142883301
2000-02-18,1200,8.525829315185547,8.084603309631348,8.525829315185547,8.084603309631348,7.851493835449219
2000-02-17,2100,8.819823265075684,8.084603309631348,8.819823265075684,8.084603309631348,7.851493835449219
2000-02-16,2400,8.23183536529541,8.23183536529541,8.819823265075684,8.084603309631348,7.994481086730957
2000-02-15,5300,8.966585159301758,8.084603309631348,8.966585159301758,7.055859088897705,7.851493835449219
2000-02-14,8700,8.672591209411621,7.937841415405273,9.407812118530273,6.76186466217041,7.708963871002197
2000-02-11,4800,7.423233985900879,8.672591209411621,8.672591209411621,7.423233985900879,8.422530174255371
2000-02-10,11100,8.672591209411621,7.055859088897705,9.260580062866211,6.76186466217041,6.852412223815918
2000-02-09,16700,9.260580062866211,8.819823265075684,9.260580062866211,8.378597259521484,8.56551456451416
2000-02-08,6700,10.951163291931152,10.58378791809082,11.17177677154541,10.289793968200684,10.278617858886719
2000-02-07,2800,12.347752571105957,11.17177677154541,12.347752571105957,10.142561912536621,10.849651336669922
2000-02-04,14400,13.376497268676758,12.64174747467041,13.449877738952637,10.289793968200684,12.277238845825195
2000-02-03,8200,14.11171817779541,13.52372932434082,14.11171817779541,13.376497268676758,13.133790969848633
2000-02-02,19400,13.229735374450684,13.52372932434082,14.699706077575684,12.200520515441895,13.133790969848633
2000-02-01,21800,13.670491218566895,12.64174747467041,15.287693977355957,11.759764671325684,12.277238845825195
2000-01-31,19500,13.52372932434082,12.935741424560547,14.11171817779541,11.465770721435547,12.562755584716797
2000-01-28,19300,10.58378791809082,12.935741424560547,12.935741424560547,9.407812118530273,12.562755584716797
2000-01-27,13700,9.995800018310547,10.289793968200684,11.17177677154541,8.525829315185547,9.993099212646484
2000-01-26,8000,8.966585159301758,9.260580062866211,9.407812118530273,8.378597259521484,8.993563652038574
2000-01-25,8000,7.6438469886779785,8.23183536529541,8.819823265075684,7.6438469886779785,7.994481086730957
2000-01-24,10000,7.790608882904053,7.6438469886779785,8.819823265075684,7.202620983123779,7.423445701599121
2000-01-21,10800,7.349853038787842,7.055859088897705,7.6438469886779785,5.879882335662842,6.852412223815918
2000-01-20,14300,8.525829315185547,7.055859088897705,8.525829315185547,6.76186466217041,6.852412223815918
2000-01-19,6800,9.407812118530273,7.937841415405273,9.995800018310547,7.6438469886779785,7.708963871002197
2000-01-18,34200,7.055859088897705,7.6438469886779785,11.17177677154541,6.908626556396484,7.423445701599121
2000-01-14,800,6.614632606506348,6.614632606506348,6.614632606506348,6.614632606506348,6.423908710479736
2000-01-13,15100,6.614632606506348,5.879882335662842,7.055859088897705,5.879882335662842,5.710343837738037
2000-01-12,1300,5.218042850494385,6.1738762855529785,6.1738762855529785,4.997900009155273,5.995860576629639
2000-01-11,1900,5.29189395904541,4.997900009155273,5.29189395904541,4.850667953491211,4.853790760040283
2000-01-10,1800,4.850667953491211,4.556673526763916,4.850667953491211,4.556673526763916,4.42528772354126
2000-01-07,2500,4.556673526763916,4.556673526763916,4.703906059265137,4.556673526763916,4.42528772354126
2000-01-06,800,4.703906059265137,4.703906059265137,4.703906059265137,4.703906059265137,4.568275451660156
2000-01-05,800,4.850667953491211,4.703906059265137,4.850667953491211,4.556673526763916,4.568275451660156
2000-01-04,7300,4.924048900604248,4.997900009155273,5.144661903381348,4.556673526763916,4.853790760040283
2000-01-03,300,4.850667953491211,4.850667953491211,4.850667953491211,4.409911632537842,4.710805416107178
1999-12-31,4300,4.924048900604248,4.850667953491211,4.997900009155273,4.703906059265137,4.710805416107178
1999-12-30,6000,4.409911632537842,4.850667953491211,4.997900009155273,4.409911632537842,4.710805416107178
1999-12-29,12200,4.777287006378174,4.409911632537842,4.997900009155273,4.115917682647705,4.28275728225708
1999-12-28,3200,4.409911632537842,4.115917682647705,4.997900009155273,4.115917682647705,3.9972405433654785
1999-12-27,7900,5.144661903381348,4.115917682647705,5.144661903381348,4.115917682647705,3.9972405433654785
1999-12-23,1700,4.997900009155273,4.556673526763916,4.997900009155273,4.409911632537842,4.42528772354126
1999-12-22,5900,4.997900009155273,5.29189395904541,5.29189395904541,4.409911632537842,5.139308929443359
1999-12-21,7500,4.777287006378174,4.189298629760742,4.777287006378174,4.189298629760742,4.068505764007568
1999-12-20,8300,4.703906059265137,4.703906059265137,5.29189395904541,4.262679576873779,4.568275451660156
1999-12-17,6400,4.556673526763916,5.29189395904541,5.29189395904541,4.409911632537842,5.139308929443359
1999-12-16,2300,4.703906059265137,4.997900009155273,4.997900009155273,4.409911632537842,4.853790760040283
1999-12-15,6100,4.777287006378174,5.29189395904541,5.29189395904541,4.262679576873779,5.139308929443359
1999-12-14,9600,4.336060523986816,4.556673526763916,4.997900009155273,4.115917682647705,4.42528772354126
1999-12-13,10500,4.556673526763916,4.556673526763916,4.850667953491211,4.409911632537842,4.42528772354126
1999-12-10,10600,4.409911632537842,4.409911632537842,4.703906059265137,3.8219234943389893,4.28275728225708
1999-12-09,10000,4.115917682647705,4.409911632537842,4.409911632537842,3.5279295444488525,4.28275728225708
1999-12-08,1200,4.336060523986816,3.9686853885650635,4.409911632537842,3.9686853885650635,3.854253053665161
1999-12-07,4200,4.115917682647705,4.409911632537842,4.409911632537842,4.115917682647705,4.28275728225708
1999-12-06,1100,4.336060523986816,4.115917682647705,4.409911632537842,4.115917682647705,3.9972405433654785
1999-12-03,2000,4.556673526763916,4.115917682647705,4.556673526763916,4.115917682647705,3.9972405433654785
1999-12-02,4900,4.556673526763916,4.409911632537842,4.703906059265137,4.409911632537842,4.28275728225708
1999-12-01,6900,4.262679576873779,4.409911632537842,4.556673526763916,4.115917682647705,4.28275728225708
1999-11-30,14000,4.409911632537842,4.262679576873779,4.409911632537842,4.115917682647705,4.139770984649658
1999-11-29,6100,4.703906059265137,4.409911632537842,4.703906059265137,4.409911632537842,4.28275728225708
1999-11-26,11000,4.703906059265137,4.703906059265137,4.703906059265137,4.703906059265137,4.568275451660156
1999-11-24,6400,4.409911632537842,4.703906059265137,4.703906059265137,4.409911632537842,4.568275451660156
1999-11-23,3400,4.115917682647705,4.409911632537842,4.703906059265137,4.115917682647705,4.28275728225708
1999-11-22,2400,4.703906059265137,4.115917682647705,4.703906059265137,4.115917682647705,3.9972405433654785
1999-11-19,1300,4.703906059265137,4.703906059265137,4.703906059265137,4.556673526763916,4.568275451660156
1999-11-18,2100,4.703906059265137,4.703906059265137,4.703906059265137,4.409911632537842,4.568275451660156
1999-11-17,6600,4.409911632537842,4.703906059265137,4.703906059265137,4.409911632537842,4.568275451660156
1999-11-16,2400,4.703906059265137,4.703906059265137,4.703906059265137,4.409911632537842,4.568275451660156
1999-11-15,2200,4.262679576873779,4.556673526763916,4.556673526763916,4.262679576873779,4.42528772354126
1999-11-12,2900,4.409911632537842,4.703906059265137,4.703906059265137,4.409911632537842,4.568275451660156
1999-11-11,2800,4.630054473876953,4.556673526763916,4.703906059265137,4.556673526763916,4.42528772354126
1999-11-10,5700,4.630054473876953,4.703906059265137,4.703906059265137,4.556673526763916,4.568275451660156
1999-11-09,5800,4.409911632537842,4.703906059265137,4.703906059265137,4.115917682647705,4.568275451660156
1999-11-08,2300,4.483292579650879,4.703906059265137,5.29189395904541,4.409911632537842,4.568275451660156
1999-11-05,2500,4.483292579650879,4.556673526763916,4.556673526763916,4.409911632537842,4.42528772354126
1999-11-04,17500,4.115917682647705,4.556673526763916,4.556673526763916,4.115917682647705,4.42528772354126
1999-11-03,37300,5.144661903381348,4.556673526763916,5.29189395904541,4.556673526763916,4.42528772354126
1999-11-02,18800,4.703906059265137,5.144661903381348,5.585888385772705,4.703906059265137,4.996321678161621
1999-11-01,2100,5.29189395904541,5.144661903381348,5.585888385772705,5.144661903381348,4.996321678161621
1999-10-29,5900,4.703906059265137,4.997900009155273,5.585888385772705,4.703906059265137,4.853790760040283
1999-10-28,17800,5.585888385772705,4.703906059265137,5.585888385772705,4.703906059265137,4.568275451660156
1999-10-27,13000,6.614632606506348,5.879882335662842,6.614632606506348,5.29189395904541,5.710343837738037
1999-10-26,2100,5.879882335662842,7.055859088897705,7.055859088897705,5.585888385772705,6.852412223815918
1999-10-25,18300,6.320638179779053,6.76186466217041,6.76186466217041,5.585888385772705,6.566895484924316
1999-10-22,4500,5.879882335662842,5.879882335662842,6.1738762855529785,5.879882335662842,5.710343837738037
1999-10-21,13100,7.423233985900879,6.1738762855529785,7.496614933013916,5.879882335662842,5.995860576629639
1999-10-20,3700,6.026644229888916,7.055859088897705,7.202620983123779,6.026644229888916,6.852412223815918
1999-10-19,2800,6.320638179779053,6.614632606506348,7.349853038787842,5.879882335662842,6.423908710479736
1999-10-18,5700,6.1738762855529785,5.879882335662842,7.349853038787842,5.879882335662842,5.710343837738037
1999-10-15,800,5.879882335662842,6.614632606506348,6.614632606506348,5.879882335662842,6.423908710479736
1999-10-14,1600,5.879882335662842,6.1738762855529785,7.496614933013916,5.879882335662842,5.995860576629639
1999-10-13,400,6.026644229888916,6.026644229888916,6.026644229888916,6.026644229888916,5.852873802185059
1999-10-12,1000,6.467870712280273,6.026644229888916,7.6438469886779785,6.026644229888916,5.852873802185059
1999-10-11,5000,7.055859088897705,6.1738762855529785,7.129240036010742,6.1738762855529785,5.995860576629639
1999-10-08,1000,7.349853038787842,7.349853038787842,7.349853038787842,7.055859088897705,7.137929439544678
1999-10-07,1700,7.349853038787842,7.349853038787842,7.349853038787842,6.76186466217041,7.137929439544678
1999-10-06,1100,7.6438469886779785,7.055859088897705,7.6438469886779785,7.055859088897705,6.852412223815918
1999-10-05,500,7.055859088897705,6.76186466217041,7.496614933013916,6.76186466217041,6.566895484924316
1999-10-04,1400,6.9820075035095215,7.055859088897705,7.349853038787842,6.467870712280273,6.852412223815918
1999-10-01,500,6.467870712280273,7.349853038787842,7.349853038787842,6.467870712280273,7.137929439544678
1999-09-30,300,6.614632606506348,6.76186466217041,6.76186466217041,6.467870712280273,6.566895484924316
1999-09-29,200,6.614632606506348,6.76186466217041,6.76186466217041,6.614632606506348,6.566895484924316
1999-09-28,2300,7.055859088897705,6.614632606506348,7.055859088897705,6.614632606506348,6.423908710479736
1999-09-27,900,6.614632606506348,6.614632606506348,7.055859088897705,6.614632606506348,6.423908710479736
1999-09-24,300,6.614632606506348,6.614632606506348,7.055859088897705,6.614632606506348,6.423908710479736
1999-09-23,3000,7.055859088897705,7.349853038787842,7.349853038787842,6.76186466217041,7.137929439544678
1999-09-22,3800,6.467870712280273,6.76186466217041,7.349853038787842,6.1738762855529785,6.566895484924316
1999-09-21,2700,7.055859088897705,6.76186466217041,7.349853038787842,6.467870712280273,6.566895484924316
1999-09-20,2000,6.908626556396484,6.76186466217041,7.055859088897705,6.467870712280273,6.566895484924316
1999-09-17,1700,7.055859088897705,7.055859088897705,7.055859088897705,6.76186466217041,6.852412223815918
1999-09-16,1500,6.320638179779053,6.76186466217041,7.349853038787842,6.1738762855529785,6.566895484924316
1999-09-15,500,7.055859088897705,7.055859088897705,7.055859088897705,7.055859088897705,6.852412223815918
1999-09-14,1300,6.026644229888916,7.055859088897705,7.055859088897705,6.026644229888916,6.852412223815918
1999-09-13,800,6.76186466217041,6.467870712280273,6.76186466217041,6.467870712280273,6.281377792358398
1999-09-10,1800,6.908626556396484,6.76186466217041,7.055859088897705,6.614632606506348,6.566895484924316
1999-09-09,400,6.76186466217041,6.76186466217041,7.055859088897705,6.76186466217041,6.566895484924316
1999-09-08,1700,6.908626556396484,7.055859088897705,7.055859088897705,6.76186466217041,6.852412223815918
1999-09-07,5800,7.055859088897705,6.76186466217041,7.055859088897705,6.1738762855529785,6.566895484924316
1999-09-03,1900,7.349853038787842,6.76186466217041,7.349853038787842,6.76186466217041,6.566895484924316
1999-09-02,4300,7.349853038787842,6.76186466217041,7.6438469886779785,6.76186466217041,6.566895484924316
1999-09-01,2100,7.055859088897705,6.76186466217041,7.349853038787842,6.76186466217041,6.566895484924316
1999-08-31,900,7.349853038787842,7.349853038787842,7.349853038787842,7.055859088897705,7.137929439544678
1999-08-30,700,6.76186466217041,7.349853038787842,7.349853038787842,6.76186466217041,7.137929439544678
1999-08-27,2000,7.349853038787842,7.349853038787842,7.349853038787842,6.76186466217041,7.137929439544678
1999-08-26,4400,7.055859088897705,7.349853038787842,7.6438469886779785,6.76186466217041,7.137929439544678
1999-08-25,2800,7.6438469886779785,7.349853038787842,8.23183536529541,7.349853038787842,7.137929439544678
1999-08-24,300,7.937841415405273,7.349853038787842,7.937841415405273,7.349853038787842,7.137929439544678
1999-08-23,1100,7.937841415405273,7.349853038787842,7.937841415405273,7.349853038787842,7.137929439544678
1999-08-20,4600,7.349853038787842,7.937841415405273,7.937841415405273,7.349853038787842,7.708963871002197
1999-08-19,1000,7.6438469886779785,7.6438469886779785,7.6438469886779785,7.349853038787842,7.423445701599121
1999-08-18,4300,7.349853038787842,7.6438469886779785,7.6438469886779785,7.349853038787842,7.423445701599121
1999-08-17,4400,7.349853038787842,7.6438469886779785,7.6438469886779785,5.879882335662842,7.423445701599121
1999-08-16,4600,7.055859088897705,7.6438469886779785,7.6438469886779785,6.467870712280273,7.423445701599121
1999-08-13,5100,7.6438469886779785,7.6438469886779785,7.790608882904053,6.026644229888916,7.423445701599121
1999-08-12,4300,7.055859088897705,7.496614933013916,7.496614933013916,6.026644229888916,7.280460834503174
1999-08-11,600,7.055859088897705,7.055859088897705,7.055859088897705,7.055859088897705,6.852412223815918
1999-08-10,800,4.997900009155273,6.908626556396484,6.908626556396484,4.997900009155273,6.7094244956970215
1999-08-09,100,5.879882335662842,5.879882335662842,5.879882335662842,5.879882335662842,5.710343837738037
1999-08-06,1500,5.29189395904541,6.76186466217041,6.76186466217041,5.29189395904541,6.566895484924316
1999-08-05,3600,6.467870712280273,6.026644229888916,6.467870712280273,5.438655853271484,5.852873802185059
1999-08-04,300,6.614632606506348,6.467870712280273,6.614632606506348,6.467870712280273,6.281377792358398
1999-08-03,1100,6.76186466217041,6.614632606506348,6.76186466217041,6.614632606506348,6.423908710479736
1999-08-02,800,7.055859088897705,6.76186466217041,7.055859088897705,6.76186466217041,6.566895484924316
1999-07-30,500,7.055859088897705,7.055859088897705,7.055859088897705,7.055859088897705,6.852412223815918
1999-07-29,1400,7.055859088897705,7.055859088897705,7.055859088897705,7.055859088897705,6.852412223815918
1999-07-28,2100,7.202620983123779,7.055859088897705,7.496614933013916,6.76186466217041,6.852412223815918
1999-07-27,4900,6.76186466217041,7.055859088897705,7.055859088897705,6.76186466217041,6.852412223815918
1999-07-26,1300,7.86398983001709,6.76186466217041,7.86398983001709,6.76186466217041,6.566895484924316
1999-07-23,15300,7.202620983123779,6.908626556396484,7.349853038787842,6.908626556396484,6.7094244956970215
1999-07-22,1200,6.76186466217041,7.055859088897705,7.055859088897705,6.467870712280273,6.852412223815918
1999-07-21,200,7.349853038787842,6.76186466217041,7.349853038787842,6.76186466217041,6.566895484924316
1999-07-20,5100,7.055859088897705,6.467870712280273,7.055859088897705,6.467870712280273,6.281377792358398
1999-07-19,3100,6.467870712280273,7.055859088897705,7.055859088897705,6.467870712280273,6.852412223815918
1999-07-16,1200,7.055859088897705,6.614632606506348,7.055859088897705,6.614632606506348,6.423908710479736
1999-07-15,7400,6.467870712280273,7.202620983123779,7.202620983123779,6.467870712280273,6.994942665100098
1999-07-14,1000,7.202620983123779,7.202620983123779,7.202620983123779,6.614632606506348,6.994942665100098
1999-07-13,1700,6.908626556396484,6.76186466217041,7.202620983123779,6.76186466217041,6.566895484924316
1999-07-12,5200,6.467870712280273,6.614632606506348,6.76186466217041,6.467870712280273,6.423908710479736
1999-07-09,3400,7.055859088897705,7.055859088897705,7.055859088897705,6.467870712280273,6.852412223815918
1999-07-08,900,7.055859088897705,6.614632606506348,7.055859088897705,6.614632606506348,6.423908710479736
1999-07-07,100,7.055859088897705,6.467870712280273,7.496614933013916,6.467870712280273,6.281377792358398
1999-07-06,3100,6.908626556396484,7.055859088897705,7.349853038787842,6.467870712280273,6.852412223815918
1999-07-02,900,7.6438469886779785,6.76186466217041,7.6438469886779785,6.76186466217041,6.566895484924316
1999-07-01,5400,7.349853038787842,7.055859088897705,7.349853038787842,6.76186466217041,6.852412223815918
1999-06-30,2100,7.6438469886779785,7.6438469886779785,7.937841415405273,7.6438469886779785,7.423445701599121
1999-06-29,3100,7.6438469886779785,7.937841415405273,8.23183536529541,7.055859088897705,7.708963871002197
1999-06-28,200,7.6438469886779785,7.6438469886779785,7.6438469886779785,7.6438469886779785,7.423445701599121
1999-06-25,100,7.937841415405273,7.937841415405273,7.937841415405273,7.937841415405273,7.708963871002197
1999-06-24,1600,7.6438469886779785,7.937841415405273,7.937841415405273,7.6438469886779785,7.708963871002197
1999-06-23,900,7.790608882904053,7.6438469886779785,7.937841415405273,7.6438469886779785,7.423445701599121
1999-06-22,1400,7.055859088897705,7.6438469886779785,7.937841415405273,7.055859088897705,7.423445701599121
1999-06-21,8100,8.525829315185547,7.937841415405273,8.525829315185547,6.76186466217041,7.708963871002197
1999-06-18,1500,7.055859088897705,7.6438469886779785,7.937841415405273,7.055859088897705,7.423445701599121
1999-06-17,1000,7.055859088897705,7.937841415405273,7.937841415405273,7.055859088897705,7.708963871002197
1999-06-16,2900,7.6438469886779785,7.6438469886779785,7.6438469886779785,6.76186466217041,7.423445701599121
1999-06-15,300,8.23183536529541,8.23183536529541,8.23183536529541,8.23183536529541,7.994481086730957
1999-06-14,1300,6.908626556396484,7.496614933013916,8.23183536529541,6.908626556396484,7.280460834503174
1999-06-11,0,8.23183536529541,8.23183536529541,8.23183536529541,8.23183536529541,7.994481086730957
1999-06-10,700,7.86398983001709,8.23183536529541,8.23183536529541,7.86398983001709,7.994481086730957
1999-06-09,3300,7.6438469886779785,8.23183536529541,8.23183536529541,7.496614933013916,7.994481086730957
1999-06-08,1100,8.084603309631348,7.6438469886779785,8.23183536529541,7.6438469886779785,7.423445701599121
1999-06-07,200,7.937841415405273,8.084603309631348,8.084603309631348,7.790608882904053,7.851493835449219
1999-06-04,800,7.6438469886779785,7.6438469886779785,7.790608882904053,7.6438469886779785,7.423445701599121
1999-06-03,3000,7.790608882904053,8.23183536529541,9.260580062866211,7.6438469886779785,7.994481086730957
1999-06-02,300,7.790608882904053,7.790608882904053,7.790608882904053,7.790608882904053,7.565976142883301
1999-06-01,1100,8.893204689025879,7.790608882904053,8.893204689025879,7.790608882904053,7.565976142883301
1999-05-28,2100,9.407812118530273,8.378597259521484,9.407812118530273,8.378597259521484,8.137011528015137
1999-05-27,200,8.378597259521484,8.378597259521484,8.893204689025879,8.378597259521484,8.137011528015137
1999-05-26,1300,8.819823265075684,8.819823265075684,8.819823265075684,8.819823265075684,8.56551456451416
1999-05-25,200,7.937841415405273,8.819823265075684,8.819823265075684,7.937841415405273,8.56551456451416
1999-05-24,1700,8.819823265075684,8.819823265075684,8.819823265075684,7.790608882904053,8.56551456451416
1999-05-21,700,7.6438469886779785,7.790608882904053,8.819823265075684,7.6438469886779785,7.565976142883301
1999-05-20,4800,8.23183536529541,7.6438469886779785,8.819823265075684,7.6438469886779785,7.423445701599121
1999-05-19,2400,8.819823265075684,8.819823265075684,9.407812118530273,8.23183536529541,8.56551456451416
1999-05-18,1900,8.819823265075684,8.23183536529541,9.407812118530273,8.23183536529541,7.994481086730957
1999-05-17,5000,8.819823265075684,8.23183536529541,8.819823265075684,6.76186466217041,7.994481086730957
1999-05-14,700,8.084603309631348,8.819823265075684,8.819823265075684,8.084603309631348,8.56551456451416
1999-05-13,1100,8.819823265075684,9.407812118530273,9.407812118530273,8.819823265075684,9.136550903320312
1999-05-12,4200,8.23183536529541,8.819823265075684,9.407812118530273,8.23183536529541,8.56551456451416
1999-05-11,1800,8.23183536529541,8.23183536529541,8.819823265075684,8.23183536529541,7.994481086730957
1999-05-10,1200,9.407812118530273,9.407812118530273,9.407812118530273,8.23183536529541,9.136550903320312
1999-05-07,1700,7.055859088897705,8.011221885681152,8.011221885681152,7.055859088897705,7.780228137969971
1999-05-06,2800,6.76186466217041,8.23183536529541,8.23183536529541,6.76186466217041,7.994481086730957
1999-05-05,2200,8.23183536529541,6.467870712280273,8.23183536529541,6.467870712280273,6.281377792358398
1999-05-04,800,8.23183536529541,7.6438469886779785,8.819823265075684,7.6438469886779785,7.423445701599121
1999-05-03,100,8.819823265075684,8.819823265075684,8.819823265075684,8.819823265075684,8.56551456451416
1999-04-30,2100,8.23183536529541,8.819823265075684,9.407812118530273,8.23183536529541,8.56551456451416
1999-04-29,800,8.819823265075684,8.819823265075684,9.407812118530273,8.819823265075684,8.56551456451416
1999-04-28,1100,8.23183536529541,8.819823265075684,8.819823265075684,8.23183536529541,8.56551456451416
1999-04-27,100,8.23183536529541,8.23183536529541,8.23183536529541,8.23183536529541,7.994481086730957
1999-04-26,1700,9.407812118530273,8.23183536529541,9.407812118530273,8.23183536529541,7.994481086730957
1999-04-23,600,8.525829315185547,8.819823265075684,8.819823265075684,8.525829315185547,8.56551456451416
1999-04-22,0,9.407812118530273,9.407812118530273,9.407812118530273,9.407812118530273,9.136550903320312
1999-04-21,3000,7.937841415405273,8.819823265075684,9.407812118530273,7.937841415405273,8.56551456451416
1999-04-20,1400,7.055859088897705,7.937841415405273,8.819823265075684,7.055859088897705,7.708963871002197
1999-04-19,2600,8.672591209411621,7.6438469886779785,8.672591209411621,7.6438469886779785,7.423445701599121
1999-04-16,1300,8.672591209411621,8.23183536529541,8.672591209411621,7.349853038787842,7.994481086730957
1999-04-15,2000,8.23183536529541,8.672591209411621,8.672591209411621,8.23183536529541,8.422530174255371
1999-04-14,5500,6.467870712280273,6.76186466217041,7.055859088897705,6.467870712280273,6.566895484924316
1999-04-13,12900,7.790608882904053,6.76186466217041,8.672591209411621,6.76186466217041,6.566895484924316
1999-04-12,2300,8.525829315185547,7.790608882904053,9.113818168640137,7.790608882904053,7.565976142883301
1999-04-09,1800,8.819823265075684,8.819823265075684,9.407812118530273,8.525829315185547,8.56551456451416
1999-04-08,500,8.23183536529541,8.23183536529541,8.23183536529541,8.23183536529541,7.994481086730957
1999-04-07,4700,8.378597259521484,8.819823265075684,8.819823265075684,7.055859088897705,8.56551456451416
1999-04-06,3000,7.937841415405273,8.672591209411621,8.672591209411621,7.6438469886779785,8.422530174255371
1999-04-05,9800,8.819823265075684,8.525829315185547,8.819823265075684,6.1738762855529785,8.279998779296875
1999-04-01,1700,8.525829315185547,9.407812118530273,9.407812118530273,8.525829315185547,9.136550903320312
1999-03-31,2100,9.407812118530273,9.407812118530273,9.407812118530273,9.113818168640137,9.136550903320312
1999-03-30,1000,9.407812118530273,9.113818168640137,9.70180606842041,9.113818168640137,8.851030349731445
1999-03-29,4500,9.407812118530273,9.113818168640137,9.70180606842041,9.113818168640137,8.851030349731445
1999-03-26,3000,9.113818168640137,9.407812118530273,9.70180606842041,9.113818168640137,9.136550903320312
1999-03-25,2000,9.407812118530273,9.407812118530273,9.70180606842041,9.407812118530273,9.136550903320312
1999-03-24,2700,9.407812118530273,9.407812118530273,9.995800018310547,9.407812118530273,9.136550903320312
1999-03-23,3300,9.70180606842041,8.819823265075684,9.70180606842041,8.819823265075684,8.56551456451416
1999-03-22,4400,9.70180606842041,9.407812118530273,9.70180606842041,9.113818168640137,9.136550903320312
1999-03-19,7200,9.995800018310547,9.407812118530273,9.995800018310547,9.407812118530273,9.136550903320312
1999-03-18,2400,9.995800018310547,9.995800018310547,9.995800018310547,9.70180606842041,9.707581520080566
1999-03-17,600,9.70180606842041,9.70180606842041,9.995800018310547,9.70180606842041,9.422066688537598
1999-03-16,2100,10.289793968200684,9.70180606842041,10.289793968200684,9.70180606842041,9.422066688537598
1999-03-15,2500,9.995800018310547,9.70180606842041,10.289793968200684,9.70180606842041,9.422066688537598
1999-03-12,100,9.70180606842041,9.995800018310547,9.995800018310547,9.70180606842041,9.707581520080566
1999-03-11,3400,9.407812118530273,9.70180606842041,10.289793968200684,9.407812118530273,9.422066688537598
1999-03-10,600,10.289793968200684,9.70180606842041,10.289793968200684,9.70180606842041,9.422066688537598
1999-03-09,3200,9.70180606842041,9.407812118530273,9.995800018310547,9.407812118530273,9.136550903320312
1999-03-08,2000,10.289793968200684,9.995800018310547,10.289793968200684,9.407812118530273,9.707581520080566
1999-03-05,2300,9.995800018310547,9.995800018310547,9.995800018310547,9.995800018310547,9.697898864746094
1999-03-04,900,9.995800018310547,10.289793968200684,10.289793968200684,9.995800018310547,9.983133316040039
1999-03-03,600,9.995800018310547,9.995800018310547,9.995800018310547,9.995800018310547,9.697898864746094
1999-03-02,800,9.995800018310547,9.995800018310547,9.995800018310547,9.995800018310547,9.697898864746094
1999-03-01,700,10.58378791809082,9.995800018310547,10.58378791809082,9.995800018310547,9.697898864746094
1999-02-26,2400,9.995800018310547,10.58378791809082,10.58378791809082,9.995800018310547,10.268366813659668
1999-02-25,1000,10.58378791809082,10.289793968200684,10.58378791809082,10.289793968200684,9.983133316040039
1999-02-24,1900,9.995800018310547,10.58378791809082,10.58378791809082,9.995800018310547,10.268366813659668
1999-02-23,900,9.995800018310547,9.995800018310547,10.58378791809082,9.995800018310547,9.697898864746094
1999-02-22,1600,9.995800018310547,10.58378791809082,10.877782821655273,9.995800018310547,10.268366813659668
1999-02-19,200,9.995800018310547,10.58378791809082,10.58378791809082,9.995800018310547,10.268366813659668
1999-02-18,1900,10.289793968200684,10.58378791809082,10.58378791809082,9.995800018310547,10.268366813659668
1999-02-17,1900,10.58378791809082,9.995800018310547,10.58378791809082,9.995800018310547,9.697898864746094
1999-02-16,2000,9.995800018310547,9.995800018310547,10.58378791809082,9.995800018310547,9.697898864746094
1999-02-12,2500,11.17177677154541,9.995800018310547,11.17177677154541,9.995800018310547,9.697898864746094
1999-02-11,400,11.759764671325684,11.17177677154541,12.347752571105957,11.17177677154541,10.838831901550293
1999-02-10,1400,11.17177677154541,11.17177677154541,11.465770721435547,11.17177677154541,10.838831901550293
1999-02-09,1900,10.289793968200684,11.465770721435547,11.465770721435547,10.289793968200684,11.124062538146973
1999-02-08,3700,11.17177677154541,11.17177677154541,11.17177677154541,10.58378791809082,10.838831901550293
1999-02-05,1100,11.17177677154541,10.58378791809082,11.17177677154541,10.58378791809082,10.268366813659668
1999-02-04,900,11.17177677154541,11.17177677154541,11.465770721435547,11.17177677154541,10.838831901550293
1999-02-03,2100,10.58378791809082,10.58378791809082,10.58378791809082,10.58378791809082,10.268366813659668
1999-02-02,2800,12.347752571105957,11.17177677154541,12.347752571105957,10.58378791809082,10.838831901550293
1999-02-01,600,10.877782821655273,11.759764671325684,11.759764671325684,10.877782821655273,11.409296989440918
1999-01-29,6800,11.759764671325684,12.05375862121582,12.05375862121582,10.58378791809082,11.694527626037598
1999-01-28,2800,10.58378791809082,10.58378791809082,11.759764671325684,10.58378791809082,10.268366813659668
1999-01-27,1300,11.759764671325684,10.58378791809082,12.05375862121582,10.58378791809082,10.268366813659668
1999-01-26,1700,11.759764671325684,12.347752571105957,12.347752571105957,11.759764671325684,11.97976016998291
1999-01-25,3800,11.17177677154541,12.347752571105957,12.347752571105957,11.17177677154541,11.97976016998291
1999-01-22,3400,9.995800018310547,11.465770721435547,11.465770721435547,9.70180606842041,11.124062538146973
1999-01-21,500,11.17177677154541,11.17177677154541,11.465770721435547,11.17177677154541,10.838831901550293
1999-01-20,200,11.17177677154541,11.17177677154541,11.17177677154541,11.17177677154541,10.838831901550293
1999-01-19,3900,10.877782821655273,11.465770721435547,11.465770721435547,10.58378791809082,11.124062538146973
1999-01-15,1000,11.17177677154541,10.877782821655273,11.17177677154541,10.58378791809082,10.553598403930664
1999-01-14,2600,10.58378791809082,9.995800018310547,10.58378791809082,9.995800018310547,9.697898864746094
1999-01-13,2300,9.995800018310547,9.995800018310547,11.759764671325684,9.995800018310547,9.697898864746094
1999-01-12,1700,11.17177677154541,10.58378791809082,11.17177677154541,10.58378791809082,10.268366813659668
1999-01-11,1300,11.17177677154541,11.17177677154541,11.17177677154541,10.877782821655273,10.838831901550293
1999-01-08,3900,9.407812118530273,10.877782821655273,11.17177677154541,9.407812118530273,10.553598403930664
1999-01-07,2500,11.17177677154541,9.995800018310547,11.759764671325684,9.995800018310547,9.697898864746094
1999-01-06,300,10.289793968200684,10.58378791809082,10.877782821655273,10.289793968200684,10.268366813659668
1999-01-05,2900,11.465770721435547,10.289793968200684,11.465770721435547,10.289793968200684,9.983133316040039
1999-01-04,1500,10.289793968200684,10.289793968200684,10.58378791809082,10.289793968200684,9.983133316040039
1998-12-31,8800,9.995800018310547,9.70180606842041,10.289793968200684,9.70180606842041,9.412670135498047
1998-12-30,4400,10.58378791809082,9.995800018310547,11.17177677154541,9.995800018310547,9.697898864746094
1998-12-29,2900,10.58378791809082,10.58378791809082,11.17177677154541,10.58378791809082,10.268366813659668
1998-12-28,1500,11.17177677154541,11.17177677154541,11.17177677154541,10.58378791809082,10.838831901550293
1998-12-24,600,11.17177677154541,11.759764671325684,12.347752571105957,11.17177677154541,11.409296989440918
1998-12-23,1100,10.58378791809082,11.17177677154541,11.759764671325684,10.58378791809082,10.838831901550293
1998-12-22,1600,11.759764671325684,10.58378791809082,11.759764671325684,10.58378791809082,10.268366813659668
1998-12-21,2100,11.17177677154541,12.347752571105957,12.347752571105957,10.58378791809082,11.97976016998291
1998-12-18,4100,11.759764671325684,11.17177677154541,12.05375862121582,10.58378791809082,10.838831901550293
1998-12-17,4500,10.58378791809082,11.759764671325684,12.347752571105957,9.554574012756348,11.409296989440918
1998-12-16,800,12.347752571105957,11.17177677154541,12.347752571105957,11.17177677154541,10.838831901550293
1998-12-15,3200,10.58378791809082,10.58378791809082,12.935741424560547,9.995800018310547,10.268366813659668
1998-12-14,2400,11.759764671325684,10.58378791809082,12.347752571105957,10.58378791809082,10.268366813659668
1998-12-11,2900,11.759764671325684,11.759764671325684,12.05375862121582,11.17177677154541,11.409296989440918
1998-12-10,1600,12.935741424560547,12.05375862121582,12.935741424560547,12.05375862121582,11.694527626037598
1998-12-09,1000,12.64174747467041,12.935741424560547,12.935741424560547,12.64174747467041,12.550226211547852
1998-12-08,4400,12.64174747467041,12.64174747467041,14.11171817779541,12.64174747467041,12.264993667602539
1998-12-07,1300,12.347752571105957,13.52372932434082,13.52372932434082,12.347752571105957,13.120688438415527
1998-12-04,900,13.52372932434082,13.52372932434082,13.52372932434082,12.347752571105957,13.120688438415527
1998-12-03,2300,12.935741424560547,13.52372932434082,13.52372932434082,11.759764671325684,13.120688438415527
1998-12-02,1100,12.935741424560547,11.759764671325684,12.935741424560547,11.759764671325684,11.409296989440918
1998-12-01,900,14.11171817779541,12.935741424560547,14.11171817779541,12.935741424560547,12.550226211547852
1998-11-30,1500,14.11171817779541,14.11171817779541,14.699706077575684,13.52372932434082,13.691155433654785
1998-11-27,1000,14.699706077575684,15.875682830810547,15.875682830810547,14.11171817779541,15.402548789978027
1998-11-25,1700,15.875682830810547,15.875682830810547,16.46367073059082,15.875682830810547,15.402548789978027
1998-11-24,2800,17.051658630371094,17.051658630371094,17.639646530151367,15.875682830810547,16.543481826782227
1998-11-23,2300,17.051658630371094,17.051658630371094,17.051658630371094,15.875682830810547,16.543481826782227
1998-11-20,3800,15.875682830810547,16.46367073059082,16.46367073059082,14.699706077575684,15.973017692565918
1998-11-19,8300,14.99370002746582,15.287693977355957,15.875682830810547,14.11171817779541,14.832080841064453
1998-11-18,6000,12.935741424560547,14.99370002746582,14.99370002746582,12.935741424560547,14.546849250793457
1998-11-17,2100,12.935741424560547,13.52372932434082,14.11171817779541,12.935741424560547,13.120688438415527
1998-11-16,5000,12.64174747467041,13.52372932434082,13.52372932434082,12.64174747467041,13.120688438415527
1998-11-13,2200,11.759764671325684,12.935741424560547,12.935741424560547,11.759764671325684,12.550226211547852
1998-11-12,1300,13.52372932434082,11.759764671325684,13.52372932434082,11.759764671325684,11.409296989440918
1998-11-11,700,12.935741424560547,11.759764671325684,12.935741424560547,11.759764671325684,11.409296989440918
1998-11-10,1800,12.935741424560547,12.935741424560547,13.52372932434082,12.347752571105957,12.550226211547852
1998-11-09,1700,14.11171817779541,12.64174747467041,14.11171817779541,12.64174747467041,12.264993667602539
1998-11-06,3500,13.52372932434082,13.817723274230957,13.817723274230957,11.759764671325684,13.405922889709473
1998-11-05,1400,13.52372932434082,13.52372932434082,13.52372932434082,11.17177677154541,13.120688438415527
1998-11-04,6400,9.995800018310547,12.935741424560547,12.935741424560547,9.995800018310547,12.550226211547852
1998-11-03,100,10.58378791809082,10.58378791809082,10.58378791809082,10.58378791809082,10.268366813659668
1998-11-02,300,10.58378791809082,11.759764671325684,11.759764671325684,10.58378791809082,11.409296989440918
1998-10-30,900,9.995800018310547,11.17177677154541,11.17177677154541,9.995800018310547,10.838831901550293
1998-10-29,2000,10.58378791809082,9.995800018310547,11.17177677154541,9.995800018310547,9.697898864746094
1998-10-28,500,11.17177677154541,10.289793968200684,11.17177677154541,10.289793968200684,9.983133316040039
1998-10-27,3400,9.995800018310547,10.58378791809082,11.759764671325684,9.995800018310547,10.268366813659668
1998-10-26,1300,10.58378791809082,11.17177677154541,11.17177677154541,10.58378791809082,10.838831901550293
1998-10-23,2000,10.58378791809082,10.58378791809082,11.17177677154541,10.58378791809082,10.268366813659668
1998-10-22,1400,11.17177677154541,9.995800018310547,11.17177677154541,9.995800018310547,9.697898864746094
1998-10-21,1400,11.17177677154541,11.17177677154541,11.17177677154541,10.877782821655273,10.838831901550293
1998-10-20,1000,10.877782821655273,10.58378791809082,11.17177677154541,10.58378791809082,10.268366813659668
1998-10-19,2500,9.995800018310547,9.995800018310547,11.17177677154541,9.70180606842041,9.697898864746094
1998-10-16,2800,11.465770721435547,9.995800018310547,11.465770721435547,9.995800018310547,9.697898864746094
1998-10-15,2200,10.289793968200684,10.289793968200684,11.17177677154541,10.289793968200684,9.983133316040039
1998-10-14,600,11.17177677154541,11.17177677154541,11.17177677154541,10.289793968200684,10.838831901550293
1998-10-13,700,10.58378791809082,10.289793968200684,11.759764671325684,10.289793968200684,9.983133316040039
1998-10-12,8400,12.347752571105957,11.17177677154541,12.347752571105957,10.58378791809082,10.838831901550293
1998-10-09,700,11.906526565551758,11.906526565551758,12.347752571105957,11.906526565551758,11.55168342590332
1998-10-08,1700,12.347752571105957,11.906526565551758,12.347752571105957,11.759764671325684,11.55168342590332
1998-10-07,1100,12.347752571105957,11.906526565551758,12.347752571105957,11.906526565551758,11.55168342590332
1998-10-06,300,12.347752571105957,11.906526565551758,12.347752571105957,11.906526565551758,11.55168342590332
1998-10-05,200,11.17177677154541,11.17177677154541,11.17177677154541,11.17177677154541,10.838831901550293
1998-10-02,5100,11.906526565551758,11.465770721435547,12.64174747467041,11.465770721435547,11.124062538146973
1998-10-01,1600,11.906526565551758,11.906526565551758,12.347752571105957,11.906526565551758,11.55168342590332
1998-09-30,600,11.906526565551758,12.347752571105957,12.347752571105957,11.906526565551758,11.97976016998291
1998-09-29,900,12.347752571105957,12.05375862121582,12.347752571105957,11.906526565551758,11.694527626037598
1998-09-28,300,11.906526565551758,12.05375862121582,12.05375862121582,11.906526565551758,11.694527626037598
1998-09-25,400,11.906526565551758,12.347752571105957,12.347752571105957,11.906526565551758,11.97976016998291
1998-09-24,3600,11.906526565551758,11.906526565551758,12.935741424560547,11.465770721435547,11.55168342590332
1998-09-23,600,11.759764671325684,12.05375862121582,13.670491218566895,11.759764671325684,11.694527626037598
1998-09-22,4500,11.759764671325684,11.759764671325684,12.788509368896484,11.759764671325684,11.409296989440918
1998-09-21,2800,11.906526565551758,12.200520515441895,12.200520515441895,11.759764671325684,11.836919784545898
1998-09-18,1000,11.906526565551758,12.200520515441895,12.200520515441895,11.906526565551758,11.836919784545898
1998-09-17,1100,12.05375862121582,12.200520515441895,12.494514465332031,12.05375862121582,11.836919784545898
1998-09-16,2300,12.05375862121582,12.05375862121582,13.52372932434082,12.05375862121582,11.694527626037598
1998-09-15,2600,12.935741424560547,12.935741424560547,13.52372932434082,12.64174747467041,12.550226211547852
1998-09-14,300,13.52372932434082,13.817723274230957,13.817723274230957,13.52372932434082,13.405922889709473
1998-09-11,600,13.964485168457031,12.05375862121582,13.964485168457031,12.05375862121582,11.694527626037598
1998-09-10,500,12.05375862121582,12.347752571105957,12.935741424560547,12.05375862121582,11.97976016998291
1998-09-09,1900,12.05375862121582,13.52372932434082,13.52372932434082,12.05375862121582,13.120688438415527
1998-09-08,500,13.964485168457031,13.229735374450684,13.964485168457031,13.229735374450684,12.835456848144531
1998-09-04,2500,13.229735374450684,13.229735374450684,13.229735374450684,12.64174747467041,12.835456848144531
1998-09-03,3700,12.935741424560547,12.64174747467041,13.817723274230957,12.347752571105957,12.264993667602539
1998-09-02,2900,11.465770721435547,12.935741424560547,14.11171817779541,11.465770721435547,12.550226211547852
1998-09-01,2000,12.935741424560547,12.64174747467041,12.935741424560547,11.759764671325684,12.264993667602539
1998-08-31,2000,12.05375862121582,12.05375862121582,12.935741424560547,12.05375862121582,11.694527626037598
1998-08-28,3200,12.64174747467041,13.229735374450684,13.52372932434082,12.347752571105957,12.835456848144531
1998-08-27,1300,13.52372932434082,12.64174747467041,13.52372932434082,12.64174747467041,12.264993667602539
1998-08-26,300,14.11171817779541,13.52372932434082,14.11171817779541,13.52372932434082,13.120688438415527
1998-08-25,6300,12.347752571105957,13.52372932434082,15.875682830810547,12.347752571105957,13.120688438415527
1998-08-24,800,12.05375862121582,12.935741424560547,14.11171817779541,12.05375862121582,12.550226211547852
1998-08-21,2000,11.759764671325684,13.817723274230957,14.11171817779541,11.759764671325684,13.405922889709473
1998-08-20,3100,12.347752571105957,14.11171817779541,14.405712127685547,11.759764671325684,13.691155433654785
1998-08-19,1600,14.11171817779541,13.229735374450684,14.11171817779541,12.347752571105957,12.835456848144531
1998-08-18,900,13.52372932434082,14.11171817779541,14.11171817779541,13.229735374450684,13.691155433654785
1998-08-17,700,13.52372932434082,13.52372932434082,13.52372932434082,13.52372932434082,13.120688438415527
1998-08-14,2100,13.52372932434082,13.52372932434082,13.52372932434082,13.229735374450684,13.120688438415527
1998-08-13,1300,12.935741424560547,13.229735374450684,13.52372932434082,12.347752571105957,12.835456848144531
1998-08-12,6400,14.11171817779541,13.229735374450684,14.699706077575684,13.229735374450684,12.835456848144531
1998-08-11,1000,14.699706077575684,13.52372932434082,14.699706077575684,13.52372932434082,13.120688438415527
1998-08-10,500,14.11171817779541,14.11171817779541,15.287693977355957,14.11171817779541,13.691155433654785
1998-08-07,2400,14.11171817779541,14.699706077575684,14.699706077575684,12.935741424560547,14.261619567871094
1998-08-06,1100,14.405712127685547,14.405712127685547,14.699706077575684,14.405712127685547,13.976386070251465
1998-08-05,1100,13.670491218566895,14.405712127685547,14.699706077575684,13.670491218566895,13.976386070251465
1998-08-04,1600,15.287693977355957,14.11171817779541,15.287693977355957,14.11171817779541,13.691155433654785
1998-08-03,3600,14.699706077575684,14.11171817779541,14.99370002746582,13.52372932434082,13.691155433654785
1998-07-31,2900,15.287693977355957,14.699706077575684,15.581687927246094,14.699706077575684,14.261619567871094
1998-07-30,0,15.287693977355957,15.287693977355957,15.287693977355957,15.287693977355957,14.832080841064453
1998-07-29,1200,15.287693977355957,15.287693977355957,15.287693977355957,15.287693977355957,14.832080841064453
1998-07-28,5000,15.287693977355957,17.051658630371094,17.051658630371094,15.287693977355957,16.543481826782227
1998-07-27,600,16.757665634155273,15.287693977355957,16.757665634155273,15.287693977355957,14.832080841064453
1998-07-24,1800,16.757665634155273,16.46367073059082,16.757665634155273,15.875682830810547,15.973017692565918
1998-07-23,2900,16.46367073059082,16.757665634155273,16.757665634155273,15.581687927246094,16.258249282836914
1998-07-22,500,15.287693977355957,15.581687927246094,15.875682830810547,15.287693977355957,15.117316246032715
1998-07-21,800,15.875682830810547,15.875682830810547,16.46367073059082,15.875682830810547,15.402548789978027
1998-07-20,2400,15.875682830810547,15.875682830810547,17.051658630371094,15.875682830810547,15.402548789978027
1998-07-17,2300,15.875682830810547,16.757665634155273,17.345653533935547,15.875682830810547,16.258249282836914
1998-07-16,1600,16.46367073059082,17.345653533935547,17.345653533935547,15.875682830810547,16.828716278076172
1998-07-15,1100,16.46367073059082,17.051658630371094,17.051658630371094,16.46367073059082,16.543481826782227
1998-07-14,1500,16.169675827026367,16.46367073059082,16.46367073059082,16.169675827026367,15.973017692565918
1998-07-13,6000,16.46367073059082,15.875682830810547,17.051658630371094,14.99370002746582,15.402548789978027
1998-07-10,3600,16.46367073059082,16.169675827026367,16.46367073059082,15.875682830810547,15.68778133392334
1998-07-09,2200,17.051658630371094,16.46367073059082,17.051658630371094,16.169675827026367,15.973017692565918
1998-07-08,2200,16.46367073059082,16.46367073059082,16.757665634155273,15.875682830810547,15.973017692565918
1998-07-07,3300,16.46367073059082,16.46367073059082,17.051658630371094,16.46367073059082,15.973017692565918
1998-07-06,9100,17.639646530151367,17.051658630371094,18.521629333496094,17.051658630371094,16.543481826782227
1998-07-02,8000,18.521629333496094,17.639646530151367,18.815624237060547,17.639646530151367,17.11394500732422
1998-07-01,1100,17.345653533935547,18.521629333496094,18.521629333496094,17.345653533935547,17.969642639160156
1998-06-30,3600,17.051658630371094,17.345653533935547,18.227636337280273,16.46367073059082,16.828716278076172
1998-06-29,500,17.051658630371094,17.051658630371094,17.93364143371582,17.051658630371094,16.543481826782227
1998-06-26,1400,17.051658630371094,17.051658630371094,17.051658630371094,16.46367073059082,16.543481826782227
1998-06-25,2000,17.051658630371094,17.051658630371094,17.639646530151367,17.051658630371094,16.543481826782227
1998-06-24,3900,16.46367073059082,17.051658630371094,17.345653533935547,16.46367073059082,16.543481826782227
1998-06-23,1600,17.345653533935547,16.46367073059082,17.345653533935547,15.875682830810547,15.973017692565918
1998-06-22,4000,16.46367073059082,16.46367073059082,16.757665634155273,15.875682830810547,15.973017692565918
1998-06-19,5700,16.757665634155273,15.875682830810547,16.757665634155273,14.405712127685547,15.402548789978027
1998-06-18,3100,16.757665634155273,16.46367073059082,17.051658630371094,16.46367073059082,15.973017692565918
1998-06-17,1900,15.875682830810547,17.051658630371094,17.639646530151367,15.875682830810547,16.543481826782227
1998-06-16,1200,16.46367073059082,15.875682830810547,17.051658630371094,15.875682830810547,15.402548789978027
1998-06-15,1700,17.051658630371094,15.875682830810547,17.051658630371094,15.875682830810547,15.402548789978027
1998-06-12,2500,18.080402374267578,17.639646530151367,18.227636337280273,17.051658630371094,17.11394500732422
1998-06-11,2300,17.051658630371094,16.46367073059082,18.227636337280273,16.46367073059082,15.973017692565918
1998-06-10,1900,17.051658630371094,17.051658630371094,18.227636337280273,17.051658630371094,16.543481826782227
1998-06-09,0,17.051658630371094,17.051658630371094,17.051658630371094,17.051658630371094,16.543481826782227
1998-06-08,1100,15.287693977355957,16.46367073059082,16.46367073059082,15.287693977355957,15.973017692565918
1998-06-05,2900,16.46367073059082,16.46367073059082,17.051658630371094,16.46367073059082,15.958436012268066
1998-06-04,4100,18.227636337280273,16.46367073059082,18.227636337280273,16.46367073059082,15.958436012268066
1998-06-03,0,16.46367073059082,16.46367073059082,16.46367073059082,16.46367073059082,15.958436012268066
1998-06-02,4500,17.051658630371094,16.46367073059082,18.227636337280273,16.46367073059082,15.958436012268066
1998-06-01,4200,17.639646530151367,18.227636337280273,18.227636337280273,17.051658630371094,17.668262481689453
1998-05-29,2700,18.521629333496094,18.815624237060547,18.815624237060547,17.345653533935547,18.238210678100586
1998-05-28,400,17.345653533935547,18.521629333496094,18.521629333496094,17.345653533935547,17.953237533569336
1998-05-27,1000,17.639646530151367,18.815624237060547,18.815624237060547,17.051658630371094,18.238210678100586
1998-05-26,1600,18.227636337280273,18.815624237060547,18.815624237060547,17.639646530151367,18.238210678100586
1998-05-22,2400,18.227636337280273,18.815624237060547,18.815624237060547,17.639646530151367,18.238210678100586
1998-05-21,2200,17.639646530151367,18.815624237060547,18.815624237060547,17.639646530151367,18.238210678100586
1998-05-20,1300,18.227636337280273,18.815624237060547,18.815624237060547,18.227636337280273,18.238210678100586
1998-05-19,1400,18.815624237060547,19.40361213684082,19.40361213684082,18.227636337280273,18.808155059814453
1998-05-18,200,20.579587936401367,19.991600036621094,20.579587936401367,18.815624237060547,19.37809181213379
1998-05-15,600,18.815624237060547,20.579587936401367,20.579587936401367,18.815624237060547,19.948040008544922
1998-05-14,600,18.815624237060547,20.579587936401367,20.579587936401367,18.815624237060547,19.948040008544922
1998-05-13,1400,18.815624237060547,20.579587936401367,20.579587936401367,18.815624237060547,19.948040008544922
1998-05-12,4100,18.815624237060547,19.40361213684082,19.40361213684082,17.639646530151367,18.808155059814453
1998-05-11,300,18.815624237060547,18.815624237060547,20.579587936401367,18.815624237060547,18.238210678100586
1998-05-08,500,18.227636337280273,19.40361213684082,19.40361213684082,18.227636337280273,18.808155059814453
1998-05-07,800,18.521629333496094,19.991600036621094,19.991600036621094,18.521629333496094,19.37809181213379
1998-05-06,1900,19.40361213684082,18.815624237060547,19.40361213684082,18.521629333496094,18.238210678100586
1998-05-05,2900,20.579587936401367,18.815624237060547,20.579587936401367,18.815624237060547,18.238210678100586
1998-05-04,9700,22.34355354309082,21.755565643310547,22.931541442871094,20.579587936401367,21.087928771972656
1998-05-01,16500,19.40361213684082,22.34355354309082,22.931541442871094,19.40361213684082,21.657875061035156
1998-04-30,4600,18.227636337280273,19.40361213684082,19.40361213684082,17.639646530151367,18.808155059814453
1998-04-29,7500,18.815624237060547,17.786409378051758,19.40361213684082,17.786409378051758,17.24057960510254
1998-04-28,2500,17.93364143371582,18.521629333496094,18.521629333496094,17.93364143371582,17.953237533569336
1998-04-27,1100,18.521629333496094,17.93364143371582,18.521629333496094,17.639646530151367,17.38329315185547
1998-04-24,200,17.639646530151367,18.521629333496094,18.521629333496094,17.639646530151367,17.953237533569336
1998-04-23,1000,18.227636337280273,17.639646530151367,18.521629333496094,17.639646530151367,17.09832191467285
1998-04-22,5300,18.521629333496094,18.227636337280273,18.815624237060547,17.93364143371582,17.668262481689453
1998-04-21,800,17.93364143371582,18.521629333496094,18.521629333496094,17.93364143371582,17.953237533569336
1998-04-20,7100,18.521629333496094,17.639646530151367,18.815624237060547,17.639646530151367,17.09832191467285
1998-04-17,1300,17.93364143371582,17.93364143371582,18.521629333496094,17.93364143371582,17.38329315185547
1998-04-16,1300,18.521629333496094,18.521629333496094,18.521629333496094,17.345653533935547,17.953237533569336
1998-04-15,700,18.521629333496094,17.93364143371582,18.521629333496094,17.93364143371582,17.38329315185547
1998-04-14,7500,18.815624237060547,17.93364143371582,18.815624237060547,17.639646530151367,17.38329315185547
1998-04-13,3500,18.227636337280273,18.227636337280273,18.815624237060547,18.227636337280273,17.668262481689453
1998-04-09,4000,18.227636337280273,18.227636337280273,18.815624237060547,17.639646530151367,17.668262481689453
1998-04-08,2300,17.639646530151367,17.639646530151367,18.815624237060547,17.639646530151367,17.09832191467285
1998-04-07,1700,18.227636337280273,17.639646530151367,18.227636337280273,17.051658630371094,17.09832191467285
1998-04-06,1500,18.227636337280273,18.227636337280273,18.815624237060547,17.051658630371094,17.668262481689453
1998-04-03,2500,18.227636337280273,18.815624237060547,18.815624237060547,18.227636337280273,18.238210678100586
1998-04-02,300,18.815624237060547,18.815624237060547,18.815624237060547,18.227636337280273,18.238210678100586
1998-04-01,6100,17.639646530151367,18.815624237060547,18.815624237060547,17.051658630371094,18.238210678100586
1998-03-31,900,17.051658630371094,17.051658630371094,17.639646530151367,17.051658630371094,16.528379440307617
1998-03-30,1400,18.227636337280273,17.639646530151367,18.227636337280273,16.757665634155273,17.09832191467285
1998-03-27,4100,17.639646530151367,18.227636337280273,18.227636337280273,16.757665634155273,17.668262481689453
1998-03-26,0,17.93364143371582,17.93364143371582,17.93364143371582,17.93364143371582,17.38329315185547
1998-03-25,3600,19.109617233276367,18.227636337280273,19.109617233276367,17.639646530151367,17.668262481689453
1998-03-24,3000,18.815624237060547,18.815624237060547,19.40361213684082,18.815624237060547,18.238210678100586
1998-03-23,1200,20.285594940185547,18.815624237060547,20.285594940185547,18.815624237060547,18.238210678100586
1998-03-20,700,19.40361213684082,19.991600036621094,19.991600036621094,18.815624237060547,19.37809181213379
1998-03-19,2100,19.991600036621094,19.991600036621094,20.285594940185547,19.40361213684082,19.37809181213379
1998-03-18,4100,21.461570739746094,20.579587936401367,21.461570739746094,18.815624237060547,19.948040008544922
1998-03-17,5200,19.991600036621094,21.16757583618164,21.755565643310547,18.815624237060547,20.517986297607422
1998-03-16,3000,21.16757583618164,18.815624237060547,22.34355354309082,18.815624237060547,18.238210678100586
1998-03-13,3700,18.815624237060547,22.34355354309082,22.34355354309082,18.227636337280273,21.657875061035156
1998-03-12,5000,17.639646530151367,19.991600036621094,19.991600036621094,17.639646530151367,19.37809181213379
1998-03-11,10300,18.227636337280273,19.109617233276367,19.991600036621094,18.227636337280273,18.523176193237305
1998-03-10,1000,17.639646530151367,18.815624237060547,18.815624237060547,17.639646530151367,18.238210678100586
1998-03-09,2100,18.815624237060547,18.815624237060547,18.815624237060547,17.639646530151367,18.238210678100586
1998-03-06,900,17.639646530151367,18.815624237060547,18.815624237060547,17.051658630371094,18.238210678100586
1998-03-05,600,17.639646530151367,18.815624237060547,18.815624237060547,17.639646530151367,18.238210678100586
1998-03-04,300,17.93364143371582,18.815624237060547,18.815624237060547,17.93364143371582,18.238210678100586
1998-03-03,1800,17.639646530151367,18.815624237060547,18.815624237060547,17.639646530151367,18.238210678100586
1998-03-02,3900,19.991600036621094,18.815624237060547,19.991600036621094,18.227636337280273,18.238210678100586
1998-02-27,1000,18.815624237060547,19.991600036621094,19.991600036621094,18.815624237060547,19.37809181213379
1998-02-26,3100,19.991600036621094,18.815624237060547,19.991600036621094,18.227636337280273,18.238210678100586
1998-02-25,500,18.227636337280273,19.991600036621094,19.991600036621094,18.227636337280273,19.37809181213379
1998-02-24,1600,18.815624237060547,18.815624237060547,19.40361213684082,18.227636337280273,18.238210678100586
1998-02-23,600,18.815624237060547,18.815624237060547,18.815624237060547,17.639646530151367,18.238210678100586
1998-02-20,2700,18.227636337280273,17.639646530151367,18.815624237060547,17.639646530151367,17.09832191467285
1998-02-19,1000,18.815624237060547,18.815624237060547,18.815624237060547,18.227636337280273,18.238210678100586
1998-02-18,1600,19.40361213684082,18.815624237060547,19.40361213684082,18.815624237060547,18.238210678100586
1998-02-17,9500,17.639646530151367,19.40361213684082,19.40361213684082,16.90442657470703,18.808155059814453
1998-02-13,3100,17.639646530151367,17.93364143371582,17.93364143371582,16.757665634155273,17.38329315185547
1998-02-12,1000,18.815624237060547,18.815624237060547,18.815624237060547,17.93364143371582,18.238210678100586
1998-02-11,2400,17.639646530151367,18.815624237060547,18.815624237060547,16.46367073059082,18.238210678100586
1998-02-10,1700,17.051658630371094,17.639646530151367,18.815624237060547,16.46367073059082,17.09832191467285
1998-02-09,2400,18.815624237060547,17.639646530151367,18.815624237060547,16.46367073059082,17.09832191467285
1998-02-06,2200,18.815624237060547,18.815624237060547,18.815624237060547,17.051658630371094,18.238210678100586
1998-02-05,600,18.815624237060547,18.815624237060547,18.815624237060547,17.639646530151367,18.238210678100586
1998-02-04,1100,18.815624237060547,18.815624237060547,18.815624237060547,17.051658630371094,18.238210678100586
1998-02-03,2700,17.051658630371094,17.639646530151367,18.227636337280273,17.051658630371094,17.09832191467285
1998-02-02,1200,16.46367073059082,17.639646530151367,18.227636337280273,16.46367073059082,17.09832191467285
1998-01-30,1400,17.051658630371094,17.051658630371094,17.345653533935547,16.46367073059082,16.528379440307617
1998-01-29,800,17.345653533935547,17.345653533935547,17.345653533935547,16.46367073059082,16.813352584838867
1998-01-28,2300,17.639646530151367,16.46367073059082,17.639646530151367,16.46367073059082,15.958436012268066
1998-01-27,3800,17.051658630371094,17.639646530151367,17.639646530151367,16.46367073059082,17.09832191467285
1998-01-26,2200,19.109617233276367,17.93364143371582,19.109617233276367,17.051658630371094,17.38329315185547
1998-01-23,5100,19.69760513305664,19.109617233276367,19.69760513305664,18.227636337280273,18.523176193237305
1998-01-22,500,18.815624237060547,19.109617233276367,20.579587936401367,18.815624237060547,18.523176193237305
1998-01-21,9400,20.285594940185547,19.991600036621094,20.579587936401367,18.227636337280273,19.37809181213379
1998-01-20,11700,24.10751724243164,20.87358283996582,24.10751724243164,20.285594940185547,20.233015060424805
1998-01-16,12200,23.519529342651367,24.10751724243164,24.10751724243164,22.931541442871094,23.36770248413086
1998-01-15,11500,19.40361213684082,23.519529342651367,23.519529342651367,19.40361213684082,22.797761917114258
1998-01-14,2600,16.46367073059082,18.815624237060547,18.815624237060547,16.46367073059082,18.238210678100586
1998-01-13,3200,15.581687927246094,16.46367073059082,17.639646530151367,15.581687927246094,15.948771476745605
1998-01-12,3800,14.11171817779541,15.581687927246094,15.875682830810547,14.11171817779541,15.094369888305664
1998-01-09,6900,14.699706077575684,14.11171817779541,15.875682830810547,14.11171817779541,13.67037296295166
1998-01-08,4100,14.11171817779541,15.287693977355957,15.581687927246094,14.11171817779541,14.80956745147705
1998-01-07,1200,13.52372932434082,14.11171817779541,14.699706077575684,13.52372932434082,13.67037296295166
1998-01-06,3700,14.699706077575684,14.11171817779541,14.699706077575684,14.11171817779541,13.67037296295166
1998-01-05,1900,14.99370002746582,14.11171817779541,14.99370002746582,14.11171817779541,13.67037296295166
1998-01-02,1900,14.699706077575684,14.99370002746582,14.99370002746582,14.699706077575684,14.524767875671387
1997-12-31,9300,14.11171817779541,14.11171817779541,15.287693977355957,13.52372932434082,13.67037296295166
1997-12-30,3000,14.699706077575684,14.699706077575684,14.699706077575684,14.11171817779541,14.239971160888672
1997-12-29,4100,14.11171817779541,14.11171817779541,15.287693977355957,14.11171817779541,13.67037296295166
1997-12-26,1700,15.287693977355957,15.287693977355957,15.287693977355957,13.52372932434082,14.80956745147705
1997-12-24,16600,14.11171817779541,12.935741424560547,15.287693977355957,12.935741424560547,12.531176567077637
1997-12-23,3900,14.699706077575684,14.699706077575684,14.99370002746582,14.11171817779541,14.239971160888672
1997-12-22,7700,13.52372932434082,13.52372932434082,14.699706077575684,13.229735374450684,13.1007719039917
1997-12-19,4300,12.935741424560547,13.52372932434082,13.52372932434082,12.935741424560547,13.1007719039917
1997-12-18,4300,14.11171817779541,14.11171817779541,14.699706077575684,13.52372932434082,13.67037296295166
1997-12-17,1300,14.11171817779541,14.699706077575684,14.699706077575684,13.52372932434082,14.239971160888672
1997-12-16,7900,14.699706077575684,14.699706077575684,14.699706077575684,13.52372932434082,14.239971160888672
1997-12-15,7600,15.287693977355957,13.52372932434082,16.46367073059082,13.52372932434082,13.1007719039917
1997-12-12,3400,15.287693977355957,16.46367073059082,17.198421478271484,15.287693977355957,15.948771476745605
1997-12-11,4300,16.46367073059082,15.287693977355957,17.051658630371094,15.287693977355957,14.80956745147705
1997-12-10,2000,17.051658630371094,16.46367073059082,17.639646530151367,16.46367073059082,15.948771476745605
1997-12-09,2200,17.051658630371094,17.051658630371094,18.227636337280273,16.46367073059082,16.518369674682617
1997-12-08,1300,16.46367073059082,17.051658630371094,17.051658630371094,16.46367073059082,16.518369674682617
1997-12-05,1900,17.639646530151367,16.46367073059082,17.639646530151367,16.46367073059082,15.948771476745605
1997-12-04,1300,17.492414474487305,16.46367073059082,18.227636337280273,16.46367073059082,15.948771476745605
1997-12-03,800,18.815624237060547,17.492414474487305,18.815624237060547,17.492414474487305,16.945341110229492
1997-12-02,2500,18.227636337280273,18.227636337280273,18.815624237060547,18.227636337280273,17.657562255859375
1997-12-01,1000,18.227636337280273,18.815624237060547,18.815624237060547,17.639646530151367,18.22716522216797
1997-11-28,200,18.227636337280273,18.227636337280273,18.227636337280273,18.227636337280273,17.657562255859375
1997-11-26,3600,17.639646530151367,17.639646530151367,18.227636337280273,16.46367073059082,17.087966918945312
1997-11-25,4000,18.815624237060547,18.815624237060547,18.815624237060547,17.93364143371582,18.22716522216797
1997-11-24,1700,17.93364143371582,18.815624237060547,18.815624237060547,17.93364143371582,18.22716522216797
1997-11-21,2900,19.40361213684082,18.815624237060547,19.40361213684082,18.227636337280273,18.22716522216797
1997-11-20,3700,18.815624237060547,19.991600036621094,19.991600036621094,18.815624237060547,19.366355895996094
1997-11-19,5800,16.46367073059082,18.815624237060547,18.815624237060547,16.46367073059082,18.22716522216797
1997-11-18,2700,16.46367073059082,17.051658630371094,17.93364143371582,16.46367073059082,16.518369674682617
1997-11-17,3300,17.051658630371094,17.345653533935547,17.93364143371582,16.46367073059082,16.803171157836914
1997-11-14,9100,18.227636337280273,17.93364143371582,18.815624237060547,17.051658630371094,17.372766494750977
1997-11-13,3200,18.815624237060547,18.815624237060547,19.991600036621094,18.227636337280273,18.22716522216797
1997-11-12,800,19.991600036621094,19.991600036621094,19.991600036621094,18.227636337280273,19.366355895996094
1997-11-11,1900,18.227636337280273,19.40361213684082,19.991600036621094,17.93364143371582,18.796764373779297
1997-11-10,6000,19.991600036621094,19.991600036621094,19.991600036621094,18.227636337280273,19.366355895996094
1997-11-07,3500,19.40361213684082,19.991600036621094,19.991600036621094,18.521629333496094,19.366355895996094
1997-11-06,3800,18.227636337280273,19.40361213684082,19.991600036621094,17.639646530151367,18.796764373779297
1997-11-05,800,18.815624237060547,18.815624237060547,19.40361213684082,18.227636337280273,18.22716522216797
1997-11-04,4800,17.639646530151367,19.991600036621094,19.991600036621094,17.639646530151367,19.366355895996094
1997-11-03,2300,18.815624237060547,18.815624237060547,19.40361213684082,18.815624237060547,18.22716522216797
1997-10-31,1800,19.40361213684082,19.40361213684082,19.991600036621094,18.227636337280273,18.796764373779297
1997-10-30,14100,19.40361213684082,18.815624237060547,20.285594940185547,17.639646530151367,18.22716522216797
1997-10-29,14000,21.16757583618164,19.991600036621094,21.16757583618164,18.815624237060547,19.366355895996094
1997-10-28,5900,19.40361213684082,20.579587936401367,20.579587936401367,18.227636337280273,19.935958862304688
1997-10-27,6700,22.931541442871094,21.16757583618164,23.519529342651367,20.579587936401367,20.50556182861328
1997-10-24,3700,22.931541442871094,23.519529342651367,23.519529342651367,22.931541442871094,22.78395652770996
1997-10-23,3100,21.755565643310547,23.519529342651367,23.519529342651367,21.755565643310547,22.78395652770996
1997-10-22,3700,23.519529342651367,23.519529342651367,24.695505142211914,22.34355354309082,22.78395652770996
1997-10-21,9900,21.16757583618164,23.519529342651367,24.695505142211914,21.16757583618164,22.78395652770996
1997-10-20,27600,20.579587936401367,21.755565643310547,22.34355354309082,14.699706077575684,21.075157165527344
1997-10-17,4800,22.931541442871094,21.755565643310547,23.225536346435547,21.16757583618164,21.075157165527344
1997-10-16,3500,23.519529342651367,23.225536346435547,24.10751724243164,22.931541442871094,22.49915885925293
1997-10-15,1700,24.695505142211914,23.519529342651367,24.695505142211914,23.519529342651367,22.78395652770996
1997-10-14,1800,23.519529342651367,24.10751724243164,24.695505142211914,23.519529342651367,23.353551864624023
1997-10-13,5500,23.519529342651367,24.695505142211914,24.695505142211914,23.519529342651367,23.92315101623535
1997-10-10,4600,23.519529342651367,24.10751724243164,25.871482849121094,23.519529342651367,23.353551864624023
1997-10-09,4800,24.10751724243164,24.10751724243164,25.871482849121094,23.519529342651367,23.353551864624023
1997-10-08,3000,23.519529342651367,24.10751724243164,25.871482849121094,23.519529342651367,23.353551864624023
1997-10-07,4400,24.10751724243164,24.695505142211914,25.871482849121094,23.519529342651367,23.92315101623535
1997-10-06,4700,24.989500045776367,24.10751724243164,25.72425079345703,24.10751724243164,23.353551864624023
1997-10-03,10800,25.871482849121094,24.989500045776367,25.871482849121094,23.519529342651367,24.20795249938965
1997-10-02,1400,25.28349494934082,25.871482849121094,27.04745864868164,25.28349494934082,25.062353134155273
1997-10-01,3800,27.04745864868164,27.04745864868164,27.04745864868164,25.28349494934082,26.2015438079834
1997-09-30,8700,27.04745864868164,26.75346565246582,27.635446548461914,25.871482849121094,25.9167537689209
1997-09-29,9500,27.635446548461914,27.635446548461914,27.635446548461914,26.459470748901367,26.771146774291992
1997-09-26,3600,24.695505142211914,27.635446548461914,27.635446548461914,24.695505142211914,26.771146774291992
1997-09-25,3100,25.28349494934082,26.459470748901367,26.459470748901367,24.695505142211914,25.631946563720703
1997-09-24,2800,25.871482849121094,25.871482849121094,27.635446548461914,25.28349494934082,25.062353134155273
1997-09-23,2100,27.635446548461914,27.635446548461914,27.635446548461914,25.871482849121094,26.771146774291992
1997-09-22,5000,28.22343635559082,27.635446548461914,28.22343635559082,25.57748794555664,26.771146774291992
1997-09-19,600,28.22343635559082,28.22343635559082,28.811424255371094,27.635446548461914,27.34074592590332
1997-09-18,1200,28.22343635559082,27.635446548461914,28.22343635559082,27.635446548461914,26.771146774291992
1997-09-17,1600,27.635446548461914,28.22343635559082,28.811424255371094,27.635446548461914,27.34074592590332
1997-09-16,15100,27.04745864868164,27.635446548461914,28.22343635559082,24.695505142211914,26.771146774291992
1997-09-15,2600,27.635446548461914,25.871482849121094,27.635446548461914,25.871482849121094,25.062353134155273
1997-09-12,5900,27.635446548461914,27.635446548461914,27.635446548461914,25.57748794555664,26.771146774291992
1997-09-11,2300,27.635446548461914,27.635446548461914,28.22343635559082,26.459470748901367,26.771146774291992
1997-09-10,2300,28.22343635559082,28.22343635559082,28.811424255371094,28.22343635559082,27.34074592590332
1997-09-09,1200,28.22343635559082,28.811424255371094,28.811424255371094,28.22343635559082,27.910341262817383
1997-09-08,500,28.22343635559082,28.811424255371094,28.811424255371094,28.22343635559082,27.910341262817383
1997-09-05,400,28.22343635559082,28.811424255371094,28.811424255371094,28.22343635559082,27.910341262817383
1997-09-04,3800,28.22343635559082,28.811424255371094,28.811424255371094,28.22343635559082,27.910341262817383
1997-09-03,1300,27.04745864868164,28.22343635559082,28.22343635559082,27.04745864868164,27.34074592590332
1997-09-02,6900,29.98740005493164,28.22343635559082,29.98740005493164,26.459470748901367,27.34074592590332
1997-08-29,2000,28.811424255371094,29.98740005493164,29.98740005493164,28.22343635559082,29.049535751342773
1997-08-28,2400,30.575387954711914,30.575387954711914,30.575387954711914,28.811424255371094,29.6191349029541
1997-08-27,1600,28.811424255371094,30.575387954711914,30.575387954711914,28.811424255371094,29.6191349029541
1997-08-26,4400,28.22343635559082,29.98740005493164,30.575387954711914,28.22343635559082,29.049535751342773
1997-08-25,1200,29.399412155151367,29.399412155151367,29.399412155151367,28.22343635559082,28.479942321777344
1997-08-22,1200,29.399412155151367,29.399412155151367,29.399412155151367,28.22343635559082,28.479942321777344
1997-08-21,4300,28.22343635559082,29.399412155151367,29.399412155151367,27.635446548461914,28.479942321777344
1997-08-20,17300,28.811424255371094,29.399412155151367,30.575387954711914,27.04745864868164,28.479942321777344
1997-08-19,1900,28.22343635559082,29.399412155151367,29.399412155151367,28.22343635559082,28.479942321777344
1997-08-18,2600,28.22343635559082,29.399412155151367,29.399412155151367,27.635446548461914,28.479942321777344
1997-08-15,1800,28.22343635559082,28.22343635559082,28.22343635559082,27.635446548461914,27.34074592590332
1997-08-14,100,27.04745864868164,28.22343635559082,28.22343635559082,27.04745864868164,27.34074592590332
1997-08-13,1900,27.04745864868164,27.04745864868164,28.22343635559082,27.04745864868164,26.2015438079834
1997-08-12,2000,28.22343635559082,28.22343635559082,28.22343635559082,27.04745864868164,27.34074592590332
1997-08-11,5500,28.296815872192383,26.165475845336914,29.98740005493164,25.871482849121094,25.34714698791504
1997-08-08,1300,29.98740005493164,29.98740005493164,29.98740005493164,27.635446548461914,29.049535751342773
1997-08-07,3400,28.22343635559082,29.399412155151367,29.98740005493164,27.635446548461914,28.479942321777344
1997-08-06,4500,29.399412155151367,29.98740005493164,30.575387954711914,28.22343635559082,29.049535751342773
1997-08-05,3200,31.751365661621094,32.04536056518555,32.04536056518555,29.399412155151367,31.04313850402832
1997-08-04,2500,30.575387954711914,31.751365661621094,31.751365661621094,29.399412155151367,30.758337020874023
1997-08-01,3100,31.751365661621094,31.163375854492188,31.751365661621094,29.399412155151367,30.188739776611328
1997-07-31,1400,30.575387954711914,32.339351654052734,32.339351654052734,29.98740005493164,31.32793617248535
1997-07-30,2800,31.751365661621094,31.751365661621094,32.92734146118164,30.575387954711914,30.758337020874023
1997-07-29,3100,32.339351654052734,32.92734146118164,32.92734146118164,31.751365661621094,31.89754295349121
1997-07-28,1300,31.824745178222656,32.92734146118164,32.92734146118164,31.751365661621094,31.89754295349121
1997-07-25,12200,30.575387954711914,32.92734146118164,32.92734146118164,29.399412155151367,31.89754295349121
1997-07-24,9900,29.98740005493164,30.575387954711914,30.575387954711914,29.399412155151367,29.6191349029541
1997-07-23,1900,29.399412155151367,29.98740005493164,29.98740005493164,28.22343635559082,29.049535751342773
1997-07-22,2600,30.575387954711914,29.98740005493164,31.163375854492188,28.51742935180664,29.049535751342773
1997-07-21,12500,25.871482849121094,30.575387954711914,31.163375854492188,25.871482849121094,29.6191349029541
1997-07-18,4900,27.04745864868164,27.635446548461914,28.22343635559082,25.871482849121094,26.771146774291992
1997-07-17,7600,29.98740005493164,28.811424255371094,30.575387954711914,27.04745864868164,27.910341262817383
1997-07-16,1900,29.98740005493164,29.98740005493164,29.98740005493164,27.635446548461914,29.049535751342773
1997-07-15,2400,27.635446548461914,29.98740005493164,30.575387954711914,27.635446548461914,29.049535751342773
1997-07-14,1000,29.399412155151367,29.399412155151367,29.399412155151367,27.635446548461914,28.479942321777344
1997-07-11,2800,29.399412155151367,29.399412155151367,29.399412155151367,27.635446548461914,28.479942321777344
1997-07-10,1200,28.811424255371094,29.399412155151367,29.98740005493164,28.22343635559082,28.479942321777344
1997-07-09,4100,29.399412155151367,29.98740005493164,29.98740005493164,28.22343635559082,29.049535751342773
1997-07-08,8000,28.811424255371094,29.399412155151367,29.399412155151367,28.22343635559082,28.479942321777344
1997-07-07,200,29.98740005493164,29.98740005493164,29.98740005493164,28.811424255371094,29.049535751342773
1997-07-03,600,28.811424255371094,29.98740005493164,29.98740005493164,28.811424255371094,29.049535751342773
1997-07-02,600,28.811424255371094,29.98740005493164,30.575387954711914,28.22343635559082,29.049535751342773
1997-07-01,2100,30.575387954711914,30.575387954711914,30.575387954711914,28.22343635559082,29.6191349029541
1997-06-30,1100,29.399412155151367,30.575387954711914,30.575387954711914,28.22343635559082,29.6191349029541
1997-06-27,4000,30.575387954711914,29.399412155151367,30.575387954711914,28.22343635559082,28.479942321777344
1997-06-26,300,29.399412155151367,30.575387954711914,30.575387954711914,29.399412155151367,29.6191349029541
1997-06-25,700,29.399412155151367,30.575387954711914,30.575387954711914,29.399412155151367,29.6191349029541
1997-06-24,2000,29.98740005493164,29.399412155151367,30.575387954711914,29.399412155151367,28.479942321777344
1997-06-23,1300,29.399412155151367,30.575387954711914,30.575387954711914,29.399412155151367,29.6191349029541
1997-06-20,1600,29.399412155151367,29.399412155151367,30.575387954711914,29.399412155151367,28.479942321777344
1997-06-19,3200,29.98740005493164,29.98740005493164,31.163375854492188,29.399412155151367,29.049535751342773
1997-06-18,500,29.98740005493164,30.575387954711914,30.575387954711914,29.98740005493164,29.6191349029541
1997-06-17,3700,31.163375854492188,30.575387954711914,31.163375854492188,29.98740005493164,29.6191349029541
1997-06-16,400,29.98740005493164,31.163375854492188,31.751365661621094,29.98740005493164,30.188739776611328
1997-06-13,6300,32.339351654052734,30.575387954711914,32.92734146118164,30.575387954711914,29.6191349029541
1997-06-12,6300,31.751365661621094,32.339351654052734,32.92734146118164,30.575387954711914,31.32793617248535
1997-06-11,2400,29.98740005493164,31.751365661621094,31.751365661621094,29.98740005493164,30.758337020874023
1997-06-10,500,28.811424255371094,28.811424255371094,29.399412155151367,28.811424255371094,27.910341262817383
1997-06-09,1300,28.811424255371094,28.811424255371094,30.575387954711914,28.811424255371094,27.910341262817383
1997-06-06,4800,29.98740005493164,29.98740005493164,31.751365661621094,28.811424255371094,29.049535751342773
1997-06-05,100,31.751365661621094,31.751365661621094,31.751365661621094,29.98740005493164,30.758337020874023
1997-06-04,900,30.575387954711914,31.751365661621094,31.751365661621094,29.399412155151367,30.758337020874023
1997-06-03,1800,31.163375854492188,31.751365661621094,31.751365661621094,29.98740005493164,30.758337020874023
1997-06-02,400,31.163375854492188,31.163375854492188,31.751365661621094,31.163375854492188,30.188739776611328
1997-05-30,1500,31.751365661621094,31.751365661621094,31.751365661621094,30.575387954711914,30.758337020874023
1997-05-29,5300,29.98740005493164,31.751365661621094,31.751365661621094,29.399412155151367,30.758337020874023
1997-05-28,2200,31.163375854492188,31.163375854492188,31.163375854492188,29.98740005493164,30.188739776611328
1997-05-27,7300,31.163375854492188,31.163375854492188,32.92734146118164,29.98740005493164,30.169422149658203
1997-05-23,1600,32.339351654052734,33.51533126831055,33.51533126831055,31.163375854492188,32.44636535644531
1997-05-22,2100,34.10331726074219,33.51533126831055,34.10331726074219,31.163375854492188,32.44636535644531
1997-05-21,2100,34.10331726074219,34.10331726074219,34.10331726074219,31.751365661621094,33.015602111816406
1997-05-20,600,31.163375854492188,34.10331726074219,34.10331726074219,31.163375854492188,33.015602111816406
1997-05-19,3400,31.163375854492188,34.10331726074219,34.10331726074219,31.163375854492188,33.015602111816406
1997-05-16,500,31.163375854492188,32.92734146118164,32.92734146118164,31.163375854492188,31.877134323120117
1997-05-15,8900,30.575387954711914,33.51533126831055,33.51533126831055,29.98740005493164,32.44636535644531
1997-05-14,17900,32.92734146118164,30.575387954711914,32.92734146118164,29.98740005493164,29.600183486938477
1997-05-13,2000,32.92734146118164,32.92734146118164,32.92734146118164,32.339351654052734,31.877134323120117
1997-05-12,2600,31.163375854492188,32.339351654052734,33.51533126831055,31.163375854492188,31.307891845703125
1997-05-09,3200,32.339351654052734,32.92734146118164,33.51533126831055,31.163375854492188,31.877134323120117
1997-05-08,4100,34.691307067871094,33.51533126831055,34.691307067871094,31.751365661621094,32.44636535644531
1997-05-07,1900,33.51533126831055,34.691307067871094,34.691307067871094,32.339351654052734,33.584835052490234
1997-05-06,4900,32.339351654052734,33.51533126831055,33.51533126831055,32.339351654052734,32.44636535644531
1997-05-05,6900,35.279293060302734,33.51533126831055,35.279293060302734,32.339351654052734,32.44636535644531
1997-05-02,13400,38.219234466552734,35.279293060302734,38.219234466552734,34.10331726074219,34.15406799316406
1997-05-01,14100,38.80722427368164,38.219234466552734,39.98320007324219,36.45527267456055,37.00022506713867
1997-04-30,13800,37.631248474121094,38.80722427368164,40.571189880371094,37.631248474121094,37.56947708129883
1997-04-29,8600,37.92524337768555,39.101219177246094,39.101219177246094,37.04325866699219,37.854087829589844
1997-04-28,1300,37.631248474121094,37.92524337768555,38.219234466552734,36.45527267456055,36.71561813354492
1997-04-25,2100,37.04325866699219,37.631248474121094,37.631248474121094,36.45527267456055,36.431007385253906
1997-04-24,5300,36.45527267456055,37.33725357055664,37.631248474121094,35.86728286743164,36.14638900756836
1997-04-23,7600,37.631248474121094,35.86728286743164,38.219234466552734,35.86728286743164,34.72330093383789
1997-04-22,10900,36.45527267456055,37.631248474121094,37.631248474121094,35.279293060302734,36.431007385253906
1997-04-21,5100,35.279293060302734,36.45527267456055,36.45527267456055,34.10331726074219,35.29252624511719
1997-04-18,2800,34.10331726074219,35.279293060302734,35.279293060302734,32.92734146118164,34.15406799316406
1997-04-17,5000,32.92734146118164,34.10331726074219,35.279293060302734,32.92734146118164,33.015602111816406
1997-04-16,2000,34.10331726074219,35.279293060302734,35.279293060302734,32.92734146118164,34.15406799316406
1997-04-15,8200,34.10331726074219,33.51533126831055,35.279293060302734,32.92734146118164,32.44636535644531
1997-04-14,6200,32.92734146118164,34.10331726074219,35.279293060302734,31.751365661621094,33.015602111816406
1997-04-11,3700,32.92734146118164,32.339351654052734,34.10331726074219,31.751365661621094,31.307891845703125
1997-04-10,3000,32.339351654052734,32.92734146118164,32.92734146118164,31.751365661621094,31.877134323120117
1997-04-09,2800,33.51533126831055,32.92734146118164,34.10331726074219,32.339351654052734,31.877134323120117
1997-04-08,4400,32.339351654052734,33.51533126831055,33.51533126831055,29.98740005493164,32.44636535644531
1997-04-07,2500,32.92734146118164,32.339351654052734,32.92734146118164,29.98740005493164,31.307891845703125
1997-04-04,600,30.575387954711914,32.92734146118164,32.92734146118164,30.575387954711914,31.877134323120117
1997-04-03,2000,29.399412155151367,33.51533126831055,33.51533126831055,29.399412155151367,32.44636535644531
1997-04-02,2500,30.575387954711914,31.163375854492188,32.339351654052734,29.399412155151367,30.169422149658203
1997-04-01,1100,32.92734146118164,32.92734146118164,32.92734146118164,30.575387954711914,31.877134323120117
1997-03-31,1400,29.399412155151367,31.751365661621094,31.751365661621094,29.399412155151367,30.738656997680664
1997-03-27,2500,31.751365661621094,31.751365661621094,32.339351654052734,29.399412155151367,30.738656997680664
1997-03-26,2000,33.51533126831055,32.92734146118164,33.51533126831055,31.751365661621094,31.877134323120117
1997-03-25,700,32.339351654052734,31.751365661621094,32.92734146118164,31.751365661621094,30.738656997680664
1997-03-24,4100,32.92734146118164,33.51533126831055,34.10331726074219,32.92734146118164,32.44636535644531
1997-03-21,900,33.51533126831055,32.92734146118164,34.10331726074219,32.92734146118164,31.877134323120117
1997-03-20,2100,32.92734146118164,32.92734146118164,34.10331726074219,32.92734146118164,31.877134323120117
1997-03-19,11500,35.72005081176758,32.92734146118164,35.72005081176758,32.92734146118164,31.877134323120117
1997-03-18,5100,35.72005081176758,35.72005081176758,35.72005081176758,34.691307067871094,34.58076477050781
1997-03-17,4500,35.57328796386719,35.279293060302734,35.72005081176758,33.221336364746094,34.15406799316406
1997-03-14,3700,35.279293060302734,33.51533126831055,35.72005081176758,33.51533126831055,32.44636535644531
1997-03-13,1800,33.51533126831055,34.10331726074219,35.86728286743164,33.51533126831055,33.015602111816406
1997-03-12,6900,34.691307067871094,34.691307067871094,35.86728286743164,33.51533126831055,33.584835052490234
1997-03-11,20100,32.339351654052734,34.10331726074219,35.86728286743164,31.751365661621094,33.015602111816406
1997-03-10,10300,31.751365661621094,32.92734146118164,34.10331726074219,29.98740005493164,31.877134323120117
1997-03-07,10300,29.399412155151367,29.98740005493164,31.751365661621094,27.635446548461914,29.030948638916016
1997-03-06,1600,28.22343635559082,28.811424255371094,29.399412155151367,28.22343635559082,27.892484664916992
1997-03-05,1400,29.399412155151367,28.22343635559082,29.98740005493164,27.635446548461914,27.323251724243164
1997-03-04,1600,27.635446548461914,28.22343635559082,29.98740005493164,27.635446548461914,27.323251724243164
1997-03-03,2300,29.399412155151367,29.98740005493164,29.98740005493164,27.04745864868164,29.030948638916016
1997-02-28,2600,28.811424255371094,28.22343635559082,29.98740005493164,27.04745864868164,27.323251724243164
1997-02-27,2000,28.811424255371094,28.811424255371094,28.811424255371094,27.635446548461914,27.892484664916992
1997-02-26,1700,27.635446548461914,28.22343635559082,28.811424255371094,27.04745864868164,27.323251724243164
1997-02-25,3900,27.635446548461914,27.635446548461914,29.399412155151367,27.635446548461914,26.754016876220703
1997-02-24,2700,28.811424255371094,29.399412155151367,30.575387954711914,27.635446548461914,28.461719512939453
1997-02-21,1800,28.811424255371094,30.575387954711914,30.575387954711914,28.811424255371094,29.600183486938477
1997-02-20,1000,31.751365661621094,28.811424255371094,31.751365661621094,28.811424255371094,27.892484664916992
1997-02-19,700,30.575387954711914,29.399412155151367,32.339351654052734,29.399412155151367,28.461719512939453
1997-02-18,1800,29.399412155151367,29.399412155151367,32.339351654052734,29.399412155151367,28.461719512939453
1997-02-14,1600,29.399412155151367,32.339351654052734,32.339351654052734,29.399412155151367,31.307891845703125
1997-02-13,1800,32.92734146118164,32.339351654052734,32.92734146118164,29.399412155151367,31.307891845703125
1997-02-12,2000,29.399412155151367,30.575387954711914,32.92734146118164,29.399412155151367,29.600183486938477
1997-02-11,10100,27.795806884765625,28.864877700805664,31.003015518188477,27.795806884765625,27.935441970825195
1997-02-10,4700,29.93394660949707,29.93394660949707,29.93394660949707,27.795806884765625,28.9700870513916
1997-02-07,2800,29.93394660949707,29.93394660949707,29.93394660949707,28.33034324645996,28.9700870513916
1997-02-06,3200,29.399412155151367,29.399412155151367,29.399412155151367,27.795806884765625,28.45276641845703
1997-02-05,10400,29.399412155151367,28.33034324645996,30.468481063842773,28.33034324645996,27.418127059936523
1997-02-04,5800,28.33034324645996,29.399412155151367,29.399412155151367,27.261272430419922,28.45276641845703
1997-02-03,4000,27.261272430419922,28.33034324645996,29.399412155151367,27.261272430419922,27.418127059936523
1997-01-31,3100,26.72673797607422,27.795806884765625,28.530471801757812,26.72673797607422,26.90079689025879
1997-01-30,1900,27.795806884765625,28.33034324645996,28.33034324645996,26.72673797607422,27.418127059936523
1997-01-29,3800,28.33034324645996,26.72673797607422,28.33034324645996,26.192203521728516,25.866147994995117
1997-01-28,4300,27.261272430419922,26.65960121154785,28.33034324645996,26.192203521728516,25.801179885864258
1997-01-27,1800,28.864877700805664,27.795806884765625,28.864877700805664,27.261272430419922,26.90079689025879
1997-01-24,500,27.261272430419922,27.261272430419922,27.261272430419922,27.261272430419922,26.38347625732422
1997-01-23,2900,27.261272430419922,27.261272430419922,28.33034324645996,27.261272430419922,26.38347625732422
1997-01-22,2400,28.33034324645996,28.33034324645996,29.93394660949707,27.261272430419922,27.418127059936523
1997-01-21,1900,28.864877700805664,28.33034324645996,29.399412155151367,27.261272430419922,27.418127059936523
1997-01-20,4200,29.93394660949707,28.33034324645996,30.468481063842773,27.795806884765625,27.418127059936523
1997-01-17,5500,29.132144927978516,29.132144927978516,30.468481063842773,29.132144927978516,28.19410514831543
1997-01-16,7600,27.261272430419922,30.468481063842773,30.468481063842773,27.261272430419922,29.487415313720703
1997-01-15,7100,28.33034324645996,27.261272430419922,28.33034324645996,27.261272430419922,26.38347625732422
1997-01-14,4000,26.72673797607422,28.33034324645996,28.33034324645996,26.72673797607422,27.418127059936523
1997-01-13,3600,26.192203521728516,26.72673797607422,27.261272430419922,26.192203521728516,25.866147994995117
1997-01-10,2600,25.12313461303711,27.261272430419922,27.261272430419922,25.12313461303711,26.38347625732422
1997-01-09,2600,27.261272430419922,27.795806884765625,27.795806884765625,25.657669067382812,26.90079689025879
1997-01-08,1700,27.261272430419922,27.261272430419922,28.33034324645996,27.261272430419922,26.38347625732422
1997-01-07,1000,27.261272430419922,28.33034324645996,28.33034324645996,27.261272430419922,27.418127059936523
1997-01-06,1700,27.261272430419922,27.795806884765625,28.33034324645996,27.261272430419922,26.90079689025879
1997-01-03,2800,27.261272430419922,27.795806884765625,27.795806884765625,26.72673797607422,26.90079689025879
1997-01-02,2100,26.192203521728516,27.261272430419922,27.261272430419922,26.192203521728516,26.38347625732422
1996-12-31,6400,24.588598251342773,26.72673797607422,26.72673797607422,24.588598251342773,25.866147994995117
1996-12-30,3800,26.72673797607422,26.192203521728516,27.261272430419922,24.588598251342773,25.348833084106445
1996-12-27,3800,27.261272430419922,26.72673797607422,27.261272430419922,26.192203521728516,25.866147994995117
1996-12-26,700,26.192203521728516,27.261272430419922,27.795806884765625,26.192203521728516,26.38347625732422
1996-12-24,700,25.657669067382812,27.795806884765625,27.795806884765625,25.657669067382812,26.90079689025879
1996-12-23,2500,25.657669067382812,25.657669067382812,27.795806884765625,25.657669067382812,24.831506729125977
1996-12-20,2100,25.12313461303711,25.657669067382812,27.795806884765625,25.12313461303711,24.831506729125977
1996-12-19,2400,25.12313461303711,25.12313461303711,27.261272430419922,25.12313461303711,24.31418800354004
1996-12-18,2000,27.261272430419922,27.261272430419922,27.261272430419922,25.12313461303711,26.38347625732422
1996-12-17,2400,26.192203521728516,27.261272430419922,27.261272430419922,25.12313461303711,26.38347625732422
1996-12-16,2800,26.72673797607422,27.261272430419922,27.795806884765625,26.192203521728516,26.38347625732422
1996-12-13,1700,26.72673797607422,28.33034324645996,28.33034324645996,26.72673797607422,27.418127059936523
1996-12-12,1000,26.72673797607422,28.33034324645996,28.33034324645996,26.72673797607422,27.418127059936523
1996-12-11,2300,26.192203521728516,27.261272430419922,28.33034324645996,26.192203521728516,26.38347625732422
1996-12-10,2500,25.12313461303711,26.72673797607422,28.33034324645996,25.12313461303711,25.866147994995117
1996-12-09,4000,25.657669067382812,28.33034324645996,28.33034324645996,25.12313461303711,27.418127059936523
1996-12-06,4000,26.72673797607422,26.72673797607422,28.33034324645996,26.192203521728516,25.866147994995117
1996-12-05,5300,27.261272430419922,26.72673797607422,28.33034324645996,26.72673797607422,25.866147994995117
1996-12-04,1700,28.864877700805664,28.33034324645996,28.864877700805664,27.261272430419922,27.418127059936523
1996-12-03,3300,27.261272430419922,28.864877700805664,29.399412155151367,27.261272430419922,27.935441970825195
1996-12-02,2600,27.261272430419922,29.399412155151367,29.399412155151367,27.261272430419922,28.45276641845703
1996-11-29,1000,29.93394660949707,28.33034324645996,29.93394660949707,27.795806884765625,27.418127059936523
1996-11-27,1700,29.93394660949707,27.795806884765625,29.93394660949707,27.795806884765625,26.90079689025879
1996-11-26,4500,29.399412155151367,28.864877700805664,31.003015518188477,28.33034324645996,27.935441970825195
1996-11-25,6200,29.399412155151367,29.399412155151367,29.93394660949707,29.399412155151367,28.45276641845703
1996-11-22,2300,28.864877700805664,29.399412155151367,31.003015518188477,28.864877700805664,28.45276641845703
1996-11-21,1800,31.003015518188477,29.399412155151367,31.003015518188477,28.864877700805664,28.45276641845703
1996-11-20,4500,31.537551879882812,29.399412155151367,31.537551879882812,28.33034324645996,28.45276641845703
1996-11-19,1600,31.537551879882812,30.468481063842773,31.537551879882812,30.468481063842773,29.47299575805664
1996-11-18,10000,35.279293060302734,31.003015518188477,35.279293060302734,30.468481063842773,29.99006462097168
1996-11-15,4900,33.675689697265625,34.21022415161133,35.279293060302734,32.072086334228516,33.092491149902344
1996-11-14,5200,36.348365783691406,32.072086334228516,36.348365783691406,32.072086334228516,31.024202346801758
1996-11-13,17000,34.21022415161133,35.81382751464844,36.348365783691406,32.072086334228516,34.64369583129883
1996-11-12,29500,27.795806884765625,32.072086334228516,32.60662078857422,26.72673797607422,31.024202346801758
1996-11-11,51900,31.537551879882812,27.261272430419922,32.072086334228516,25.12313461303711,26.370567321777344
1996-11-08,26000,34.21022415161133,32.072086334228516,34.21022415161133,31.003015518188477,31.024202346801758
1996-11-07,10400,37.41743469238281,33.675689697265625,37.41743469238281,33.14115524291992,32.57540512084961
1996-11-06,5000,39.02103805541992,35.81382751464844,39.02103805541992,35.81382751464844,34.64369583129883
1996-11-05,7700,37.41743469238281,37.951969146728516,39.02103805541992,36.348365783691406,36.711971282958984
1996-11-04,10900,34.74475860595703,36.88290023803711,37.41743469238281,33.675689697265625,35.67784118652344
1996-11-01,9100,35.81382751464844,35.81382751464844,36.348365783691406,34.21022415161133,34.64369583129883
1996-10-31,14000,32.60662078857422,35.81382751464844,36.348365783691406,32.60662078857422,34.64369583129883
1996-10-30,48000,38.48650360107422,33.14115524291992,38.48650360107422,32.072086334228516,32.0583381652832
1996-10-29,138300,50.24626922607422,34.74475860595703,50.24626922607422,32.339351654052734,33.60955047607422
1996-10-28,67000,49.17719650268555,49.711734771728516,52.38440704345703,48.10812759399414,48.087528228759766
1996-10-25,52300,47.039058685302734,47.039058685302734,47.57359313964844,45.96998977661133,45.50216293334961
1996-10-24,52100,46.50452423095703,46.50452423095703,47.039058685302734,44.90092086791992,44.9850959777832
1996-10-23,43100,45.96998977661133,45.435455322265625,48.10812759399414,44.36638641357422,43.950950622558594
1996-10-22,55700,46.50452423095703,45.16818618774414,47.039058685302734,43.29731750488281,43.69240951538086
1996-10-21,88900,43.29731750488281,46.50452423095703,48.642662048339844,42.22824478149414,44.9850959777832
1996-10-18,76900,41.159175872802734,42.762779235839844,45.96998977661133,40.62464141845703,41.36560821533203
1996-10-17,25000,35.81382751464844,40.62464141845703,40.62464141845703,35.81382751464844,39.29731369018555
1996-10-16,22200,34.21022415161133,35.81382751464844,36.348365783691406,34.21022415161133,34.64369583129883
1996-10-15,33000,34.21022415161133,34.21022415161133,35.81382751464844,33.14115524291992,33.092491149902344
1996-10-14,10200,34.21022415161133,34.21022415161133,34.21022415161133,33.14115524291992,33.092491149902344
1996-10-11,5700,33.675689697265625,33.14115524291992,34.21022415161133,32.60662078857422,32.0583381652832
1996-10-10,7500,32.60662078857422,33.675689697265625,33.675689697265625,32.60662078857422,32.57540512084961
1996-10-09,20400,31.537551879882812,33.14115524291992,34.21022415161133,31.537551879882812,32.0583381652832
1996-10-08,1500,31.537551879882812,32.072086334228516,32.60662078857422,31.537551879882812,31.024202346801758
1996-10-07,11000,32.60662078857422,31.804819107055664,32.60662078857422,31.537551879882812,30.765666961669922
1996-10-04,8400,31.003015518188477,32.60662078857422,32.60662078857422,31.003015518188477,31.541278839111328
1996-10-03,3600,32.60662078857422,32.60662078857422,32.60662078857422,31.003015518188477,31.541278839111328
1996-10-02,2500,31.537551879882812,31.003015518188477,32.60662078857422,31.003015518188477,29.99006462097168
1996-10-01,14900,33.675689697265625,31.003015518188477,33.675689697265625,30.468481063842773,29.99006462097168
1996-09-30,16800,33.14115524291992,33.675689697265625,34.74475860595703,32.072086334228516,32.57540512084961
1996-09-27,11600,32.60662078857422,31.537551879882812,33.14115524291992,30.468481063842773,30.50713539123535
1996-09-26,8300,29.93394660949707,32.072086334228516,32.60662078857422,29.93394660949707,31.024202346801758
1996-09-25,16100,31.537551879882812,31.003015518188477,33.14115524291992,29.399412155151367,29.99006462097168
1996-09-24,13000,27.795806884765625,31.003015518188477,31.003015518188477,27.795806884765625,29.99006462097168
1996-09-23,22400,25.657669067382812,27.795806884765625,28.864877700805664,25.657669067382812,26.88764190673828
1996-09-20,13500,25.12313461303711,25.657669067382812,26.192203521728516,24.588598251342773,24.819360733032227
1996-09-19,8800,26.72673797607422,25.657669067382812,26.72673797607422,24.588598251342773,24.819360733032227
1996-09-18,15600,26.72673797607422,26.72673797607422,26.72673797607422,24.588598251342773,25.85350227355957
1996-09-17,16800,24.588598251342773,26.192203521728516,26.72673797607422,24.588598251342773,25.336429595947266
1996-09-16,38800,33.14115524291992,25.657669067382812,33.14115524291992,23.519529342651367,24.819360733032227
1996-09-13,13300,31.537551879882812,33.14115524291992,34.21022415161133,31.003015518188477,32.0583381652832
1996-09-12,21200,33.675689697265625,34.21022415161133,34.74475860595703,31.537551879882812,33.092491149902344
1996-09-11,17400,32.072086334228516,34.74475860595703,35.279293060302734,32.072086334228516,33.60955047607422
1996-09-10,36100,34.21022415161133,32.072086334228516,36.348365783691406,32.072086334228516,31.024202346801758
1996-09-09,59100,31.003015518188477,34.21022415161133,36.348365783691406,29.93394660949707,33.092491149902344
1996-09-06,32900,32.072086334228516,31.003015518188477,32.60662078857422,25.657669067382812,29.99006462097168
1996-09-05,18100,24.588598251342773,27.795806884765625,28.864877700805664,24.05406379699707,26.88764190673828
1996-09-04,9400,23.519529342651367,23.519529342651367,24.588598251342773,22.984994888305664,22.751081466674805
1996-09-03,9500,22.984994888305664,23.519529342651367,23.519529342651367,22.984994888305664,22.751081466674805
1996-08-30,6900,22.984994888305664,22.984994888305664,22.984994888305664,22.18319320678711,22.23401641845703
1996-08-29,3900,22.45046043395996,22.984994888305664,22.984994888305664,21.915925979614258,22.23401641845703
1996-08-28,4500,21.648658752441406,22.45046043395996,22.45046043395996,21.648658752441406,21.716941833496094
1996-08-27,3700,22.717727661132812,22.18319320678711,22.984994888305664,21.915925979614258,21.458406448364258
1996-08-26,7200,22.45046043395996,22.45046043395996,22.45046043395996,21.915925979614258,21.716941833496094
1996-08-23,3800,22.45046043395996,22.45046043395996,22.45046043395996,21.381389617919922,21.716941833496094
1996-08-22,4700,22.45046043395996,22.45046043395996,22.45046043395996,21.648658752441406,21.716941833496094
1996-08-21,11600,22.45046043395996,21.915925979614258,22.984994888305664,21.11412239074707,21.199872970581055
1996-08-20,16900,18.708717346191406,22.45046043395996,22.984994888305664,18.174182891845703,21.716941833496094
1996-08-19,6700,20.84685516357422,19.51051902770996,20.84685516357422,19.24325180053711,18.87305450439453
1996-08-16,6900,19.777786254882812,20.84685516357422,20.84685516357422,19.777786254882812,20.165729522705078
1996-08-15,15800,18.708717346191406,19.777786254882812,19.777786254882812,18.174182891845703,19.131587982177734
1996-08-14,8700,18.975984573364258,18.708717346191406,18.975984573364258,17.639646530151367,18.09745216369629
1996-08-13,19500,17.105112075805664,18.174182891845703,19.24325180053711,17.105112075805664,17.580385208129883
1996-08-12,3800,17.105112075805664,17.639646530151367,17.639646530151367,16.57057762145996,17.06330680847168
1996-08-09,3600,16.837844848632812,17.105112075805664,17.105112075805664,16.57057762145996,16.546245574951172
1996-08-08,3600,16.57057762145996,16.837844848632812,16.837844848632812,16.036043167114258,16.287702560424805
1996-08-07,3400,16.036043167114258,16.57057762145996,16.57057762145996,16.036043167114258,16.0291690826416
1996-08-06,2300,15.501507759094238,15.501507759094238,16.036043167114258,15.501507759094238,14.99503231048584
1996-08-05,1000,14.966973304748535,14.966973304748535,15.501507759094238,14.699706077575684,14.477960586547852
1996-08-02,2000,15.234240531921387,14.966973304748535,15.234240531921387,14.966973304748535,14.477960586547852
1996-08-01,4100,15.501507759094238,15.234240531921387,15.501507759094238,13.897903442382812,14.73649787902832
1996-07-31,3800,14.432438850402832,14.966973304748535,14.966973304748535,13.897903442382812,14.477960586547852
1996-07-30,900,14.432438850402832,13.897903442382812,14.966973304748535,13.897903442382812,13.44382095336914
1996-07-29,2300,12.828834533691406,13.897903442382812,13.897903442382812,12.828834533691406,13.44382095336914
1996-07-26,1000,13.630636215209961,13.096101760864258,13.630636215209961,13.096101760864258,12.668214797973633
1996-07-25,1200,13.36336898803711,12.828834533691406,13.36336898803711,12.828834533691406,12.409680366516113
1996-07-24,1400,13.897903442382812,13.36336898803711,13.897903442382812,13.36336898803711,12.926751136779785
1996-07-23,700,14.432438850402832,13.897903442382812,14.432438850402832,13.897903442382812,13.44382095336914
1996-07-22,1400,13.36336898803711,13.36336898803711,13.897903442382812,13.36336898803711,12.926751136779785
1996-07-19,0,13.897903442382812,13.897903442382812,13.897903442382812,13.897903442382812,13.44382095336914
1996-07-18,1300,13.897903442382812,13.897903442382812,13.897903442382812,13.897903442382812,13.44382095336914
1996-07-17,2000,15.768775939941406,14.966973304748535,15.768775939941406,14.966973304748535,14.477960586547852
1996-07-16,1500,14.966973304748535,15.501507759094238,15.768775939941406,14.966973304748535,14.99503231048584
1996-07-15,700,14.966973304748535,15.501507759094238,15.501507759094238,14.966973304748535,14.99503231048584
1996-07-12,2000,15.501507759094238,15.234240531921387,16.036043167114258,15.234240531921387,14.73649787902832
1996-07-11,2000,15.501507759094238,14.966973304748535,15.768775939941406,14.966973304748535,14.477960586547852
1996-07-10,1000,14.966973304748535,14.432438850402832,14.966973304748535,14.432438850402832,13.960890769958496
1996-07-09,200,15.234240531921387,15.501507759094238,15.768775939941406,15.234240531921387,14.99503231048584
1996-07-08,2000,16.036043167114258,15.501507759094238,16.57057762145996,14.966973304748535,14.99503231048584
1996-07-05,400,15.501507759094238,15.768775939941406,15.768775939941406,15.501507759094238,15.253567695617676
1996-07-03,1100,16.036043167114258,16.036043167114258,16.036043167114258,15.768775939941406,15.512101173400879
1996-07-02,300,16.57057762145996,16.036043167114258,16.57057762145996,16.036043167114258,15.512101173400879
1996-07-01,1200,16.30331039428711,16.57057762145996,16.57057762145996,15.501507759094238,16.0291690826416
1996-06-28,700,16.036043167114258,16.036043167114258,16.036043167114258,16.036043167114258,15.512101173400879
1996-06-27,1200,16.036043167114258,16.036043167114258,16.036043167114258,16.036043167114258,15.512101173400879
1996-06-26,800,16.30331039428711,16.30331039428711,16.57057762145996,16.036043167114258,15.770639419555664
1996-06-25,2800,17.105112075805664,16.57057762145996,17.105112075805664,15.501507759094238,16.0291690826416
1996-06-24,1900,17.105112075805664,17.105112075805664,17.639646530151367,16.57057762145996,16.546245574951172
1996-06-21,7700,17.105112075805664,16.57057762145996,17.105112075805664,16.036043167114258,16.0291690826416
1996-06-20,2900,17.105112075805664,16.57057762145996,17.105112075805664,16.30331039428711,16.0291690826416
1996-06-19,5400,17.105112075805664,16.57057762145996,17.105112075805664,16.57057762145996,16.0291690826416
1996-06-18,11600,16.57057762145996,17.639646530151367,18.174182891845703,16.30331039428711,17.06330680847168
1996-06-17,2700,16.57057762145996,16.036043167114258,16.57057762145996,15.768775939941406,15.512101173400879
1996-06-14,5600,17.105112075805664,16.57057762145996,17.105112075805664,16.30331039428711,16.0291690826416
1996-06-13,19300,16.036043167114258,17.105112075805664,17.105112075805664,16.036043167114258,16.546245574951172
1996-06-12,4200,16.036043167114258,16.30331039428711,16.30331039428711,15.501507759094238,15.770639419555664
1996-06-11,18000,14.966973304748535,16.57057762145996,16.837844848632812,14.966973304748535,16.0291690826416
1996-06-10,10000,13.36336898803711,14.966973304748535,14.966973304748535,13.36336898803711,14.477960586547852
1996-06-07,4400,12.828834533691406,13.36336898803711,13.897903442382812,12.828834533691406,12.926751136779785
1996-06-06,1900,13.36336898803711,12.828834533691406,13.36336898803711,12.828834533691406,12.409680366516113
1996-06-05,800,13.630636215209961,13.630636215209961,13.897903442382812,13.36336898803711,13.185283660888672
1996-06-04,3800,13.096101760864258,13.630636215209961,13.630636215209961,12.828834533691406,13.185283660888672
1996-06-03,2200,13.36336898803711,13.096101760864258,13.36336898803711,12.561567306518555,12.668214797973633
1996-05-31,800,13.36336898803711,13.897903442382812,14.432438850402832,13.36336898803711,13.44382095336914
1996-05-30,3200,12.828834533691406,13.36336898803711,13.36336898803711,12.294299125671387,12.926751136779785
1996-05-29,1400,11.759764671325684,12.828834533691406,12.828834533691406,11.759764671325684,12.409680366516113
1996-05-28,3100,12.828834533691406,12.027031898498535,12.828834533691406,12.027031898498535,11.634076118469238
1996-05-24,3500,12.828834533691406,13.36336898803711,13.36336898803711,12.561567306518555,12.926751136779785
1996-05-23,2200,14.16517162322998,12.828834533691406,14.16517162322998,12.828834533691406,12.409680366516113
1996-05-22,4500,13.36336898803711,14.16517162322998,14.16517162322998,13.36336898803711,13.702356338500977
1996-05-21,1300,14.16517162322998,13.630636215209961,14.699706077575684,13.630636215209961,13.185283660888672
1996-05-20,4700,14.432438850402832,14.699706077575684,14.966973304748535,14.16517162322998,14.219426155090332
1996-05-17,5300,13.36336898803711,14.16517162322998,14.432438850402832,13.36336898803711,13.702356338500977
1996-05-16,5000,13.897903442382812,13.36336898803711,13.897903442382812,13.36336898803711,12.926751136779785
1996-05-15,4900,13.36336898803711,14.16517162322998,14.432438850402832,13.36336898803711,13.702356338500977
1996-05-14,500,13.630636215209961,13.096101760864258,14.16517162322998,13.096101760864258,12.668214797973633
1996-05-13,4600,14.432438850402832,13.630636215209961,14.699706077575684,13.630636215209961,13.185283660888672
1996-05-10,3800,15.501507759094238,13.897903442382812,15.501507759094238,13.630636215209961,13.44382095336914
1996-05-09,9900,14.966973304748535,14.699706077575684,14.966973304748535,14.432438850402832,14.219426155090332
1996-05-08,4700,13.36336898803711,14.966973304748535,14.966973304748535,13.36336898803711,14.477960586547852
1996-05-07,3500,13.630636215209961,13.897903442382812,13.897903442382812,13.36336898803711,13.44382095336914
1996-05-06,5000,14.432438850402832,13.630636215209961,14.432438850402832,13.36336898803711,13.185283660888672
1996-05-03,7200,13.630636215209961,13.897903442382812,13.897903442382812,13.36336898803711,13.44382095336914
1996-05-02,6900,13.630636215209961,13.897903442382812,13.897903442382812,13.36336898803711,13.44382095336914
1996-05-01,3300,13.897903442382812,14.16517162322998,14.16517162322998,13.630636215209961,13.702356338500977
1996-04-30,7300,13.897903442382812,13.36336898803711,13.897903442382812,13.36336898803711,12.926751136779785
1996-04-29,3900,12.828834533691406,14.432438850402832,14.432438850402832,12.828834533691406,13.960890769958496
1996-04-26,5200,12.828834533691406,13.36336898803711,13.36336898803711,12.561567306518555,12.926751136779785
1996-04-25,1100,12.828834533691406,12.561567306518555,12.828834533691406,12.294299125671387,12.151148796081543
1996-04-24,1600,12.828834533691406,12.828834533691406,13.36336898803711,12.294299125671387,12.409680366516113
1996-04-23,3200,12.561567306518555,12.828834533691406,13.096101760864258,12.561567306518555,12.401412010192871
1996-04-22,2200,13.096101760864258,12.828834533691406,13.096101760864258,12.561567306518555,12.401412010192871
1996-04-19,3900,13.36336898803711,12.828834533691406,13.36336898803711,12.828834533691406,12.401412010192871
1996-04-18,8700,14.16517162322998,13.096101760864258,15.234240531921387,13.096101760864258,12.659771919250488
1996-04-17,13300,16.036043167114258,14.699706077575684,16.837844848632812,14.16517162322998,14.209949493408203
1996-04-16,25000,13.897903442382812,16.036043167114258,17.105112075805664,13.897903442382812,15.501762390136719
1996-04-15,21900,12.027031898498535,13.897903442382812,14.432438850402832,12.027031898498535,13.43486213684082
1996-04-12,30500,11.759764671325684,11.759764671325684,12.027031898498535,11.492497444152832,11.367959976196289
1996-04-11,9500,11.759764671325684,11.492497444152832,11.759764671325684,11.22523021697998,11.109597206115723
1996-04-10,21500,9.888893127441406,11.22523021697998,11.22523021697998,9.888893127441406,10.851236343383789
1996-04-09,2800,9.354358673095703,10.156160354614258,10.156160354614258,9.354358673095703,9.817781448364258
1996-04-08,13800,9.621625900268555,9.354358673095703,10.156160354614258,9.354358673095703,9.042695999145508
1996-04-04,24000,9.354358673095703,9.354358673095703,10.156160354614258,8.552556037902832,9.042695999145508
1996-04-03,5800,8.819823265075684,9.354358673095703,9.354358673095703,8.819823265075684,9.042695999145508
1996-04-02,1200,8.552556037902832,8.018021583557129,8.552556037902832,8.018021583557129,7.750881195068359
1996-04-01,1500,8.552556037902832,8.552556037902832,8.552556037902832,8.552556037902832,8.267608642578125
1996-03-29,1900,8.28528881072998,8.552556037902832,8.552556037902832,8.018021583557129,8.267608642578125
1996-03-28,1400,8.552556037902832,8.28528881072998,9.087091445922852,8.28528881072998,8.00924301147461
1996-03-27,100,8.552556037902832,8.552556037902832,8.552556037902832,8.552556037902832,8.267608642578125
1996-03-26,1300,8.28528881072998,8.819823265075684,8.819823265075684,8.28528881072998,8.525967597961426
1996-03-25,2000,8.018021583557129,8.28528881072998,8.552556037902832,8.018021583557129,8.00924301147461
1996-03-22,1400,8.28528881072998,8.552556037902832,8.552556037902832,8.28528881072998,8.267608642578125
1996-03-21,3900,7.750753879547119,8.819823265075684,9.087091445922852,7.750753879547119,8.525967597961426
1996-03-20,2800,8.018021583557129,7.750753879547119,8.018021583557129,7.750753879547119,7.492518901824951
1996-03-19,1400,8.018021583557129,8.552556037902832,8.552556037902832,8.018021583557129,8.267608642578125
1996-03-18,200,8.018021583557129,8.018021583557129,8.018021583557129,8.018021583557129,7.750881195068359
1996-03-15,1700,8.018021583557129,8.018021583557129,8.018021583557129,8.018021583557129,7.750881195068359
1996-03-14,800,8.28528881072998,8.28528881072998,8.28528881072998,8.28528881072998,8.00924301147461
1996-03-13,800,8.28528881072998,8.28528881072998,8.552556037902832,8.28528881072998,8.00924301147461
1996-03-12,100,8.28528881072998,8.28528881072998,8.28528881072998,8.28528881072998,8.00924301147461
1996-03-11,200,8.28528881072998,8.552556037902832,8.552556037902832,8.018021583557129,8.267608642578125
1996-03-08,200,8.28528881072998,8.28528881072998,8.28528881072998,8.28528881072998,8.00924301147461
1996-03-07,1000,8.552556037902832,8.552556037902832,8.552556037902832,8.552556037902832,8.267608642578125
1996-03-06,4700,8.552556037902832,8.552556037902832,9.087091445922852,8.552556037902832,8.267608642578125
1996-03-05,2600,8.552556037902832,8.819823265075684,9.087091445922852,8.552556037902832,8.525967597961426
1996-03-04,1600,8.819823265075684,8.552556037902832,8.819823265075684,8.28528881072998,8.267608642578125
1996-03-01,400,8.28528881072998,8.552556037902832,8.552556037902832,8.28528881072998,8.267608642578125
1996-02-29,800,8.552556037902832,8.28528881072998,8.552556037902832,8.28528881072998,8.00924301147461
1996-02-28,1500,8.018021583557129,8.28528881072998,8.28528881072998,8.018021583557129,8.00924301147461
1996-02-27,1600,8.819823265075684,8.552556037902832,8.819823265075684,8.018021583557129,8.267608642578125
1996-02-26,1300,8.28528881072998,8.552556037902832,8.552556037902832,8.28528881072998,8.267608642578125
1996-02-23,600,8.018021583557129,8.28528881072998,8.552556037902832,7.750753879547119,8.00924301147461
1996-02-22,2200,8.28528881072998,7.750753879547119,8.28528881072998,7.750753879547119,7.492518901824951
1996-02-21,600,8.28528881072998,8.28528881072998,8.28528881072998,8.28528881072998,8.00924301147461
1996-02-20,700,8.28528881072998,8.28528881072998,8.28528881072998,8.28528881072998,8.00924301147461
1996-02-16,3000,8.28528881072998,8.819823265075684,8.819823265075684,7.750753879547119,8.525967597961426
1996-02-15,2500,6.948951721191406,7.483486652374268,7.483486652374268,6.948951721191406,7.234156608581543
1996-02-14,1600,8.28528881072998,7.750753879547119,8.28528881072998,7.483486652374268,7.492518901824951
1996-02-13,1900,8.552556037902832,8.28528881072998,8.552556037902832,8.018021583557129,8.00924301147461
1996-02-12,1800,8.28528881072998,8.28528881072998,8.552556037902832,8.28528881072998,8.00924301147461
1996-02-09,1400,8.018021583557129,8.018021583557129,8.552556037902832,8.018021583557129,7.750881195068359
1996-02-08,1400,8.552556037902832,8.552556037902832,8.819823265075684,8.28528881072998,8.267608642578125
1996-02-07,5000,7.750753879547119,8.552556037902832,8.552556037902832,7.750753879547119,8.267608642578125
1996-02-06,500,8.552556037902832,8.819823265075684,8.819823265075684,8.28528881072998,8.525967597961426
1996-02-05,2700,9.087091445922852,9.087091445922852,9.087091445922852,8.552556037902832,8.784333229064941
1996-02-02,400,9.087091445922852,9.087091445922852,9.087091445922852,9.087091445922852,8.784333229064941
1996-02-01,1200,9.354358673095703,9.087091445922852,9.354358673095703,9.087091445922852,8.784333229064941
1996-01-31,600,8.819823265075684,8.819823265075684,8.819823265075684,8.819823265075684,8.525967597961426
1996-01-30,1300,8.819823265075684,9.354358673095703,9.354358673095703,8.819823265075684,9.042695999145508
1996-01-29,200,8.819823265075684,8.819823265075684,8.819823265075684,8.819823265075684,8.525967597961426
1996-01-26,0,9.354358673095703,9.621625900268555,9.621625900268555,9.354358673095703,9.301058769226074
1996-01-25,100,8.552556037902832,9.087091445922852,9.087091445922852,8.552556037902832,8.784333229064941
1996-01-24,0,8.552556037902832,8.552556037902832,8.552556037902832,8.552556037902832,8.267608642578125
1996-01-23,300,9.354358673095703,8.819823265075684,9.354358673095703,8.819823265075684,8.525967597961426
1996-01-22,2600,10.42342758178711,8.819823265075684,10.42342758178711,8.819823265075684,8.525967597961426
1996-01-19,900,10.42342758178711,9.621625900268555,10.42342758178711,9.621625900268555,9.301058769226074
1996-01-18,1100,10.690694808959961,9.888893127441406,10.690694808959961,9.888893127441406,9.559419631958008
1996-01-17,4200,10.42342758178711,10.690694808959961,10.690694808959961,10.156160354614258,10.334508895874023
1996-01-16,3500,10.156160354614258,10.156160354614258,10.690694808959961,9.888893127441406,9.817781448364258
1996-01-15,4000,9.087091445922852,9.888893127441406,9.888893127441406,9.087091445922852,9.559419631958008
1996-01-12,2600,9.354358673095703,9.087091445922852,9.621625900268555,9.087091445922852,8.784333229064941
1996-01-11,1700,9.354358673095703,9.354358673095703,9.354358673095703,9.087091445922852,9.042695999145508
1996-01-10,600,9.354358673095703,9.354358673095703,9.354358673095703,8.819823265075684,9.042695999145508
1996-01-09,2600,9.087091445922852,9.354358673095703,9.354358673095703,8.819823265075684,9.042695999145508
1996-01-08,3100,8.552556037902832,9.087091445922852,9.087091445922852,8.552556037902832,8.784333229064941
1996-01-05,1400,8.552556037902832,9.087091445922852,9.087091445922852,8.552556037902832,8.784333229064941
1996-01-04,1200,9.087091445922852,8.552556037902832,9.087091445922852,8.552556037902832,8.267608642578125
1996-01-03,200,8.819823265075684,9.087091445922852,9.087091445922852,8.819823265075684,8.784333229064941
1996-01-02,1000,9.354358673095703,9.354358673095703,9.354358673095703,8.819823265075684,9.042695999145508
1995-12-29,3300,8.819823265075684,9.087091445922852,9.087091445922852,8.552556037902832,8.784333229064941
1995-12-28,3500,8.552556037902832,9.354358673095703,9.354358673095703,8.552556037902832,9.042695999145508
1995-12-27,4100,9.087091445922852,9.087091445922852,9.621625900268555,8.552556037902832,8.784333229064941
1995-12-26,4200,9.087091445922852,9.354358673095703,9.354358673095703,9.087091445922852,9.042695999145508
1995-12-22,3200,8.552556037902832,9.621625900268555,9.621625900268555,8.552556037902832,9.301058769226074
1995-12-21,3800,8.552556037902832,8.552556037902832,9.087091445922852,8.552556037902832,8.267608642578125
1995-12-20,1400,8.819823265075684,9.087091445922852,9.087091445922852,8.552556037902832,8.784333229064941
1995-12-19,900,8.552556037902832,8.819823265075684,8.819823265075684,8.552556037902832,8.525967597961426
1995-12-18,2000,8.552556037902832,8.552556037902832,9.087091445922852,8.552556037902832,8.267608642578125
1995-12-15,3800,8.018021583557129,8.552556037902832,8.819823265075684,8.018021583557129,8.267608642578125
1995-12-14,6100,7.750753879547119,8.28528881072998,8.552556037902832,7.750753879547119,8.00924301147461
1995-12-13,2700,8.018021583557129,8.018021583557129,8.552556037902832,8.018021583557129,7.750881195068359
1995-12-12,4300,8.018021583557129,8.552556037902832,8.552556037902832,8.018021583557129,8.267608642578125
1995-12-11,6900,8.552556037902832,8.552556037902832,8.552556037902832,8.28528881072998,8.267608642578125
1995-12-08,5700,6.948951721191406,8.552556037902832,8.552556037902832,6.681684494018555,8.267608642578125
1995-12-07,5800,6.147149562835693,6.681684494018555,6.681684494018555,5.61261510848999,6.4590678215026855
1995-12-06,2100,6.147149562835693,5.879882335662842,6.147149562835693,5.879882335662842,5.6839799880981445
1995-12-05,5100,5.3453474044799805,5.879882335662842,5.879882335662842,5.3453474044799805,5.6839799880981445
1995-12-04,6800,5.61261510848999,5.3453474044799805,5.61261510848999,5.078080177307129,5.167254447937012
1995-12-01,1200,5.61261510848999,5.879882335662842,5.879882335662842,5.3453474044799805,5.6839799880981445
1995-11-30,1000,5.3453474044799805,5.61261510848999,5.61261510848999,5.3453474044799805,5.4256181716918945
1995-11-29,2000,5.879882335662842,5.61261510848999,5.879882335662842,5.3453474044799805,5.4256181716918945
1995-11-28,200,5.879882335662842,5.879882335662842,5.879882335662842,5.879882335662842,5.6839799880981445
1995-11-27,1200,5.879882335662842,6.147149562835693,6.147149562835693,5.879882335662842,5.942342758178711
1995-11-24,800,6.414417266845703,5.879882335662842,6.414417266845703,5.879882335662842,5.6839799880981445
1995-11-22,2300,6.147149562835693,6.414417266845703,6.414417266845703,5.879882335662842,6.2007060050964355
1995-11-21,300,5.879882335662842,6.147149562835693,6.414417266845703,5.879882335662842,5.942342758178711
1995-11-20,3500,5.879882335662842,5.879882335662842,6.414417266845703,5.879882335662842,5.6839799880981445
1995-11-17,1100,7.216219425201416,6.414417266845703,7.216219425201416,6.147149562835693,6.2007060050964355
1995-11-16,4800,5.3453474044799805,6.948951721191406,7.216219425201416,5.3453474044799805,6.71743106842041
1995-11-15,4100,7.483486652374268,5.879882335662842,7.483486652374268,5.61261510848999,5.6839799880981445
1995-11-14,900,8.018021583557129,8.018021583557129,8.018021583557129,8.018021583557129,7.750881195068359
1995-11-13,1700,8.552556037902832,8.018021583557129,8.552556037902832,8.018021583557129,7.750881195068359
1995-11-10,600,8.552556037902832,8.28528881072998,8.552556037902832,8.28528881072998,8.00924301147461
1995-11-09,1700,8.018021583557129,8.018021583557129,8.552556037902832,8.018021583557129,7.750881195068359
1995-11-08,2300,7.483486652374268,8.552556037902832,8.819823265075684,7.483486652374268,8.267608642578125
1995-11-07,2000,8.018021583557129,8.018021583557129,8.552556037902832,7.483486652374268,7.750881195068359
1995-11-06,3800,8.819823265075684,8.018021583557129,8.819823265075684,8.018021583557129,7.750881195068359
1995-11-03,800,8.552556037902832,8.552556037902832,8.819823265075684,8.552556037902832,8.267608642578125
1995-11-02,600,8.552556037902832,9.087091445922852,9.087091445922852,8.552556037902832,8.784333229064941
1995-11-01,500,8.552556037902832,8.552556037902832,8.819823265075684,8.552556037902832,8.267608642578125
1995-10-31,900,8.552556037902832,8.552556037902832,8.552556037902832,8.28528881072998,8.267608642578125
1995-10-30,600,8.28528881072998,8.552556037902832,8.552556037902832,8.28528881072998,8.267608642578125
1995-10-27,2700,8.018021583557129,8.018021583557129,8.28528881072998,7.483486652374268,7.750881195068359
1995-10-26,900,7.483486652374268,8.018021583557129,8.28528881072998,7.483486652374268,7.750881195068359
1995-10-25,1600,8.018021583557129,8.018021583557129,8.28528881072998,7.483486652374268,7.750881195068359
1995-10-24,1300,9.087091445922852,8.018021583557129,9.087091445922852,8.018021583557129,7.750881195068359
1995-10-23,1200,8.552556037902832,8.819823265075684,9.087091445922852,8.552556037902832,8.525967597961426
1995-10-20,2100,9.087091445922852,8.552556037902832,9.087091445922852,8.552556037902832,8.267608642578125
1995-10-19,800,8.28528881072998,8.819823265075684,9.087091445922852,8.28528881072998,8.525967597961426
1995-10-18,2300,9.087091445922852,8.552556037902832,9.087091445922852,8.552556037902832,8.267608642578125
1995-10-17,1700,8.819823265075684,8.819823265075684,9.087091445922852,8.552556037902832,8.525967597961426
1995-10-16,800,8.552556037902832,8.552556037902832,9.087091445922852,8.552556037902832,8.267608642578125
1995-10-13,1100,9.087091445922852,8.819823265075684,9.087091445922852,8.552556037902832,8.525967597961426
1995-10-12,2300,8.819823265075684,8.819823265075684,9.354358673095703,8.552556037902832,8.525967597961426
1995-10-11,1300,9.621625900268555,9.087091445922852,9.621625900268555,8.819823265075684,8.784333229064941
1995-10-10,500,9.621625900268555,9.087091445922852,9.621625900268555,9.087091445922852,8.784333229064941
1995-10-09,1500,9.621625900268555,9.354358673095703,9.621625900268555,9.354358673095703,9.042695999145508
1995-10-06,1500,8.819823265075684,9.354358673095703,9.354358673095703,8.819823265075684,9.042695999145508
1995-10-05,0,8.552556037902832,8.552556037902832,8.552556037902832,8.552556037902832,8.267608642578125
1995-10-04,1000,8.819823265075684,8.552556037902832,8.819823265075684,8.552556037902832,8.267608642578125
1995-10-03,2000,9.087091445922852,9.087091445922852,10.156160354614258,9.087091445922852,8.784333229064941
1995-10-02,1100,9.621625900268555,9.087091445922852,9.621625900268555,8.552556037902832,8.784333229064941
1995-09-29,1000,8.552556037902832,9.621625900268555,10.156160354614258,8.552556037902832,9.301058769226074
1995-09-28,1000,9.087091445922852,9.087091445922852,9.354358673095703,9.087091445922852,8.784333229064941
1995-09-27,300,9.087091445922852,9.354358673095703,9.354358673095703,9.087091445922852,9.037948608398438
1995-09-26,200,9.087091445922852,9.087091445922852,9.087091445922852,9.087091445922852,8.779720306396484
1995-09-25,1500,8.552556037902832,9.087091445922852,9.087091445922852,8.552556037902832,8.779720306396484
1995-09-22,5200,9.087091445922852,8.552556037902832,9.354358673095703,8.552556037902832,8.263266563415527
1995-09-21,0,9.087091445922852,9.087091445922852,9.087091445922852,9.087091445922852,8.779720306396484
1995-09-20,1400,9.087091445922852,9.087091445922852,9.087091445922852,9.087091445922852,8.779720306396484
1995-09-19,1100,9.087091445922852,9.087091445922852,9.354358673095703,9.087091445922852,8.779720306396484
1995-09-18,1600,9.087091445922852,9.354358673095703,9.354358673095703,9.087091445922852,9.037948608398438
1995-09-15,1500,9.621625900268555,9.087091445922852,9.621625900268555,9.087091445922852,8.779720306396484
1995-09-14,100,9.621625900268555,9.621625900268555,9.621625900268555,9.621625900268555,9.296175956726074
1995-09-13,100,9.087091445922852,9.087091445922852,9.087091445922852,9.087091445922852,8.779720306396484
1995-09-12,2100,9.087091445922852,9.087091445922852,9.621625900268555,9.087091445922852,8.779720306396484
1995-09-11,1200,9.087091445922852,9.621625900268555,9.621625900268555,9.087091445922852,9.296175956726074
1995-09-08,1300,9.087091445922852,9.354358673095703,9.621625900268555,9.087091445922852,9.037948608398438
1995-09-07,2400,9.087091445922852,9.087091445922852,9.354358673095703,9.087091445922852,8.779720306396484
1995-09-06,800,9.087091445922852,9.087091445922852,9.354358673095703,9.087091445922852,8.779720306396484
1995-09-05,1000,10.156160354614258,9.621625900268555,10.690694808959961,9.621625900268555,9.296175956726074
1995-09-01,4700,9.888893127441406,10.156160354614258,10.690694808959961,9.888893127441406,9.812627792358398
1995-08-31,1100,9.888893127441406,9.621625900268555,9.888893127441406,9.621625900268555,9.296175956726074
1995-08-30,1100,9.621625900268555,9.888893127441406,9.888893127441406,9.354358673095703,9.554403305053711
1995-08-29,1200,9.354358673095703,9.087091445922852,9.354358673095703,9.087091445922852,8.779720306396484
1995-08-28,900,9.354358673095703,9.354358673095703,9.888893127441406,9.354358673095703,9.037948608398438
1995-08-25,500,9.888893127441406,9.621625900268555,10.156160354614258,9.621625900268555,9.296175956726074
1995-08-24,2500,9.621625900268555,10.156160354614258,10.156160354614258,9.621625900268555,9.812627792358398
1995-08-23,800,9.621625900268555,9.621625900268555,9.621625900268555,9.354358673095703,9.296175956726074
1995-08-22,1400,10.42342758178711,9.621625900268555,10.42342758178711,9.621625900268555,9.296175956726074
1995-08-21,500,10.156160354614258,10.156160354614258,10.156160354614258,9.621625900268555,9.812627792358398
1995-08-18,1500,9.621625900268555,9.621625900268555,9.621625900268555,9.621625900268555,9.296175956726074
1995-08-17,600,9.354358673095703,9.621625900268555,10.156160354614258,9.354358673095703,9.296175956726074
1995-08-16,900,10.156160354614258,9.621625900268555,10.156160354614258,9.621625900268555,9.296175956726074
1995-08-15,500,9.888893127441406,9.888893127441406,9.888893127441406,9.621625900268555,9.554403305053711
1995-08-14,700,9.888893127441406,9.621625900268555,9.888893127441406,9.621625900268555,9.296175956726074
1995-08-11,1500,9.354358673095703,10.156160354614258,10.156160354614258,9.354358673095703,9.812627792358398
1995-08-10,2400,9.087091445922852,10.156160354614258,10.156160354614258,9.087091445922852,9.812627792358398
1995-08-09,500,9.087091445922852,9.087091445922852,9.087091445922852,9.087091445922852,8.779720306396484
1995-08-08,100,9.354358673095703,9.087091445922852,9.888893127441406,9.087091445922852,8.779720306396484
1995-08-07,1100,10.156160354614258,9.621625900268555,10.156160354614258,9.621625900268555,9.296175956726074
1995-08-04,1000,9.621625900268555,9.621625900268555,9.621625900268555,9.621625900268555,9.296175956726074
1995-08-03,1000,10.42342758178711,9.888893127441406,10.42342758178711,9.888893127441406,9.554403305053711
1995-08-02,400,9.888893127441406,10.42342758178711,10.42342758178711,9.888893127441406,10.070855140686035
1995-08-01,1300,10.690694808959961,10.42342758178711,10.690694808959961,9.888893127441406,10.070855140686035
1995-07-31,900,9.621625900268555,10.42342758178711,10.42342758178711,9.621625900268555,10.070855140686035
1995-07-28,100,9.888893127441406,9.888893127441406,9.888893127441406,9.888893127441406,9.554403305053711
1995-07-27,100,9.888893127441406,10.156160354614258,10.156160354614258,9.621625900268555,9.812627792358398
1995-07-26,2600,9.888893127441406,10.42342758178711,10.690694808959961,9.621625900268555,10.070855140686035
1995-07-25,700,9.087091445922852,9.621625900268555,9.621625900268555,9.087091445922852,9.296175956726074
1995-07-24,0,9.354358673095703,9.087091445922852,9.354358673095703,9.087091445922852,8.779720306396484
1995-07-21,400,9.087091445922852,8.819823265075684,9.354358673095703,8.819823265075684,8.521493911743164
1995-07-20,1100,8.552556037902832,8.552556037902832,9.087091445922852,8.552556037902832,8.263266563415527
1995-07-19,1600,8.552556037902832,9.087091445922852,9.354358673095703,8.552556037902832,8.779720306396484
1995-07-18,1400,8.819823265075684,8.819823265075684,9.354358673095703,8.819823265075684,8.521493911743164
1995-07-17,0,9.087091445922852,9.087091445922852,9.087091445922852,9.087091445922852,8.779720306396484
1995-07-14,1300,9.087091445922852,9.621625900268555,9.621625900268555,9.087091445922852,9.296175956726074
1995-07-13,900,10.42342758178711,9.621625900268555,10.42342758178711,9.621625900268555,9.296175956726074
1995-07-12,1300,9.888893127441406,9.621625900268555,10.42342758178711,9.621625900268555,9.296175956726074
1995-07-11,2800,9.621625900268555,9.087091445922852,10.690694808959961,9.087091445922852,8.779720306396484
1995-07-10,600,9.087091445922852,9.621625900268555,9.621625900268555,9.087091445922852,9.296175956726074
1995-07-07,2200,9.354358673095703,9.354358673095703,9.354358673095703,8.819823265075684,9.037948608398438
1995-07-06,0,9.621625900268555,9.621625900268555,9.621625900268555,9.621625900268555,9.296175956726074
1995-07-05,1600,10.690694808959961,9.888893127441406,10.690694808959961,9.621625900268555,9.554403305053711
1995-07-03,800,9.621625900268555,9.621625900268555,9.621625900268555,9.621625900268555,9.296175956726074
1995-06-30,800,9.621625900268555,9.621625900268555,9.621625900268555,9.621625900268555,9.296175956726074
1995-06-29,1400,10.156160354614258,9.621625900268555,10.156160354614258,9.354358673095703,9.296175956726074
1995-06-28,1100,10.690694808959961,10.690694808959961,10.690694808959961,10.42342758178711,10.329084396362305
1995-06-27,2200,11.22523021697998,10.690694808959961,11.759764671325684,10.690694808959961,10.329084396362305
1995-06-26,1800,10.156160354614258,11.22523021697998,11.22523021697998,10.156160354614258,10.845540046691895
1995-06-23,1400,10.690694808959961,10.156160354614258,10.690694808959961,10.156160354614258,9.812627792358398
1995-06-22,1500,10.690694808959961,10.156160354614258,11.492497444152832,10.156160354614258,9.812627792358398
1995-06-21,1900,10.690694808959961,10.690694808959961,10.690694808959961,10.156160354614258,10.329084396362305
1995-06-20,800,9.621625900268555,10.156160354614258,10.156160354614258,9.621625900268555,9.812627792358398
1995-06-19,400,10.690694808959961,10.156160354614258,10.690694808959961,10.156160354614258,9.812627792358398
1995-06-16,1600,9.621625900268555,10.156160354614258,10.156160354614258,9.354358673095703,9.812627792358398
1995-06-15,200,9.621625900268555,9.621625900268555,9.621625900268555,9.621625900268555,9.296175956726074
1995-06-14,1800,9.621625900268555,9.621625900268555,9.621625900268555,9.087091445922852,9.296175956726074
1995-06-13,1000,8.819823265075684,9.354358673095703,9.354358673095703,8.819823265075684,9.037948608398438
1995-06-12,2800,9.621625900268555,8.819823265075684,9.621625900268555,8.819823265075684,8.521493911743164
1995-06-09,1100,9.354358673095703,9.621625900268555,9.621625900268555,9.087091445922852,9.296175956726074
1995-06-08,1100,9.621625900268555,9.354358673095703,10.156160354614258,9.354358673095703,9.037948608398438
1995-06-07,1500,9.087091445922852,9.888893127441406,10.156160354614258,9.087091445922852,9.554403305053711
1995-06-06,800,8.819823265075684,9.087091445922852,9.354358673095703,8.819823265075684,8.779720306396484
1995-06-05,500,9.621625900268555,9.354358673095703,9.621625900268555,9.354358673095703,9.037948608398438
1995-06-02,0,9.621625900268555,9.621625900268555,9.621625900268555,9.621625900268555,9.296175956726074
1995-06-01,400,9.354358673095703,9.621625900268555,9.621625900268555,9.354358673095703,9.296175956726074
1995-05-31,900,9.621625900268555,9.621625900268555,9.621625900268555,9.621625900268555,9.296175956726074
1995-05-30,300,9.888893127441406,9.621625900268555,9.888893127441406,9.621625900268555,9.296175956726074
1995-05-26,100,9.621625900268555,9.621625900268555,9.621625900268555,9.621625900268555,9.296175956726074
1995-05-25,2300,10.156160354614258,10.156160354614258,10.156160354614258,8.819823265075684,9.812627792358398
1995-05-24,400,10.42342758178711,10.690694808959961,10.690694808959961,10.42342758178711,10.329084396362305
1995-05-23,900,9.087091445922852,9.888893127441406,9.888893127441406,9.087091445922852,9.554403305053711
1995-05-22,2600,10.42342758178711,9.087091445922852,10.42342758178711,9.087091445922852,8.779720306396484
1995-05-19,700,10.42342758178711,9.888893127441406,10.690694808959961,9.621625900268555,9.554403305053711
1995-05-18,0,10.156160354614258,10.156160354614258,10.156160354614258,10.156160354614258,9.812627792358398
1995-05-17,400,10.156160354614258,10.156160354614258,10.156160354614258,9.621625900268555,9.812627792358398
1995-05-16,1200,10.42342758178711,10.156160354614258,10.957962989807129,10.156160354614258,9.812627792358398
1995-05-15,2900,10.957962989807129,10.957962989807129,10.957962989807129,10.42342758178711,10.587310791015625
1995-05-12,200,10.690694808959961,10.957962989807129,10.957962989807129,10.690694808959961,10.587310791015625
1995-05-11,500,10.690694808959961,10.690694808959961,10.957962989807129,10.690694808959961,10.329084396362305
1995-05-10,300,11.22523021697998,10.957962989807129,11.759764671325684,10.957962989807129,10.587310791015625
1995-05-09,1300,10.690694808959961,11.22523021697998,11.759764671325684,10.690694808959961,10.845540046691895
1995-05-08,700,11.22523021697998,10.690694808959961,11.22523021697998,10.690694808959961,10.329084396362305
1995-05-05,100,11.22523021697998,11.22523021697998,11.22523021697998,11.22523021697998,10.845540046691895
1995-05-04,300,11.22523021697998,11.492497444152832,11.492497444152832,11.22523021697998,11.103765487670898
1995-05-03,600,11.22523021697998,11.22523021697998,11.22523021697998,11.22523021697998,10.845540046691895
1995-05-02,600,11.492497444152832,11.22523021697998,11.492497444152832,11.22523021697998,10.845540046691895
1995-05-01,3900,11.22523021697998,10.957962989807129,11.492497444152832,10.42342758178711,10.587310791015625
1995-04-28,1000,10.690694808959961,10.690694808959961,11.22523021697998,10.690694808959961,10.329084396362305
1995-04-27,400,10.957962989807129,11.22523021697998,11.759764671325684,10.957962989807129,10.845540046691895
1995-04-26,1800,11.759764671325684,11.492497444152832,12.027031898498535,11.492497444152832,11.103765487670898
1995-04-25,1000,11.492497444152832,11.759764671325684,12.027031898498535,11.492497444152832,11.361989974975586
1995-04-24,500,11.759764671325684,11.492497444152832,12.027031898498535,11.492497444152832,11.103765487670898
1995-04-21,900,12.294299125671387,12.294299125671387,12.561567306518555,12.294299125671387,11.878447532653809
1995-04-20,700,12.027031898498535,12.294299125671387,12.294299125671387,11.759764671325684,11.878447532653809
1995-04-19,800,11.759764671325684,12.294299125671387,12.294299125671387,11.759764671325684,11.878447532653809
1995-04-18,400,11.492497444152832,11.759764671325684,11.759764671325684,11.22523021697998,11.361989974975586
1995-04-17,2400,12.027031898498535,10.957962989807129,12.027031898498535,10.957962989807129,10.587310791015625
1995-04-13,3800,12.027031898498535,12.294299125671387,12.294299125671387,11.22523021697998,11.878447532653809
1995-04-12,4300,11.759764671325684,12.561567306518555,12.561567306518555,11.759764671325684,12.13667106628418
1995-04-11,400,11.22523021697998,11.759764671325684,12.294299125671387,11.22523021697998,11.361989974975586
1995-04-10,200,11.22523021697998,11.759764671325684,11.759764671325684,10.957962989807129,11.361989974975586
1995-04-07,500,11.759764671325684,11.22523021697998,11.759764671325684,11.22523021697998,10.845540046691895
1995-04-06,2000,11.759764671325684,11.759764671325684,12.828834533691406,11.759764671325684,11.361989974975586
1995-04-05,1300,11.492497444152832,11.759764671325684,11.759764671325684,10.957962989807129,11.361989974975586
1995-04-04,800,11.759764671325684,10.957962989807129,11.759764671325684,10.957962989807129,10.587310791015625
1995-04-03,0,11.759764671325684,11.759764671325684,11.759764671325684,11.759764671325684,11.361989974975586
1995-03-31,200,10.690694808959961,11.759764671325684,11.759764671325684,10.690694808959961,11.361989974975586
1995-03-30,900,10.957962989807129,10.690694808959961,11.492497444152832,10.690694808959961,10.329084396362305
1995-03-29,1400,11.759764671325684,11.492497444152832,11.759764671325684,10.690694808959961,11.103765487670898
1995-03-28,1600,10.690694808959961,11.22523021697998,11.759764671325684,10.690694808959961,10.845540046691895
1995-03-27,2000,12.294299125671387,11.22523021697998,12.561567306518555,11.22523021697998,10.845540046691895
1995-03-24,1100,12.027031898498535,11.759764671325684,12.294299125671387,11.759764671325684,11.361989974975586
1995-03-23,1200,12.294299125671387,12.561567306518555,12.561567306518555,11.759764671325684,12.13667106628418
1995-03-22,600,12.027031898498535,12.294299125671387,12.294299125671387,12.027031898498535,11.878447532653809
1995-03-21,2000,11.759764671325684,11.759764671325684,11.759764671325684,11.759764671325684,11.361989974975586
1995-03-20,300,11.759764671325684,11.759764671325684,12.027031898498535,11.759764671325684,11.361989974975586
1995-03-17,600,12.294299125671387,12.294299125671387,12.294299125671387,12.027031898498535,11.878447532653809
1995-03-16,600,12.027031898498535,12.027031898498535,12.294299125671387,11.759764671325684,11.620222091674805
1995-03-15,1600,11.759764671325684,12.294299125671387,12.294299125671387,11.759764671325684,11.878447532653809
1995-03-14,200,12.294299125671387,12.294299125671387,12.294299125671387,12.294299125671387,11.878447532653809
1995-03-13,500,12.294299125671387,12.828834533691406,12.828834533691406,12.294299125671387,12.394899368286133
1995-03-10,1200,12.828834533691406,11.759764671325684,12.828834533691406,11.759764671325684,11.361989974975586
1995-03-09,600,12.828834533691406,12.828834533691406,12.828834533691406,12.828834533691406,12.394899368286133
1995-03-08,800,12.828834533691406,13.096101760864258,13.096101760864258,12.828834533691406,12.653128623962402
1995-03-07,600,12.828834533691406,12.828834533691406,13.36336898803711,12.294299125671387,12.394899368286133
1995-03-06,1300,12.828834533691406,12.561567306518555,13.096101760864258,12.561567306518555,12.13667106628418
1995-03-03,1500,12.828834533691406,12.828834533691406,13.36336898803711,12.828834533691406,12.394899368286133
1995-03-02,900,13.096101760864258,12.828834533691406,13.096101760864258,12.828834533691406,12.394899368286133
1995-03-01,200,13.36336898803711,13.36336898803711,13.36336898803711,13.36336898803711,12.911355018615723
1995-02-28,200,13.36336898803711,13.630636215209961,13.630636215209961,13.36336898803711,13.169584274291992
1995-02-27,1300,14.432438850402832,13.36336898803711,14.432438850402832,13.36336898803711,12.911355018615723
1995-02-24,500,13.897903442382812,14.16517162322998,14.16517162322998,13.897903442382812,13.686036109924316
1995-02-23,200,13.897903442382812,14.16517162322998,14.16517162322998,13.897903442382812,13.686036109924316
1995-02-22,200,13.897903442382812,14.432438850402832,14.432438850402832,13.897903442382812,13.944263458251953
1995-02-21,1100,13.897903442382812,14.432438850402832,14.432438850402832,13.897903442382812,13.944263458251953
1995-02-17,800,13.897903442382812,13.897903442382812,13.897903442382812,13.897903442382812,13.427810668945312
1995-02-16,300,14.432438850402832,14.432438850402832,14.432438850402832,14.432438850402832,13.944263458251953
1995-02-15,600,14.432438850402832,13.897903442382812,14.432438850402832,13.897903442382812,13.427810668945312
1995-02-14,600,14.432438850402832,13.897903442382812,14.432438850402832,13.897903442382812,13.427810668945312
1995-02-13,4700,13.897903442382812,14.432438850402832,16.036043167114258,13.897903442382812,13.944263458251953
1995-02-10,1600,14.432438850402832,13.897903442382812,14.432438850402832,13.36336898803711,13.427810668945312
1995-02-09,300,14.966973304748535,14.966973304748535,14.966973304748535,14.432438850402832,14.460718154907227
1995-02-08,700,14.966973304748535,14.432438850402832,14.966973304748535,14.432438850402832,13.944263458251953
1995-02-07,500,14.699706077575684,14.699706077575684,14.699706077575684,14.432438850402832,14.202492713928223
1995-02-06,1300,14.966973304748535,14.16517162322998,14.966973304748535,14.16517162322998,13.686036109924316
1995-02-03,1000,14.966973304748535,14.966973304748535,15.501507759094238,14.966973304748535,14.460718154907227
1995-02-02,200,14.966973304748535,14.432438850402832,14.966973304748535,14.432438850402832,13.944263458251953
1995-02-01,400,15.501507759094238,14.966973304748535,15.501507759094238,13.897903442382812,14.460718154907227
1995-01-31,600,15.501507759094238,14.966973304748535,15.501507759094238,14.966973304748535,14.460718154907227
1995-01-30,500,15.501507759094238,14.966973304748535,15.501507759094238,14.966973304748535,14.460718154907227
1995-01-27,800,14.699706077575684,15.234240531921387,15.501507759094238,14.699706077575684,14.71894359588623
1995-01-26,1800,15.234240531921387,14.966973304748535,15.234240531921387,14.966973304748535,14.460718154907227
1995-01-25,900,15.501507759094238,14.966973304748535,15.501507759094238,14.966973304748535,14.455975532531738
1995-01-24,1100,15.501507759094238,15.501507759094238,15.501507759094238,15.234240531921387,14.972258567810059
1995-01-23,2400,16.57057762145996,15.234240531921387,16.57057762145996,14.966973304748535,14.714115142822266
1995-01-20,3800,14.16517162322998,16.57057762145996,16.57057762145996,13.897903442382812,16.004825592041016
1995-01-19,1800,14.432438850402832,14.432438850402832,14.432438850402832,13.897903442382812,13.939689636230469
1995-01-18,5600,13.897903442382812,13.897903442382812,14.966973304748535,13.897903442382812,13.4234037399292
1995-01-17,1000,13.630636215209961,13.36336898803711,13.897903442382812,13.096101760864258,12.907116889953613
1995-01-16,600,13.36336898803711,13.630636215209961,13.630636215209961,13.096101760864258,13.165262222290039
1995-01-13,400,12.828834533691406,13.36336898803711,13.36336898803711,12.828834533691406,12.907116889953613
1995-01-12,900,13.36336898803711,12.828834533691406,13.36336898803711,12.828834533691406,12.390837669372559
1995-01-11,2000,12.828834533691406,13.096101760864258,13.630636215209961,12.828834533691406,12.648979187011719
1995-01-10,1300,12.828834533691406,12.828834533691406,13.36336898803711,12.294299125671387,12.390837669372559
1995-01-09,2700,12.828834533691406,12.828834533691406,12.828834533691406,12.294299125671387,12.390837669372559
1995-01-06,600,12.561567306518555,12.828834533691406,12.828834533691406,12.561567306518555,12.390837669372559
1995-01-05,1100,12.561567306518555,12.561567306518555,12.561567306518555,11.759764671325684,12.132692337036133
1995-01-04,1800,11.759764671325684,12.294299125671387,12.294299125671387,11.759764671325684,11.874551773071289
1995-01-03,300,11.759764671325684,11.759764671325684,11.759764671325684,11.759764671325684,11.35826301574707
1994-12-30,2600,10.156160354614258,11.22523021697998,11.22523021697998,9.087091445922852,10.8419828414917
1994-12-29,1100,9.621625900268555,9.888893127441406,9.888893127441406,9.087091445922852,9.551268577575684
1994-12-28,900,9.621625900268555,9.621625900268555,10.156160354614258,9.087091445922852,9.293124198913574
1994-12-27,500,10.156160354614258,10.156160354614258,10.156160354614258,9.354358673095703,9.809412956237793
1994-12-23,500,10.156160354614258,10.156160354614258,10.156160354614258,9.621625900268555,9.809412956237793
1994-12-22,800,10.156160354614258,9.621625900268555,10.156160354614258,9.621625900268555,9.293124198913574
1994-12-21,2600,8.552556037902832,9.621625900268555,9.621625900268555,8.552556037902832,9.293124198913574
1994-12-20,6800,8.819823265075684,8.552556037902832,9.621625900268555,8.552556037902832,8.260555267333984
1994-12-19,1900,8.819823265075684,9.087091445922852,9.087091445922852,8.819823265075684,8.776843070983887
1994-12-16,1000,8.819823265075684,9.087091445922852,9.621625900268555,8.819823265075684,8.776843070983887
1994-12-15,500,9.087091445922852,9.087091445922852,9.087091445922852,9.087091445922852,8.776843070983887
1994-12-14,1000,9.621625900268555,9.087091445922852,10.156160354614258,9.087091445922852,8.776843070983887
1994-12-13,200,9.087091445922852,9.621625900268555,9.621625900268555,9.087091445922852,9.293124198913574
1994-12-12,1700,11.22523021697998,9.087091445922852,11.759764671325684,9.087091445922852,8.776843070983887
1994-12-09,1400,9.888893127441406,10.690694808959961,11.22523021697998,9.354358673095703,10.32569408416748
1994-12-08,1100,9.621625900268555,10.156160354614258,10.156160354614258,9.087091445922852,9.809412956237793
1994-12-07,4000,8.819823265075684,9.087091445922852,9.354358673095703,8.552556037902832,8.776843070983887
1994-12-06,200,10.156160354614258,9.621625900268555,10.690694808959961,9.621625900268555,9.293124198913574
1994-12-05,1900,11.22523021697998,10.156160354614258,11.22523021697998,10.156160354614258,9.809412956237793
1994-12-02,300,10.690694808959961,10.957962989807129,11.492497444152832,10.690694808959961,10.58383846282959
1994-12-01,700,10.690694808959961,10.690694808959961,10.690694808959961,10.42342758178711,10.32569408416748
1994-11-30,500,11.22523021697998,10.156160354614258,11.22523021697998,10.156160354614258,9.809412956237793
1994-11-29,100,10.690694808959961,10.690694808959961,10.690694808959961,10.690694808959961,10.32569408416748
1994-11-28,600,11.22523021697998,10.690694808959961,11.22523021697998,10.690694808959961,10.32569408416748
1994-11-25,400,10.156160354614258,10.690694808959961,10.690694808959961,10.156160354614258,10.32569408416748
1994-11-23,500,10.156160354614258,10.690694808959961,10.690694808959961,10.156160354614258,10.32569408416748
1994-11-22,800,10.690694808959961,10.690694808959961,10.690694808959961,10.690694808959961,10.32569408416748
1994-11-21,1000,11.22523021697998,10.690694808959961,11.759764671325684,10.690694808959961,10.32569408416748
1994-11-18,3800,11.22523021697998,11.22523021697998,11.759764671325684,10.42342758178711,10.8419828414917
1994-11-17,1400,11.759764671325684,11.22523021697998,11.759764671325684,11.22523021697998,10.8419828414917
1994-11-16,2000,12.027031898498535,12.027031898498535,12.027031898498535,12.027031898498535,11.616405487060547
1994-11-15,900,11.22523021697998,12.027031898498535,12.027031898498535,10.957962989807129,11.616405487060547
1994-11-14,1500,12.294299125671387,11.759764671325684,12.294299125671387,11.22523021697998,11.35826301574707
1994-11-11,0,12.294299125671387,12.294299125671387,12.294299125671387,12.294299125671387,11.874551773071289
1994-11-10,1400,11.759764671325684,11.759764671325684,12.294299125671387,11.759764671325684,11.35826301574707
1994-11-09,300,12.027031898498535,12.027031898498535,12.294299125671387,12.027031898498535,11.616405487060547
1994-11-08,200,12.294299125671387,12.294299125671387,12.294299125671387,12.294299125671387,11.874551773071289
1994-11-07,500,11.759764671325684,12.561567306518555,12.561567306518555,11.759764671325684,12.132692337036133
1994-11-04,2100,11.759764671325684,12.294299125671387,12.561567306518555,11.759764671325684,11.874551773071289
1994-11-03,500,12.561567306518555,12.294299125671387,12.561567306518555,12.294299125671387,11.874551773071289
1994-11-02,200,12.561567306518555,12.561567306518555,12.561567306518555,12.294299125671387,12.132692337036133
1994-11-01,2100,12.828834533691406,12.561567306518555,12.828834533691406,12.561567306518555,12.132692337036133
1994-10-31,2000,12.561567306518555,12.828834533691406,12.828834533691406,12.561567306518555,12.390837669372559
1994-10-28,200,12.561567306518555,12.561567306518555,12.561567306518555,12.561567306518555,12.132692337036133
1994-10-27,1900,12.294299125671387,12.561567306518555,12.828834533691406,12.294299125671387,12.132692337036133
1994-10-26,900,12.828834533691406,12.828834533691406,12.828834533691406,12.561567306518555,12.390837669372559
1994-10-25,300,12.828834533691406,12.828834533691406,12.828834533691406,12.294299125671387,12.390837669372559
1994-10-24,2600,12.294299125671387,13.36336898803711,13.36336898803711,12.294299125671387,12.907116889953613
1994-10-21,700,12.561567306518555,12.828834533691406,12.828834533691406,12.294299125671387,12.390837669372559
1994-10-20,500,12.561567306518555,12.294299125671387,12.828834533691406,12.294299125671387,11.874551773071289
1994-10-19,2200,11.759764671325684,12.828834533691406,12.828834533691406,11.759764671325684,12.390837669372559
1994-10-18,2100,12.828834533691406,12.294299125671387,12.828834533691406,11.759764671325684,11.874551773071289
1994-10-17,200,13.36336898803711,13.36336898803711,13.36336898803711,13.36336898803711,12.907116889953613
1994-10-14,200,13.36336898803711,13.36336898803711,13.36336898803711,13.36336898803711,12.907116889953613
1994-10-13,900,12.294299125671387,13.36336898803711,13.36336898803711,12.294299125671387,12.907116889953613
1994-10-12,400,12.561567306518555,12.561567306518555,12.828834533691406,12.561567306518555,12.132692337036133
1994-10-11,1000,12.561567306518555,12.828834533691406,12.828834533691406,12.294299125671387,12.390837669372559
1994-10-10,300,13.36336898803711,12.828834533691406,13.36336898803711,12.828834533691406,12.390837669372559
1994-10-07,1000,12.828834533691406,12.828834533691406,12.828834533691406,12.828834533691406,12.390837669372559
1994-10-06,300,12.828834533691406,13.36336898803711,13.36336898803711,12.828834533691406,12.907116889953613
1994-10-05,300,13.36336898803711,13.36336898803711,13.897903442382812,12.828834533691406,12.907116889953613
1994-10-04,200,13.096101760864258,12.828834533691406,13.096101760864258,12.828834533691406,12.390837669372559
1994-10-03,2100,13.897903442382812,13.36336898803711,13.897903442382812,13.36336898803711,12.907116889953613
1994-09-30,600,13.36336898803711,13.630636215209961,13.897903442382812,13.36336898803711,13.165262222290039
1994-09-29,300,13.897903442382812,13.897903442382812,13.897903442382812,13.897903442382812,13.4234037399292
1994-09-28,400,14.432438850402832,13.897903442382812,14.432438850402832,13.897903442382812,13.4234037399292
1994-09-27,800,13.897903442382812,14.432438850402832,14.432438850402832,13.897903442382812,13.939689636230469
1994-09-26,300,13.36336898803711,14.432438850402832,14.432438850402832,13.36336898803711,13.939689636230469
1994-09-23,800,13.897903442382812,13.630636215209961,14.432438850402832,13.630636215209961,13.165262222290039
1994-09-22,300,13.897903442382812,13.897903442382812,13.897903442382812,13.630636215209961,13.4234037399292
1994-09-21,1600,13.897903442382812,13.36336898803711,14.432438850402832,13.36336898803711,12.907116889953613
1994-09-20,700,13.897903442382812,13.096101760864258,13.897903442382812,13.096101760864258,12.648979187011719
1994-09-19,300,14.16517162322998,13.630636215209961,14.432438850402832,13.630636215209961,13.165262222290039
1994-09-16,300,14.432438850402832,13.897903442382812,14.432438850402832,13.897903442382812,13.4234037399292
1994-09-15,1900,14.966973304748535,14.432438850402832,14.966973304748535,14.432438850402832,13.939689636230469
1994-09-14,500,15.234240531921387,14.966973304748535,15.501507759094238,14.966973304748535,14.455975532531738
1994-09-13,1400,16.036043167114258,15.234240531921387,16.57057762145996,14.966973304748535,14.714115142822266
1994-09-12,2900,15.501507759094238,15.234240531921387,16.30331039428711,14.966973304748535,14.714115142822266
1994-09-09,1500,16.036043167114258,16.036043167114258,16.57057762145996,16.036043167114258,15.488542556762695
1994-09-08,2100,16.036043167114258,16.57057762145996,17.105112075805664,16.036043167114258,16.004825592041016
1994-09-07,2200,17.639646530151367,17.105112075805664,17.639646530151367,16.57057762145996,16.52111053466797
1994-09-06,200,17.639646530151367,18.174182891845703,18.174182891845703,17.639646530151367,17.553686141967773
1994-09-02,800,18.708717346191406,18.174182891845703,18.708717346191406,18.174182891845703,17.553686141967773
1994-09-01,2100,18.975984573364258,19.24325180053711,20.045053482055664,18.975984573364258,18.58624839782715
1994-08-31,1000,19.24325180053711,18.441450119018555,19.24325180053711,18.441450119018555,17.81182861328125
1994-08-30,300,18.708717346191406,18.708717346191406,18.708717346191406,17.90691375732422,18.069965362548828
1994-08-29,1800,19.24325180053711,18.174182891845703,19.24325180053711,17.639646530151367,17.553686141967773
1994-08-26,2200,18.975984573364258,18.975984573364258,19.24325180053711,18.174182891845703,18.328109741210938
1994-08-25,1700,18.708717346191406,18.975984573364258,18.975984573364258,17.639646530151367,18.328109741210938
1994-08-24,1100,18.708717346191406,18.441450119018555,18.975984573364258,17.639646530151367,17.81182861328125
1994-08-23,1000,17.639646530151367,18.174182891845703,18.708717346191406,17.639646530151367,17.553686141967773
1994-08-22,500,18.174182891845703,17.639646530151367,18.975984573364258,17.639646530151367,17.03739356994629
1994-08-19,2600,18.708717346191406,18.708717346191406,18.708717346191406,17.105112075805664,18.069965362548828
1994-08-18,4300,16.036043167114258,18.174182891845703,18.174182891845703,16.036043167114258,17.553686141967773
1994-08-17,2500,18.174182891845703,16.57057762145996,18.174182891845703,16.57057762145996,16.004825592041016
1994-08-16,2600,17.639646530151367,17.639646530151367,18.174182891845703,16.57057762145996,17.03739356994629
1994-08-15,8200,19.777786254882812,18.174182891845703,19.777786254882812,16.57057762145996,17.553686141967773
1994-08-12,4600,20.579587936401367,20.312320709228516,20.84685516357422,19.24325180053711,19.618825912475586
1994-08-11,3900,19.777786254882812,20.84685516357422,21.11412239074707,19.777786254882812,20.13511085510254
1994-08-10,1700,20.312320709228516,19.51051902770996,20.312320709228516,19.24325180053711,18.844392776489258
1994-08-09,9900,21.11412239074707,19.777786254882812,21.915925979614258,19.777786254882812,19.102537155151367
1994-08-08,8500,21.11412239074707,21.11412239074707,21.11412239074707,20.045053482055664,20.393247604370117
1994-08-05,3800,20.312320709228516,20.84685516357422,21.11412239074707,20.312320709228516,20.13511085510254
1994-08-04,1100,19.777786254882812,20.312320709228516,20.312320709228516,19.777786254882812,19.618825912475586
1994-08-03,3800,19.777786254882812,19.777786254882812,20.84685516357422,19.24325180053711,19.102537155151367
1994-08-02,8100,20.84685516357422,19.777786254882812,20.84685516357422,18.708717346191406,19.102537155151367
1994-08-01,2300,20.84685516357422,20.84685516357422,20.84685516357422,19.777786254882812,20.13511085510254
1994-07-29,3100,20.312320709228516,20.312320709228516,20.84685516357422,20.312320709228516,19.618825912475586
1994-07-28,3500,20.312320709228516,19.777786254882812,20.84685516357422,19.777786254882812,19.102537155151367
1994-07-27,3800,19.777786254882812,20.312320709228516,20.312320709228516,19.777786254882812,19.618825912475586
1994-07-26,1000,18.708717346191406,18.708717346191406,18.708717346191406,18.441450119018555,18.069965362548828
1994-07-25,1700,18.708717346191406,18.708717346191406,18.975984573364258,18.174182891845703,18.069965362548828
1994-07-22,6100,18.708717346191406,18.708717346191406,19.777786254882812,18.174182891845703,18.069965362548828
1994-07-21,3600,20.045053482055664,19.777786254882812,20.045053482055664,18.975984573364258,19.102537155151367
1994-07-20,2800,20.045053482055664,20.045053482055664,20.312320709228516,18.975984573364258,19.360679626464844
1994-07-19,3400,20.579587936401367,19.51051902770996,20.579587936401367,18.708717346191406,18.844392776489258
1994-07-18,3600,19.24325180053711,20.579587936401367,20.579587936401367,19.24325180053711,19.876962661743164
1994-07-15,4300,19.24325180053711,18.708717346191406,19.777786254882812,18.174182891845703,18.069965362548828
1994-07-14,8700,19.24325180053711,19.777786254882812,20.312320709228516,18.975984573364258,19.102537155151367
1994-07-13,3400,17.105112075805664,19.24325180053711,19.24325180053711,17.105112075805664,18.58624839782715
1994-07-12,3300,16.036043167114258,17.105112075805664,17.105112075805664,16.036043167114258,16.52111053466797
1994-07-11,4100,15.501507759094238,15.501507759094238,16.036043167114258,15.501507759094238,14.972258567810059
1994-07-08,3800,14.966973304748535,14.966973304748535,16.036043167114258,14.966973304748535,14.455975532531738
1994-07-07,600,14.966973304748535,14.966973304748535,14.966973304748535,14.432438850402832,14.455975532531738
1994-07-06,4600,15.501507759094238,14.432438850402832,16.036043167114258,13.36336898803711,13.939689636230469
1994-07-05,1900,14.432438850402832,14.966973304748535,16.036043167114258,14.432438850402832,14.455975532531738
1994-07-01,11500,16.036043167114258,13.897903442382812,16.036043167114258,12.828834533691406,13.4234037399292
1994-06-30,36300,11.759764671325684,16.57057762145996,16.57057762145996,11.759764671325684,16.004825592041016
1994-06-29,1000,12.027031898498535,12.294299125671387,12.294299125671387,11.759764671325684,11.874551773071289
1994-06-28,800,12.294299125671387,12.027031898498535,12.294299125671387,11.492497444152832,11.616405487060547
1994-06-27,1100,12.294299125671387,12.294299125671387,12.294299125671387,11.759764671325684,11.874551773071289
1994-06-24,2100,12.294299125671387,11.759764671325684,12.294299125671387,11.759764671325684,11.35826301574707
1994-06-23,1200,12.294299125671387,12.294299125671387,12.294299125671387,12.027031898498535,11.874551773071289
1994-06-22,500,12.294299125671387,11.759764671325684,12.294299125671387,11.759764671325684,11.35826301574707
1994-06-21,1300,12.561567306518555,12.294299125671387,12.561567306518555,12.294299125671387,11.874551773071289
1994-06-20,1200,12.561567306518555,12.561567306518555,12.561567306518555,12.294299125671387,12.132692337036133
1994-06-17,2800,12.294299125671387,12.561567306518555,12.561567306518555,11.759764671325684,12.132692337036133
1994-06-16,800,12.561567306518555,12.561567306518555,12.561567306518555,12.027031898498535,12.132692337036133
1994-06-15,4700,12.294299125671387,12.561567306518555,12.561567306518555,12.294299125671387,12.132692337036133
1994-06-14,3400,12.294299125671387,11.759764671325684,12.561567306518555,11.22523021697998,11.35826301574707
1994-06-13,1800,12.027031898498535,12.561567306518555,12.561567306518555,11.759764671325684,12.132692337036133
1994-06-10,1200,12.828834533691406,12.294299125671387,12.828834533691406,11.759764671325684,11.874551773071289
1994-06-09,1600,12.561567306518555,12.294299125671387,12.561567306518555,11.492497444152832,11.874551773071289
1994-06-08,1500,12.294299125671387,12.561567306518555,12.561567306518555,12.027031898498535,12.132692337036133
1994-06-07,2800,12.828834533691406,12.828834533691406,12.828834533691406,11.759764671325684,12.390837669372559
1994-06-06,2400,12.828834533691406,12.828834533691406,12.828834533691406,12.027031898498535,12.390837669372559
1994-06-03,400,13.36336898803711,12.828834533691406,13.36336898803711,12.828834533691406,12.373605728149414
1994-06-02,1800,12.828834533691406,12.828834533691406,12.828834533691406,12.828834533691406,12.373605728149414
1994-06-01,600,12.828834533691406,12.828834533691406,13.36336898803711,12.828834533691406,12.373605728149414
1994-05-31,2100,12.828834533691406,12.828834533691406,12.828834533691406,12.294299125671387,12.373605728149414
1994-05-27,2100,13.36336898803711,12.828834533691406,13.36336898803711,12.294299125671387,12.373605728149414
1994-05-26,300,12.828834533691406,12.294299125671387,12.828834533691406,12.294299125671387,11.858039855957031
1994-05-25,1300,13.897903442382812,12.828834533691406,13.897903442382812,12.828834533691406,12.373605728149414
1994-05-24,800,13.36336898803711,13.897903442382812,13.897903442382812,13.36336898803711,13.404736518859863
1994-05-23,1000,13.897903442382812,12.294299125671387,13.897903442382812,12.294299125671387,11.858039855957031
1994-05-20,1300,13.36336898803711,13.36336898803711,13.897903442382812,13.36336898803711,12.889169692993164
1994-05-19,4000,12.561567306518555,13.36336898803711,13.630636215209961,12.027031898498535,12.889169692993164
1994-05-18,1000,12.561567306518555,12.561567306518555,12.561567306518555,11.759764671325684,12.115821838378906
1994-05-17,1700,12.561567306518555,12.294299125671387,12.561567306518555,11.759764671325684,11.858039855957031
1994-05-16,6200,12.828834533691406,12.561567306518555,12.828834533691406,11.759764671325684,12.115821838378906
1994-05-13,1100,13.36336898803711,12.828834533691406,13.36336898803711,12.828834533691406,12.373605728149414
1994-05-12,700,13.36336898803711,13.096101760864258,13.36336898803711,13.096101760864258,12.631387710571289
1994-05-11,500,13.36336898803711,13.36336898803711,13.36336898803711,13.36336898803711,12.889169692993164
1994-05-10,500,13.36336898803711,13.36336898803711,13.36336898803711,13.36336898803711,12.889169692993164
1994-05-09,1600,13.897903442382812,13.36336898803711,13.897903442382812,12.828834533691406,12.889169692993164
1994-05-06,600,13.897903442382812,13.36336898803711,13.897903442382812,13.36336898803711,12.889169692993164
1994-05-05,500,13.36336898803711,13.897903442382812,13.897903442382812,13.36336898803711,13.404736518859863
1994-05-04,700,13.897903442382812,13.36336898803711,13.897903442382812,13.36336898803711,12.889169692993164
1994-05-03,300,13.36336898803711,13.36336898803711,13.897903442382812,13.36336898803711,12.889169692993164
1994-05-02,1000,13.36336898803711,12.828834533691406,13.897903442382812,12.828834533691406,12.373605728149414
1994-04-29,1700,13.897903442382812,13.897903442382812,13.897903442382812,13.096101760864258,13.404736518859863
1994-04-28,0,13.897903442382812,13.897903442382812,13.897903442382812,13.897903442382812,13.404736518859863
1994-04-26,700,13.897903442382812,13.897903442382812,13.897903442382812,13.36336898803711,13.404736518859863
1994-04-25,1400,13.897903442382812,13.897903442382812,13.897903442382812,13.36336898803711,13.404736518859863
1994-04-22,800,13.096101760864258,13.897903442382812,13.897903442382812,12.828834533691406,13.404736518859863
1994-04-21,600,13.36336898803711,13.096101760864258,13.36336898803711,13.096101760864258,12.631387710571289
1994-04-20,1400,13.897903442382812,13.36336898803711,13.897903442382812,13.36336898803711,12.889169692993164
1994-04-19,200,13.897903442382812,13.897903442382812,13.897903442382812,13.36336898803711,13.404736518859863
1994-04-18,300,13.897903442382812,13.897903442382812,13.897903442382812,13.36336898803711,13.404736518859863
1994-04-15,4500,13.897903442382812,13.630636215209961,14.966973304748535,13.630636215209961,13.146954536437988
1994-04-14,1000,12.828834533691406,12.828834533691406,13.36336898803711,12.828834533691406,12.373605728149414
1994-04-13,2200,14.432438850402832,12.294299125671387,14.432438850402832,12.294299125671387,11.858039855957031
1994-04-12,800,13.897903442382812,13.897903442382812,14.16517162322998,13.630636215209961,13.404736518859863
1994-04-11,3400,13.36336898803711,14.16517162322998,14.432438850402832,12.828834533691406,13.662517547607422
1994-04-08,1600,13.36336898803711,12.828834533691406,13.36336898803711,12.828834533691406,12.373605728149414
1994-04-07,2200,14.432438850402832,13.36336898803711,14.432438850402832,13.36336898803711,12.889169692993164
1994-04-06,300,14.432438850402832,14.432438850402832,14.432438850402832,14.432438850402832,13.920304298400879
1994-04-05,7400,15.234240531921387,14.432438850402832,15.234240531921387,12.828834533691406,13.920304298400879
1994-04-04,400,15.768775939941406,15.234240531921387,15.768775939941406,14.966973304748535,14.693655014038086
1994-03-31,1800,13.897903442382812,15.501507759094238,15.501507759094238,13.897903442382812,14.951437950134277
1994-03-30,2900,15.234240531921387,13.897903442382812,15.501507759094238,13.897903442382812,13.404736518859863
1994-03-29,2400,16.036043167114258,15.234240531921387,16.30331039428711,14.966973304748535,14.693655014038086
1994-03-28,100,16.57057762145996,16.57057762145996,16.57057762145996,16.57057762145996,15.982571601867676
1994-03-25,1000,16.30331039428711,16.57057762145996,16.57057762145996,16.036043167114258,15.982571601867676
1994-03-24,2400,16.57057762145996,16.30331039428711,16.57057762145996,14.966973304748535,15.7247896194458
1994-03-23,2000,16.036043167114258,16.57057762145996,16.57057762145996,16.036043167114258,15.982571601867676
1994-03-22,4000,16.036043167114258,15.501507759094238,16.036043167114258,14.966973304748535,14.951437950134277
1994-03-21,2100,14.966973304748535,16.57057762145996,16.57057762145996,14.966973304748535,15.982571601867676
1994-03-18,3000,15.501507759094238,14.432438850402832,15.501507759094238,14.432438850402832,13.920304298400879
1994-03-17,8100,12.294299125671387,15.501507759094238,15.501507759094238,12.294299125671387,14.951437950134277
1994-03-16,8900,15.768775939941406,12.294299125671387,15.768775939941406,12.294299125671387,11.858039855957031
1994-03-15,2500,17.105112075805664,15.768775939941406,17.105112075805664,14.432438850402832,15.209221839904785
1994-03-14,2000,18.174182891845703,16.57057762145996,18.174182891845703,16.036043167114258,15.982571601867676
1994-03-11,1000,18.708717346191406,17.639646530151367,18.708717346191406,17.639646530151367,17.013704299926758
1994-03-10,600,18.708717346191406,18.708717346191406,18.708717346191406,18.708717346191406,18.044837951660156
1994-03-09,700,18.708717346191406,18.708717346191406,18.708717346191406,18.708717346191406,18.044837951660156
1994-03-08,1300,19.24325180053711,18.708717346191406,19.24325180053711,18.174182891845703,18.044837951660156
1994-03-07,1400,19.24325180053711,19.24325180053711,19.24325180053711,17.639646530151367,18.560401916503906
1994-03-04,700,18.174182891845703,18.174182891845703,18.174182891845703,18.174182891845703,17.529272079467773
1994-03-03,700,19.24325180053711,19.24325180053711,19.24325180053711,19.24325180053711,18.560401916503906
1994-03-02,2900,18.174182891845703,18.708717346191406,19.24325180053711,17.105112075805664,18.044837951660156
1994-03-01,1500,19.777786254882812,19.777786254882812,20.045053482055664,18.708717346191406,19.075969696044922
1994-02-28,1500,19.777786254882812,19.777786254882812,19.777786254882812,18.174182891845703,19.075969696044922
1994-02-25,1300,19.24325180053711,19.24325180053711,19.24325180053711,19.24325180053711,18.560401916503906
1994-02-24,2000,20.045053482055664,19.777786254882812,20.045053482055664,19.24325180053711,19.075969696044922
1994-02-23,700,20.045053482055664,19.777786254882812,20.045053482055664,19.777786254882812,19.075969696044922
1994-02-22,700,20.312320709228516,20.045053482055664,20.312320709228516,20.045053482055664,19.333755493164062
1994-02-18,400,19.777786254882812,20.312320709228516,20.312320709228516,19.777786254882812,19.591537475585938
1994-02-17,1700,20.312320709228516,19.777786254882812,20.312320709228516,18.708717346191406,19.075969696044922
1994-02-16,200,19.777786254882812,19.24325180053711,19.777786254882812,19.24325180053711,18.560401916503906
1994-02-15,1900,18.708717346191406,19.24325180053711,19.24325180053711,18.174182891845703,18.560401916503906
1994-02-14,600,19.777786254882812,18.708717346191406,19.777786254882812,18.708717346191406,18.044837951660156
1994-02-11,300,19.24325180053711,19.24325180053711,19.24325180053711,19.24325180053711,18.560401916503906
1994-02-10,200,19.777786254882812,19.777786254882812,20.312320709228516,19.777786254882812,19.075969696044922
1994-02-09,2800,20.312320709228516,19.24325180053711,20.84685516357422,18.708717346191406,18.560401916503906
1994-02-08,300,20.312320709228516,20.84685516357422,20.84685516357422,20.312320709228516,20.107107162475586
1994-02-07,800,20.312320709228516,19.24325180053711,20.312320709228516,19.24325180053711,18.560401916503906
1994-02-04,2100,20.84685516357422,20.312320709228516,20.84685516357422,19.24325180053711,19.591537475585938
1994-02-03,1700,20.84685516357422,20.312320709228516,21.11412239074707,20.312320709228516,19.591537475585938
1994-02-02,2900,20.84685516357422,20.312320709228516,20.84685516357422,19.24325180053711,19.591537475585938
1994-02-01,800,20.84685516357422,20.312320709228516,20.84685516357422,19.777786254882812,19.591537475585938
1994-01-31,2800,19.777786254882812,20.312320709228516,20.312320709228516,19.24325180053711,19.591537475585938
1994-01-28,900,19.777786254882812,19.777786254882812,19.777786254882812,19.51051902770996,19.075969696044922
1994-01-27,2600,21.11412239074707,20.312320709228516,21.11412239074707,20.045053482055664,19.591537475585938
1994-01-26,200,21.11412239074707,21.11412239074707,21.11412239074707,21.11412239074707,20.364887237548828
1994-01-25,300,21.381389617919922,20.579587936401367,21.381389617919922,20.579587936401367,19.849323272705078
1994-01-24,300,21.381389617919922,20.84685516357422,21.381389617919922,20.84685516357422,20.107107162475586
1994-01-21,6500,21.11412239074707,21.381389617919922,22.45046043395996,20.84685516357422,20.622669219970703
1994-01-20,5300,19.24325180053711,20.84685516357422,20.84685516357422,19.24325180053711,20.107107162475586
1994-01-19,200,19.24325180053711,19.777786254882812,20.045053482055664,19.24325180053711,19.075969696044922
1994-01-18,0,20.312320709228516,19.777786254882812,20.312320709228516,19.777786254882812,19.075969696044922
1994-01-17,700,20.312320709228516,20.312320709228516,20.312320709228516,19.777786254882812,19.591537475585938
1994-01-14,400,20.312320709228516,20.312320709228516,20.312320709228516,19.777786254882812,19.591537475585938
1994-01-13,1200,21.11412239074707,20.312320709228516,21.11412239074707,20.312320709228516,19.591537475585938
1994-01-12,4300,20.045053482055664,20.84685516357422,20.84685516357422,19.777786254882812,20.107107162475586
1994-01-11,200,20.579587936401367,20.579587936401367,20.579587936401367,20.579587936401367,19.849323272705078
1994-01-10,1400,20.312320709228516,20.312320709228516,20.312320709228516,19.24325180053711,19.591537475585938
1994-01-07,100,20.84685516357422,20.312320709228516,20.84685516357422,20.312320709228516,19.591537475585938
1994-01-06,200,20.312320709228516,20.84685516357422,20.84685516357422,19.777786254882812,20.107107162475586
1994-01-05,500,20.84685516357422,19.777786254882812,20.84685516357422,19.777786254882812,19.075969696044922
1994-01-04,2300,20.312320709228516,20.84685516357422,21.381389617919922,19.777786254882812,20.107107162475586
1994-01-03,3800,21.11412239074707,21.381389617919922,21.381389617919922,19.777786254882812,20.622669219970703
1993-12-31,2400,19.24325180053711,20.84685516357422,20.84685516357422,17.639646530151367,20.107107162475586
1993-12-30,1900,19.777786254882812,19.24325180053711,19.777786254882812,18.708717346191406,18.560401916503906
1993-12-29,1300,20.312320709228516,20.312320709228516,20.312320709228516,19.24325180053711,19.591537475585938
1993-12-28,1500,19.777786254882812,20.84685516357422,20.84685516357422,19.777786254882812,20.107107162475586
1993-12-27,0,20.84685516357422,20.312320709228516,20.84685516357422,20.312320709228516,19.591537475585938
1993-12-23,3600,21.381389617919922,21.381389617919922,21.381389617919922,20.84685516357422,20.622669219970703
1993-12-22,900,20.312320709228516,21.381389617919922,21.381389617919922,20.312320709228516,20.622669219970703
1993-12-21,400,20.312320709228516,19.777786254882812,20.312320709228516,19.777786254882812,19.075969696044922
1993-12-20,600,19.777786254882812,19.777786254882812,20.312320709228516,19.777786254882812,19.075969696044922
1993-12-17,1300,20.312320709228516,19.777786254882812,20.84685516357422,19.777786254882812,19.075969696044922
1993-12-16,500,19.777786254882812,20.84685516357422,20.84685516357422,19.777786254882812,20.107107162475586
1993-12-15,900,20.312320709228516,20.312320709228516,21.381389617919922,20.312320709228516,19.591537475585938
1993-12-14,1200,21.381389617919922,21.381389617919922,21.381389617919922,21.381389617919922,20.622669219970703
1993-12-13,100,20.312320709228516,20.312320709228516,20.312320709228516,20.312320709228516,19.591537475585938
1993-12-10,1000,20.312320709228516,20.312320709228516,20.312320709228516,19.777786254882812,19.591537475585938
1993-12-09,400,20.312320709228516,21.381389617919922,21.381389617919922,20.312320709228516,20.622669219970703
1993-12-08,1000,20.312320709228516,20.312320709228516,21.381389617919922,20.312320709228516,19.591537475585938
1993-12-07,2200,20.312320709228516,20.84685516357422,20.84685516357422,19.777786254882812,20.107107162475586
1993-12-06,900,19.777786254882812,20.312320709228516,20.312320709228516,19.777786254882812,19.591537475585938
1993-12-03,600,21.381389617919922,20.312320709228516,21.381389617919922,20.312320709228516,19.591537475585938
1993-12-02,2700,20.84685516357422,20.312320709228516,20.84685516357422,20.312320709228516,19.591537475585938
1993-12-01,1000,20.84685516357422,20.84685516357422,20.84685516357422,20.84685516357422,20.107107162475586
1993-11-30,900,21.381389617919922,21.381389617919922,21.381389617919922,20.84685516357422,20.622669219970703
1993-11-29,1900,20.84685516357422,21.381389617919922,21.915925979614258,20.84685516357422,20.622669219970703
1993-11-26,200,21.915925979614258,21.915925979614258,21.915925979614258,21.915925979614258,21.138233184814453
1993-11-24,200,21.915925979614258,21.381389617919922,21.915925979614258,21.381389617919922,20.622669219970703
1993-11-23,1000,21.381389617919922,21.915925979614258,21.915925979614258,21.381389617919922,21.138233184814453
1993-11-22,4000,21.915925979614258,21.381389617919922,21.915925979614258,21.381389617919922,20.622669219970703
1993-11-19,1600,21.915925979614258,21.915925979614258,21.915925979614258,21.915925979614258,21.138233184814453
1993-11-18,5800,22.45046043395996,22.45046043395996,22.45046043395996,21.915925979614258,21.653806686401367
1993-11-17,5500,21.915925979614258,22.45046043395996,22.45046043395996,21.915925979614258,21.653806686401367
1993-11-16,15000,20.312320709228516,21.915925979614258,21.915925979614258,20.312320709228516,21.138233184814453
1993-11-15,1800,20.84685516357422,20.84685516357422,21.11412239074707,19.24325180053711,20.107107162475586
1993-11-12,2200,20.84685516357422,20.312320709228516,21.381389617919922,19.777786254882812,19.591537475585938
1993-11-11,0,21.381389617919922,21.381389617919922,21.381389617919922,21.381389617919922,20.622669219970703
1993-11-10,2300,21.381389617919922,21.915925979614258,21.915925979614258,20.84685516357422,21.138233184814453
1993-11-09,800,21.381389617919922,21.381389617919922,21.381389617919922,20.312320709228516,20.622669219970703
1993-11-08,500,20.312320709228516,20.84685516357422,20.84685516357422,19.777786254882812,20.107107162475586
1993-11-05,0,20.312320709228516,20.312320709228516,20.312320709228516,20.312320709228516,19.591537475585938
1993-11-04,300,21.381389617919922,20.312320709228516,21.915925979614258,20.312320709228516,19.591537475585938
1993-11-03,800,21.381389617919922,20.84685516357422,21.915925979614258,20.84685516357422,20.107107162475586
1993-11-02,1600,20.312320709228516,21.381389617919922,21.381389617919922,20.312320709228516,20.622669219970703
1993-11-01,600,21.381389617919922,20.312320709228516,21.381389617919922,20.312320709228516,19.591537475585938
1993-10-29,1000,20.579587936401367,21.11412239074707,21.11412239074707,20.579587936401367,20.364887237548828
1993-10-28,500,21.11412239074707,21.11412239074707,21.11412239074707,20.579587936401367,20.364887237548828
1993-10-27,1800,21.381389617919922,21.11412239074707,21.381389617919922,19.24325180053711,20.364887237548828
1993-10-26,2300,20.84685516357422,21.381389617919922,21.381389617919922,20.579587936401367,20.622669219970703
1993-10-25,900,20.312320709228516,20.312320709228516,20.312320709228516,19.777786254882812,19.591537475585938
1993-10-22,400,20.312320709228516,20.579587936401367,21.11412239074707,20.312320709228516,19.849323272705078
1993-10-21,600,21.11412239074707,20.579587936401367,21.11412239074707,20.579587936401367,19.849323272705078
1993-10-20,500,21.11412239074707,21.11412239074707,21.11412239074707,20.579587936401367,20.364887237548828
1993-10-19,900,20.312320709228516,20.579587936401367,20.579587936401367,20.045053482055664,19.849323272705078
1993-10-18,3100,20.312320709228516,19.24325180053711,20.312320709228516,18.174182891845703,18.560401916503906
1993-10-15,800,20.312320709228516,19.777786254882812,20.312320709228516,19.777786254882812,19.075969696044922
1993-10-14,700,20.579587936401367,20.312320709228516,20.84685516357422,20.312320709228516,19.591537475585938
1993-10-13,1000,20.84685516357422,20.579587936401367,21.11412239074707,20.579587936401367,19.849323272705078
1993-10-12,300,21.11412239074707,21.11412239074707,21.11412239074707,21.11412239074707,20.364887237548828
1993-10-11,1800,21.11412239074707,21.11412239074707,21.381389617919922,20.84685516357422,20.364887237548828
1993-10-08,1400,19.24325180053711,20.84685516357422,20.84685516357422,18.174182891845703,20.107107162475586
1993-10-07,500,18.708717346191406,18.708717346191406,19.777786254882812,18.174182891845703,18.044837951660156
1993-10-06,4300,17.639646530151367,18.708717346191406,19.24325180053711,17.105112075805664,18.044837951660156
1993-10-05,2800,19.777786254882812,17.639646530151367,19.777786254882812,17.639646530151367,17.013704299926758
1993-10-04,1200,20.312320709228516,20.312320709228516,20.312320709228516,19.24325180053711,19.591537475585938
1993-10-01,1500,20.312320709228516,19.777786254882812,20.84685516357422,19.777786254882812,19.075969696044922
1993-09-30,900,20.84685516357422,20.84685516357422,20.84685516357422,20.312320709228516,20.107107162475586
1993-09-29,800,20.84685516357422,20.312320709228516,20.84685516357422,20.312320709228516,19.591537475585938
1993-09-28,1000,21.381389617919922,20.312320709228516,21.381389617919922,20.312320709228516,19.591537475585938
1993-09-27,900,21.381389617919922,21.381389617919922,21.381389617919922,20.84685516357422,20.622669219970703
1993-09-24,800,21.381389617919922,21.381389617919922,21.381389617919922,21.381389617919922,20.622669219970703
1993-09-23,300,21.11412239074707,21.381389617919922,21.381389617919922,21.11412239074707,20.622669219970703
1993-09-22,1200,21.381389617919922,20.84685516357422,21.381389617919922,20.84685516357422,20.107107162475586
1993-09-21,2200,21.915925979614258,21.381389617919922,22.45046043395996,21.381389617919922,20.622669219970703
1993-09-20,700,22.45046043395996,22.984994888305664,22.984994888305664,22.45046043395996,22.16937828063965
1993-09-17,500,21.381389617919922,21.381389617919922,21.381389617919922,21.11412239074707,20.622669219970703
1993-09-16,1200,22.45046043395996,21.381389617919922,22.45046043395996,21.381389617919922,20.622669219970703
1993-09-15,1400,20.312320709228516,22.45046043395996,22.45046043395996,20.312320709228516,21.653806686401367
1993-09-14,1000,21.381389617919922,20.312320709228516,21.381389617919922,20.312320709228516,19.591537475585938
1993-09-13,200,21.381389617919922,21.381389617919922,21.381389617919922,21.381389617919922,20.622669219970703
1993-09-10,100,21.381389617919922,21.11412239074707,21.381389617919922,21.11412239074707,20.364887237548828
1993-09-09,900,21.381389617919922,21.381389617919922,21.915925979614258,21.381389617919922,20.622669219970703
1993-09-08,5600,21.381389617919922,21.381389617919922,21.915925979614258,21.381389617919922,20.622669219970703
1993-09-07,3200,20.84685516357422,21.915925979614258,21.915925979614258,20.84685516357422,21.138233184814453
1993-09-03,2100,21.381389617919922,21.381389617919922,21.381389617919922,20.84685516357422,20.622669219970703
1993-09-02,3100,21.915925979614258,21.381389617919922,21.915925979614258,20.84685516357422,20.622669219970703
1993-09-01,700,21.915925979614258,21.381389617919922,21.915925979614258,21.381389617919922,20.622669219970703
1993-08-31,200,21.381389617919922,21.381389617919922,21.915925979614258,21.381389617919922,20.622669219970703
1993-08-30,1000,22.45046043395996,21.915925979614258,22.45046043395996,21.381389617919922,21.138233184814453
1993-08-27,600,21.381389617919922,22.45046043395996,22.45046043395996,21.381389617919922,21.653806686401367
1993-08-26,2800,21.381389617919922,22.45046043395996,22.45046043395996,21.381389617919922,21.653806686401367
1993-08-25,1500,20.84685516357422,22.45046043395996,22.45046043395996,20.84685516357422,21.653806686401367
1993-08-24,800,21.381389617919922,21.11412239074707,21.381389617919922,21.11412239074707,20.364887237548828
1993-08-23,800,21.381389617919922,21.381389617919922,21.915925979614258,21.381389617919922,20.622669219970703
1993-08-20,1700,21.381389617919922,21.381389617919922,22.45046043395996,21.381389617919922,20.622669219970703
1993-08-19,1900,21.11412239074707,21.11412239074707,21.11412239074707,20.579587936401367,20.364887237548828
1993-08-18,4100,21.915925979614258,21.11412239074707,21.915925979614258,20.312320709228516,20.364887237548828
1993-08-17,3700,21.915925979614258,21.381389617919922,21.915925979614258,21.381389617919922,20.622669219970703
1993-08-16,300,22.45046043395996,22.45046043395996,22.45046043395996,21.915925979614258,21.653806686401367
1993-08-13,1200,22.984994888305664,22.984994888305664,22.984994888305664,22.45046043395996,22.16937828063965
1993-08-12,1900,24.05406379699707,22.984994888305664,24.05406379699707,22.984994888305664,22.16937828063965
1993-08-11,300,23.519529342651367,23.519529342651367,23.519529342651367,22.984994888305664,22.6849365234375
1993-08-10,1100,23.519529342651367,22.984994888305664,24.05406379699707,22.984994888305664,22.16937828063965
1993-08-09,1700,24.05406379699707,24.05406379699707,24.05406379699707,23.519529342651367,23.200510025024414
1993-08-06,300,22.984994888305664,23.519529342651367,23.519529342651367,22.45046043395996,22.6849365234375
1993-08-05,1500,25.12313461303711,23.519529342651367,25.12313461303711,22.984994888305664,22.6849365234375
1993-08-04,1900,21.915925979614258,24.588598251342773,24.588598251342773,21.915925979614258,23.716079711914062
1993-08-03,2200,23.519529342651367,21.381389617919922,23.519529342651367,21.381389617919922,20.622669219970703
1993-08-02,1400,24.05406379699707,22.984994888305664,25.12313461303711,22.984994888305664,22.16937828063965
1993-07-30,1500,24.588598251342773,25.12313461303711,25.12313461303711,24.588598251342773,24.231643676757812
1993-07-29,4000,21.915925979614258,23.519529342651367,25.12313461303711,21.915925979614258,22.6849365234375
1993-07-28,800,20.84685516357422,21.915925979614258,21.915925979614258,20.84685516357422,21.138233184814453
1993-07-27,3000,21.381389617919922,20.84685516357422,21.915925979614258,20.312320709228516,20.107107162475586
1993-07-26,2100,22.45046043395996,21.915925979614258,22.984994888305664,21.915925979614258,21.138233184814453
1993-07-23,1000,24.05406379699707,23.519529342651367,24.05406379699707,22.984994888305664,22.6849365234375
1993-07-22,2000,24.588598251342773,23.519529342651367,24.588598251342773,22.984994888305664,22.6849365234375
1993-07-21,1800,24.588598251342773,24.05406379699707,25.12313461303711,24.05406379699707,23.200510025024414
1993-07-20,900,25.12313461303711,25.12313461303711,25.12313461303711,24.588598251342773,24.231643676757812
1993-07-19,700,25.12313461303711,25.12313461303711,25.12313461303711,24.588598251342773,24.231643676757812
1993-07-16,1300,25.12313461303711,25.12313461303711,25.12313461303711,24.05406379699707,24.231643676757812
1993-07-15,1200,25.12313461303711,25.12313461303711,25.12313461303711,24.05406379699707,24.231643676757812
1993-07-14,2000,25.12313461303711,25.12313461303711,25.12313461303711,24.588598251342773,24.231643676757812
1993-07-13,1200,25.12313461303711,25.12313461303711,25.12313461303711,24.588598251342773,24.231643676757812
1993-07-12,1100,25.12313461303711,25.12313461303711,25.12313461303711,24.588598251342773,24.231643676757812
1993-07-09,1600,25.12313461303711,24.588598251342773,25.12313461303711,24.588598251342773,23.716079711914062
1993-07-08,1600,24.05406379699707,25.12313461303711,25.12313461303711,24.05406379699707,24.231643676757812
1993-07-07,1000,24.588598251342773,25.12313461303711,25.12313461303711,24.588598251342773,24.231643676757812
1993-07-06,1500,24.05406379699707,24.05406379699707,25.12313461303711,23.519529342651367,23.200510025024414
1993-07-02,900,25.12313461303711,25.12313461303711,25.657669067382812,24.588598251342773,24.231643676757812
1993-07-01,2000,24.588598251342773,25.12313461303711,25.12313461303711,24.588598251342773,24.231643676757812
1993-06-30,1500,24.05406379699707,24.05406379699707,24.588598251342773,23.519529342651367,23.200510025024414
1993-06-29,400,23.519529342651367,22.984994888305664,24.05406379699707,22.984994888305664,22.16937828063965
1993-06-28,2100,23.519529342651367,22.984994888305664,24.588598251342773,22.45046043395996,22.16937828063965
1993-06-25,300,24.588598251342773,23.519529342651367,24.588598251342773,23.519529342651367,22.6849365234375
1993-06-24,800,25.12313461303711,24.588598251342773,25.12313461303711,24.588598251342773,23.716079711914062
1993-06-23,700,25.657669067382812,25.12313461303711,25.657669067382812,24.588598251342773,24.231643676757812
1993-06-22,1400,25.12313461303711,25.12313461303711,25.657669067382812,25.12313461303711,24.231643676757812
1993-06-21,2000,25.657669067382812,25.657669067382812,25.657669067382812,25.12313461303711,24.747211456298828
1993-06-18,1000,25.657669067382812,25.12313461303711,25.657669067382812,25.12313461303711,24.231643676757812
1993-06-17,1800,25.657669067382812,25.657669067382812,25.657669067382812,25.657669067382812,24.747211456298828
1993-06-16,3400,27.795806884765625,25.657669067382812,27.795806884765625,23.519529342651367,24.747211456298828
1993-06-15,10900,28.33034324645996,26.72673797607422,29.399412155151367,26.72673797607422,25.778339385986328
1993-06-14,5700,26.192203521728516,28.33034324645996,28.33034324645996,26.192203521728516,27.325035095214844
1993-06-11,3600,26.192203521728516,25.657669067382812,26.192203521728516,25.657669067382812,24.747211456298828
1993-06-10,10200,24.05406379699707,25.657669067382812,26.192203521728516,23.519529342651367,24.747211456298828
1993-06-09,4200,21.381389617919922,24.05406379699707,24.05406379699707,21.381389617919922,23.200510025024414
1993-06-08,2100,21.381389617919922,21.381389617919922,22.45046043395996,20.84685516357422,20.622669219970703
1993-06-07,2700,21.11412239074707,20.84685516357422,21.381389617919922,20.84685516357422,20.107107162475586
1993-06-04,4300,20.84685516357422,21.11412239074707,21.381389617919922,20.312320709228516,20.364887237548828
1993-06-03,2200,21.915925979614258,20.84685516357422,21.915925979614258,20.84685516357422,20.107107162475586
1993-06-02,1400,22.984994888305664,22.45046043395996,22.984994888305664,21.915925979614258,21.653806686401367
1993-06-01,2300,24.05406379699707,24.05406379699707,24.05406379699707,23.519529342651367,23.200510025024414
1993-05-28,1700,24.05406379699707,24.05406379699707,24.588598251342773,23.519529342651367,23.200510025024414
1993-05-27,1500,25.12313461303711,24.05406379699707,25.657669067382812,24.05406379699707,23.200510025024414
1993-05-26,900,25.12313461303711,25.657669067382812,25.657669067382812,25.12313461303711,24.747211456298828
1993-05-25,1400,25.657669067382812,25.12313461303711,25.657669067382812,24.588598251342773,24.231643676757812
1993-05-24,1600,25.657669067382812,25.12313461303711,25.657669067382812,25.12313461303711,24.231643676757812
1993-05-21,1900,26.192203521728516,26.192203521728516,27.261272430419922,25.657669067382812,25.262775421142578
1993-05-20,1200,25.657669067382812,25.657669067382812,25.657669067382812,24.588598251342773,24.747211456298828
1993-05-19,1200,25.657669067382812,25.657669067382812,25.657669067382812,25.12313461303711,24.747211456298828
1993-05-18,800,27.261272430419922,26.192203521728516,27.261272430419922,26.192203521728516,25.262775421142578
1993-05-17,1800,26.72673797607422,27.261272430419922,27.261272430419922,26.72673797607422,26.293909072875977
1993-05-14,1800,26.192203521728516,27.795806884765625,27.795806884765625,26.192203521728516,26.809473037719727
1993-05-13,2000,26.72673797607422,27.261272430419922,27.261272430419922,26.192203521728516,26.293909072875977
1993-05-12,600,26.192203521728516,26.72673797607422,26.72673797607422,26.192203521728516,25.778339385986328
1993-05-11,700,27.795806884765625,26.72673797607422,27.795806884765625,26.72673797607422,25.778339385986328
1993-05-10,100,27.261272430419922,27.261272430419922,27.261272430419922,27.261272430419922,26.293909072875977
1993-05-07,1000,27.261272430419922,26.72673797607422,27.261272430419922,26.72673797607422,25.778339385986328
1993-05-06,400,26.192203521728516,26.72673797607422,26.72673797607422,26.192203521728516,25.778339385986328
1993-05-05,600,27.261272430419922,26.192203521728516,27.261272430419922,26.192203521728516,25.262775421142578
1993-05-04,700,27.261272430419922,26.72673797607422,27.795806884765625,26.72673797607422,25.778339385986328
1993-05-03,3200,26.72673797607422,27.795806884765625,27.795806884765625,26.192203521728516,26.809473037719727
1993-04-30,2400,27.261272430419922,26.192203521728516,27.261272430419922,25.657669067382812,25.262775421142578
1993-04-29,1600,27.795806884765625,27.795806884765625,27.795806884765625,26.72673797607422,26.809473037719727
1993-04-28,600,28.33034324645996,27.795806884765625,28.33034324645996,27.261272430419922,26.809473037719727
1993-04-27,900,28.33034324645996,28.33034324645996,28.33034324645996,27.261272430419922,27.325035095214844
1993-04-26,1000,28.33034324645996,27.261272430419922,28.33034324645996,27.261272430419922,26.293909072875977
1993-04-23,500,28.33034324645996,28.33034324645996,28.33034324645996,28.33034324645996,27.325035095214844
1993-04-22,900,28.33034324645996,27.795806884765625,28.33034324645996,27.795806884765625,26.809473037719727
1993-04-21,1500,27.795806884765625,27.795806884765625,28.33034324645996,27.795806884765625,26.809473037719727
1993-04-20,1800,27.795806884765625,27.795806884765625,27.795806884765625,26.72673797607422,26.809473037719727
1993-04-19,500,27.261272430419922,27.261272430419922,27.261272430419922,26.72673797607422,26.293909072875977
1993-04-16,4800,28.33034324645996,26.192203521728516,28.33034324645996,26.192203521728516,25.262775421142578
1993-04-15,400,28.864877700805664,28.33034324645996,28.864877700805664,28.33034324645996,27.325035095214844
1993-04-14,1200,28.864877700805664,28.33034324645996,28.864877700805664,28.33034324645996,27.325035095214844
1993-04-13,2800,28.33034324645996,29.399412155151367,29.399412155151367,28.33034324645996,28.356176376342773
1993-04-12,1500,28.864877700805664,29.399412155151367,29.399412155151367,28.864877700805664,28.356176376342773
1993-04-08,600,28.864877700805664,28.864877700805664,28.864877700805664,28.864877700805664,27.840608596801758
1993-04-07,1800,28.33034324645996,28.864877700805664,28.864877700805664,27.795806884765625,27.840608596801758
1993-04-06,300,29.399412155151367,29.399412155151367,29.399412155151367,28.864877700805664,28.356176376342773
1993-04-05,1900,28.864877700805664,29.399412155151367,29.399412155151367,28.33034324645996,28.356176376342773
1993-04-02,2200,28.864877700805664,28.864877700805664,28.864877700805664,27.795806884765625,27.840608596801758
1993-04-01,600,28.864877700805664,28.33034324645996,29.399412155151367,28.33034324645996,27.325035095214844
1993-03-31,3800,28.864877700805664,28.33034324645996,29.93394660949707,28.33034324645996,27.325035095214844
1993-03-30,500,29.399412155151367,29.399412155151367,29.93394660949707,28.864877700805664,28.356176376342773
1993-03-29,400,28.864877700805664,28.864877700805664,28.864877700805664,28.33034324645996,27.840608596801758
1993-03-26,6300,28.864877700805664,28.864877700805664,30.468481063842773,28.33034324645996,27.840608596801758
1993-03-25,700,28.864877700805664,28.864877700805664,28.864877700805664,28.33034324645996,27.840608596801758
1993-03-24,1400,28.864877700805664,28.864877700805664,28.864877700805664,27.795806884765625,27.840608596801758
1993-03-23,2300,27.795806884765625,27.795806884765625,28.864877700805664,27.261272430419922,26.809473037719727
1993-03-22,1300,27.261272430419922,28.33034324645996,28.33034324645996,27.261272430419922,27.325035095214844
1993-03-19,2600,27.795806884765625,27.261272430419922,28.33034324645996,27.261272430419922,26.293909072875977
1993-03-18,2900,28.33034324645996,28.33034324645996,28.864877700805664,27.795806884765625,27.325035095214844
1993-03-17,6100,29.399412155151367,28.33034324645996,29.399412155151367,27.795806884765625,27.325035095214844
1993-03-16,5400,30.468481063842773,29.399412155151367,30.468481063842773,29.399412155151367,28.356176376342773
1993-03-15,5700,31.003015518188477,30.468481063842773,31.537551879882812,29.93394660949707,29.387310028076172
